# Temperatura_=_-0.5234901960784323
# Concentracion g/m^3_=_1500.0
# C_Vs_to_Am_M_A/Vsm_=_65563218390.804596
# pendiente_HvsI_1/m_=_3716.3
# ordenada_HvsI_A/m_=_1297.0
# frecuencia_Hz_=_135017.7945743352
# Promedio de 1020 ciclos

Tiempo_(s)	Campo_(V.s)	Magnetizacion_(V.s)	Campo_(kA/m)	Magnetizacion_(A/m)
0.000000e+00	-5.279899e-09	-9.447781e-10	-3.842315e+01	-6.286331e+01
1.000000e-08	-5.279976e-09	-9.420570e-10	-3.842371e+01	-6.283698e+01
2.000000e-08	-5.279845e-09	-9.400460e-10	-3.842275e+01	-6.281016e+01
3.000000e-08	-5.279462e-09	-9.388069e-10	-3.841996e+01	-6.278291e+01
4.000000e-08	-5.278723e-09	-9.378862e-10	-3.841459e+01	-6.275532e+01
5.000000e-08	-5.277526e-09	-9.364572e-10	-3.840588e+01	-6.272744e+01
6.000000e-08	-5.275790e-09	-9.352904e-10	-3.839324e+01	-6.269930e+01
7.000000e-08	-5.273459e-09	-9.277270e-10	-3.837628e+01	-6.267095e+01
8.000000e-08	-5.270523e-09	-9.214938e-10	-3.835491e+01	-6.264238e+01
9.000000e-08	-5.267028e-09	-9.392723e-10	-3.832948e+01	-6.261359e+01
1.000000e-07	-5.263094e-09	-9.615224e-10	-3.830085e+01	-6.258455e+01
1.100000e-07	-5.258889e-09	-9.239464e-10	-3.827025e+01	-6.255522e+01
1.200000e-07	-5.254511e-09	-8.986653e-10	-3.823839e+01	-6.252554e+01
1.300000e-07	-5.249898e-09	-9.344039e-10	-3.820482e+01	-6.249542e+01
1.400000e-07	-5.244907e-09	-9.627711e-10	-3.816850e+01	-6.246476e+01
1.500000e-07	-5.239501e-09	-9.157001e-10	-3.812916e+01	-6.243345e+01
1.600000e-07	-5.233741e-09	-8.781607e-10	-3.808724e+01	-6.240134e+01
1.700000e-07	-5.227631e-09	-9.357234e-10	-3.804277e+01	-6.236827e+01
1.800000e-07	-5.221121e-09	-9.727973e-10	-3.799540e+01	-6.233407e+01
1.900000e-07	-5.214238e-09	-9.189547e-10	-3.794531e+01	-6.229855e+01
2.000000e-07	-5.207068e-09	-8.900932e-10	-3.789313e+01	-6.226151e+01
2.100000e-07	-5.199633e-09	-9.445643e-10	-3.783903e+01	-6.222273e+01
2.200000e-07	-5.191909e-09	-9.610350e-10	-3.778282e+01	-6.218198e+01
2.300000e-07	-5.183911e-09	-9.094549e-10	-3.772462e+01	-6.213901e+01
2.400000e-07	-5.175613e-09	-9.112616e-10	-3.766423e+01	-6.209359e+01
2.500000e-07	-5.166859e-09	-9.642821e-10	-3.760053e+01	-6.204545e+01
2.600000e-07	-5.157513e-09	-9.516469e-10	-3.753251e+01	-6.199434e+01
2.700000e-07	-5.147598e-09	-9.089353e-10	-3.746036e+01	-6.193999e+01
2.800000e-07	-5.137184e-09	-9.397204e-10	-3.738457e+01	-6.188216e+01
2.900000e-07	-5.126285e-09	-9.725773e-10	-3.730526e+01	-6.182056e+01
3.000000e-07	-5.114914e-09	-9.249023e-10	-3.722251e+01	-6.175497e+01
3.100000e-07	-5.103118e-09	-9.051114e-10	-3.713666e+01	-6.168512e+01
3.200000e-07	-5.090953e-09	-9.548961e-10	-3.704814e+01	-6.161078e+01
3.300000e-07	-5.078438e-09	-9.604828e-10	-3.695706e+01	-6.153172e+01
3.400000e-07	-5.065547e-09	-9.126526e-10	-3.686325e+01	-6.144773e+01
3.500000e-07	-5.052262e-09	-9.213932e-10	-3.676657e+01	-6.135862e+01
3.600000e-07	-5.038605e-09	-9.466904e-10	-3.666719e+01	-6.126419e+01
3.700000e-07	-5.024599e-09	-9.281838e-10	-3.656526e+01	-6.116429e+01
3.800000e-07	-5.010175e-09	-9.183113e-10	-3.646030e+01	-6.105877e+01
3.900000e-07	-4.995234e-09	-9.360138e-10	-3.635157e+01	-6.094752e+01
4.000000e-07	-4.979748e-09	-9.243854e-10	-3.623887e+01	-6.083043e+01
4.100000e-07	-4.963770e-09	-9.124728e-10	-3.612260e+01	-6.070742e+01
4.200000e-07	-4.947364e-09	-9.321235e-10	-3.600320e+01	-6.057846e+01
4.300000e-07	-4.930591e-09	-9.246990e-10	-3.588114e+01	-6.044351e+01
4.400000e-07	-4.913521e-09	-8.969743e-10	-3.575692e+01	-6.030256e+01
4.500000e-07	-4.896184e-09	-9.121671e-10	-3.563076e+01	-6.015565e+01
4.600000e-07	-4.878564e-09	-9.324615e-10	-3.550253e+01	-6.000282e+01
4.700000e-07	-4.860622e-09	-9.095817e-10	-3.537196e+01	-5.984414e+01
4.800000e-07	-4.842317e-09	-8.953823e-10	-3.523875e+01	-5.967971e+01
4.900000e-07	-4.823611e-09	-9.107972e-10	-3.510262e+01	-5.950965e+01
5.000000e-07	-4.804507e-09	-9.127069e-10	-3.496360e+01	-5.933409e+01
5.100000e-07	-4.785052e-09	-9.014025e-10	-3.482202e+01	-5.915320e+01
5.200000e-07	-4.765321e-09	-8.976841e-10	-3.467843e+01	-5.896715e+01
5.300000e-07	-4.745372e-09	-8.927693e-10	-3.453326e+01	-5.877614e+01
5.400000e-07	-4.725216e-09	-8.926365e-10	-3.438658e+01	-5.858038e+01
5.500000e-07	-4.704804e-09	-8.994107e-10	-3.423803e+01	-5.838008e+01
5.600000e-07	-4.684073e-09	-8.918921e-10	-3.408717e+01	-5.817548e+01
5.700000e-07	-4.663005e-09	-8.799996e-10	-3.393385e+01	-5.796681e+01
5.800000e-07	-4.641617e-09	-8.852012e-10	-3.377821e+01	-5.775433e+01
5.900000e-07	-4.619932e-09	-8.893847e-10	-3.362040e+01	-5.753829e+01
6.000000e-07	-4.597956e-09	-8.797652e-10	-3.346048e+01	-5.731892e+01
6.100000e-07	-4.575677e-09	-8.701967e-10	-3.329835e+01	-5.709649e+01
6.200000e-07	-4.553070e-09	-8.682333e-10	-3.313383e+01	-5.687123e+01
6.300000e-07	-4.530113e-09	-8.693147e-10	-3.296676e+01	-5.664338e+01
6.400000e-07	-4.506817e-09	-8.671163e-10	-3.279724e+01	-5.641317e+01
6.500000e-07	-4.483230e-09	-8.571501e-10	-3.262559e+01	-5.618082e+01
6.600000e-07	-4.459408e-09	-8.493327e-10	-3.245222e+01	-5.594653e+01
6.700000e-07	-4.435383e-09	-8.499180e-10	-3.227739e+01	-5.571050e+01
6.800000e-07	-4.411134e-09	-8.473445e-10	-3.210092e+01	-5.547290e+01
6.900000e-07	-4.386599e-09	-8.368065e-10	-3.192238e+01	-5.523388e+01
7.000000e-07	-4.361710e-09	-8.310534e-10	-3.174125e+01	-5.499359e+01
7.100000e-07	-4.336401e-09	-8.316538e-10	-3.155707e+01	-5.475212e+01
7.200000e-07	-4.310622e-09	-8.306380e-10	-3.136947e+01	-5.450959e+01
7.300000e-07	-4.284352e-09	-8.252359e-10	-3.117830e+01	-5.426606e+01
7.400000e-07	-4.257611e-09	-8.192287e-10	-3.098370e+01	-5.402157e+01
7.500000e-07	-4.230455e-09	-8.170965e-10	-3.078608e+01	-5.377616e+01
7.600000e-07	-4.202958e-09	-8.179077e-10	-3.058598e+01	-5.352982e+01
7.700000e-07	-4.175203e-09	-8.143276e-10	-3.038400e+01	-5.328253e+01
7.800000e-07	-4.147254e-09	-8.066678e-10	-3.018060e+01	-5.303426e+01
7.900000e-07	-4.119126e-09	-8.020872e-10	-2.997591e+01	-5.278492e+01
8.000000e-07	-4.090790e-09	-8.013916e-10	-2.976970e+01	-5.253445e+01
8.100000e-07	-4.062189e-09	-7.996434e-10	-2.956157e+01	-5.228273e+01
8.200000e-07	-4.033286e-09	-7.956841e-10	-2.935123e+01	-5.202964e+01
8.300000e-07	-4.004074e-09	-7.915905e-10	-2.913865e+01	-5.177503e+01
8.400000e-07	-3.974569e-09	-7.879624e-10	-2.892393e+01	-5.151876e+01
8.500000e-07	-3.944800e-09	-7.832786e-10	-2.870729e+01	-5.126064e+01
8.600000e-07	-3.914800e-09	-7.756424e-10	-2.848898e+01	-5.100051e+01
8.700000e-07	-3.884580e-09	-7.678400e-10	-2.826906e+01	-5.073817e+01
8.800000e-07	-3.854122e-09	-7.639366e-10	-2.804741e+01	-5.047343e+01
8.900000e-07	-3.823388e-09	-7.620824e-10	-2.782375e+01	-5.020608e+01
9.000000e-07	-3.792367e-09	-7.583469e-10	-2.759800e+01	-4.993591e+01
9.100000e-07	-3.761081e-09	-7.533264e-10	-2.737033e+01	-4.966273e+01
9.200000e-07	-3.729565e-09	-7.490864e-10	-2.714098e+01	-4.938633e+01
9.300000e-07	-3.697851e-09	-7.459163e-10	-2.691019e+01	-4.910650e+01
9.400000e-07	-3.665961e-09	-7.416719e-10	-2.667811e+01	-4.882305e+01
9.500000e-07	-3.633906e-09	-7.360186e-10	-2.644484e+01	-4.853580e+01
9.600000e-07	-3.601673e-09	-7.312521e-10	-2.621027e+01	-4.824457e+01
9.700000e-07	-3.569213e-09	-7.280349e-10	-2.597406e+01	-4.794918e+01
9.800000e-07	-3.536470e-09	-7.227630e-10	-2.573578e+01	-4.764948e+01
9.900000e-07	-3.503401e-09	-7.164840e-10	-2.549513e+01	-4.734534e+01
1.000000e-06	-3.469982e-09	-7.119781e-10	-2.525193e+01	-4.703662e+01
1.010000e-06	-3.436187e-09	-7.083878e-10	-2.500599e+01	-4.672322e+01
1.020000e-06	-3.401992e-09	-7.021634e-10	-2.475715e+01	-4.640503e+01
1.030000e-06	-3.367400e-09	-6.939152e-10	-2.450542e+01	-4.608197e+01
1.040000e-06	-3.332440e-09	-6.877395e-10	-2.425100e+01	-4.575400e+01
1.050000e-06	-3.297159e-09	-6.854165e-10	-2.399426e+01	-4.542105e+01
1.060000e-06	-3.261616e-09	-6.832936e-10	-2.373560e+01	-4.508310e+01
1.070000e-06	-3.225870e-09	-6.776654e-10	-2.347547e+01	-4.474014e+01
1.080000e-06	-3.189969e-09	-6.714911e-10	-2.321420e+01	-4.439217e+01
1.090000e-06	-3.153937e-09	-6.679834e-10	-2.295199e+01	-4.403919e+01
1.100000e-06	-3.117775e-09	-6.649114e-10	-2.268883e+01	-4.368125e+01
1.110000e-06	-3.081466e-09	-6.595931e-10	-2.242460e+01	-4.331837e+01
1.120000e-06	-3.044984e-09	-6.527232e-10	-2.215911e+01	-4.295061e+01
1.130000e-06	-3.008306e-09	-6.468433e-10	-2.189219e+01	-4.257801e+01
1.140000e-06	-2.971405e-09	-6.426051e-10	-2.162366e+01	-4.220065e+01
1.150000e-06	-2.934278e-09	-6.375108e-10	-2.135348e+01	-4.181859e+01
1.160000e-06	-2.896930e-09	-6.302407e-10	-2.108169e+01	-4.143189e+01
1.170000e-06	-2.859375e-09	-6.225244e-10	-2.080839e+01	-4.104063e+01
1.180000e-06	-2.821626e-09	-6.169512e-10	-2.053368e+01	-4.064486e+01
1.190000e-06	-2.783683e-09	-6.133538e-10	-2.025756e+01	-4.024464e+01
1.200000e-06	-2.745547e-09	-6.099338e-10	-1.998003e+01	-3.984003e+01
1.210000e-06	-2.707219e-09	-6.057769e-10	-1.970111e+01	-3.943107e+01
1.220000e-06	-2.668691e-09	-6.004790e-10	-1.942073e+01	-3.901778e+01
1.230000e-06	-2.629959e-09	-5.934758e-10	-1.913887e+01	-3.860018e+01
1.240000e-06	-2.591036e-09	-5.856420e-10	-1.885562e+01	-3.817828e+01
1.250000e-06	-2.551931e-09	-5.782664e-10	-1.857104e+01	-3.775206e+01
1.260000e-06	-2.512656e-09	-5.708420e-10	-1.828522e+01	-3.732147e+01
1.270000e-06	-2.473220e-09	-5.628864e-10	-1.799824e+01	-3.688646e+01
1.280000e-06	-2.433634e-09	-5.565849e-10	-1.771017e+01	-3.644696e+01
1.290000e-06	-2.393919e-09	-5.520304e-10	-1.742114e+01	-3.600286e+01
1.300000e-06	-2.354096e-09	-5.463793e-10	-1.713134e+01	-3.555402e+01
1.310000e-06	-2.314177e-09	-5.383454e-10	-1.684085e+01	-3.510031e+01
1.320000e-06	-2.274167e-09	-5.296265e-10	-1.654968e+01	-3.464154e+01
1.330000e-06	-2.234060e-09	-5.219138e-10	-1.625781e+01	-3.417752e+01
1.340000e-06	-2.193847e-09	-5.138544e-10	-1.596517e+01	-3.370801e+01
1.350000e-06	-2.153511e-09	-5.037251e-10	-1.567164e+01	-3.323278e+01
1.360000e-06	-2.113030e-09	-4.939439e-10	-1.537704e+01	-3.275154e+01
1.370000e-06	-2.072390e-09	-4.852493e-10	-1.508130e+01	-3.226400e+01
1.380000e-06	-2.031581e-09	-4.761972e-10	-1.478432e+01	-3.176985e+01
1.390000e-06	-1.990591e-09	-4.676628e-10	-1.448603e+01	-3.126876e+01
1.400000e-06	-1.949409e-09	-4.609978e-10	-1.418633e+01	-3.076036e+01
1.410000e-06	-1.908022e-09	-4.560143e-10	-1.388515e+01	-3.024431e+01
1.420000e-06	-1.866418e-09	-4.500991e-10	-1.358239e+01	-2.972022e+01
1.430000e-06	-1.824597e-09	-4.412709e-10	-1.327805e+01	-2.918770e+01
1.440000e-06	-1.782558e-09	-4.314150e-10	-1.297213e+01	-2.864635e+01
1.450000e-06	-1.740291e-09	-4.217523e-10	-1.266454e+01	-2.809579e+01
1.460000e-06	-1.697790e-09	-4.109947e-10	-1.235525e+01	-2.753560e+01
1.470000e-06	-1.655071e-09	-3.996993e-10	-1.204438e+01	-2.696540e+01
1.480000e-06	-1.612155e-09	-3.900272e-10	-1.173207e+01	-2.638478e+01
1.490000e-06	-1.569054e-09	-3.827458e-10	-1.141841e+01	-2.579337e+01
1.500000e-06	-1.525782e-09	-3.767949e-10	-1.110351e+01	-2.519079e+01
1.510000e-06	-1.482366e-09	-3.694232e-10	-1.078756e+01	-2.457670e+01
1.520000e-06	-1.438839e-09	-3.586465e-10	-1.047080e+01	-2.395074e+01
1.530000e-06	-1.395220e-09	-3.453648e-10	-1.015338e+01	-2.331261e+01
1.540000e-06	-1.351521e-09	-3.301998e-10	-9.835368e+00	-2.266203e+01
1.550000e-06	-1.307754e-09	-3.150628e-10	-9.516865e+00	-2.199871e+01
1.560000e-06	-1.263930e-09	-3.029514e-10	-9.197941e+00	-2.132245e+01
1.570000e-06	-1.220052e-09	-2.938509e-10	-8.878630e+00	-2.063304e+01
1.580000e-06	-1.176125e-09	-2.867120e-10	-8.558960e+00	-1.993032e+01
1.590000e-06	-1.132151e-09	-2.796766e-10	-8.238954e+00	-1.921417e+01
1.600000e-06	-1.088131e-09	-2.715864e-10	-7.918608e+00	-1.848452e+01
1.610000e-06	-1.044065e-09	-2.623098e-10	-7.597926e+00	-1.774132e+01
1.620000e-06	-9.999526e-10	-2.502206e-10	-7.276909e+00	-1.698459e+01
1.630000e-06	-9.557949e-10	-2.354174e-10	-6.955561e+00	-1.621438e+01
1.640000e-06	-9.115962e-10	-2.201405e-10	-6.633916e+00	-1.543078e+01
1.650000e-06	-8.673594e-10	-2.068126e-10	-6.311993e+00	-1.463395e+01
1.660000e-06	-8.230867e-10	-1.965300e-10	-5.989809e+00	-1.382408e+01
1.670000e-06	-7.787824e-10	-1.881718e-10	-5.667395e+00	-1.300142e+01
1.680000e-06	-7.344472e-10	-1.796397e-10	-5.344756e+00	-1.216626e+01
1.690000e-06	-6.900775e-10	-1.696029e-10	-5.021866e+00	-1.131892e+01
1.700000e-06	-6.456702e-10	-1.577798e-10	-4.698703e+00	-1.045981e+01
1.710000e-06	-6.012264e-10	-1.443113e-10	-4.375274e+00	-9.589341e+00
1.720000e-06	-5.567483e-10	-1.292633e-10	-4.051596e+00	-8.707992e+00
1.730000e-06	-5.122357e-10	-1.131733e-10	-3.727666e+00	-7.816277e+00
1.740000e-06	-4.676867e-10	-9.779208e-11	-3.403472e+00	-6.914751e+00
1.750000e-06	-4.231023e-10	-8.545602e-11	-3.079021e+00	-6.004005e+00
1.760000e-06	-3.784856e-10	-7.531393e-11	-2.754334e+00	-5.084668e+00
1.770000e-06	-3.338365e-10	-6.490909e-11	-2.429411e+00	-4.157399e+00
1.780000e-06	-2.891559e-10	-5.305110e-11	-2.104260e+00	-3.222890e+00
1.790000e-06	-2.444506e-10	-3.933926e-11	-1.778928e+00	-2.281856e+00
1.800000e-06	-1.997316e-10	-2.409091e-11	-1.453497e+00	-1.335040e+00
1.810000e-06	-1.550098e-10	-9.069820e-12	-1.128045e+00	-3.832025e-01
1.820000e-06	-1.102936e-10	4.114640e-12	-8.026347e-01	5.728768e-01
1.830000e-06	-6.558452e-11	1.646728e-11	-4.772758e-01	1.532405e+00
1.840000e-06	-2.088216e-11	2.946212e-11	-1.519658e-01	2.494578e+00
1.850000e-06	2.381647e-11	4.395638e-11	1.733171e-01	3.458586e+00
1.860000e-06	6.851703e-11	5.984361e-11	4.986141e-01	4.423612e+00
1.870000e-06	1.132186e-10	7.687096e-11	8.239185e-01	5.388842e+00
1.880000e-06	1.579187e-10	9.370415e-11	1.149212e+00	6.353464e+00
1.890000e-06	2.026145e-10	1.090721e-10	1.474475e+00	7.316669e+00
1.900000e-06	2.472994e-10	1.237790e-10	1.799657e+00	8.277661e+00
1.910000e-06	2.919667e-10	1.366213e-10	2.124712e+00	9.235655e+00
1.920000e-06	3.366128e-10	1.475184e-10	2.449613e+00	1.018988e+01
1.930000e-06	3.812329e-10	1.598257e-10	2.774325e+00	1.113958e+01
1.940000e-06	4.258179e-10	1.744420e-10	3.098780e+00	1.208402e+01
1.950000e-06	4.703633e-10	1.910651e-10	3.422949e+00	1.302250e+01
1.960000e-06	5.148684e-10	2.087051e-10	3.746823e+00	1.395433e+01
1.970000e-06	5.593309e-10	2.260317e-10	4.070388e+00	1.487884e+01
1.980000e-06	6.037538e-10	2.425569e-10	4.393665e+00	1.579542e+01
1.990000e-06	6.481402e-10	2.575324e-10	4.716676e+00	1.670345e+01
2.000000e-06	6.924901e-10	2.707812e-10	5.039422e+00	1.760237e+01
2.010000e-06	7.368064e-10	2.816310e-10	5.361923e+00	1.849164e+01
2.020000e-06	7.810912e-10	2.907142e-10	5.684195e+00	1.937076e+01
2.030000e-06	8.253411e-10	3.010760e-10	6.006214e+00	2.023925e+01
2.040000e-06	8.695538e-10	3.139587e-10	6.327961e+00	2.109670e+01
2.050000e-06	9.137301e-10	3.285062e-10	6.649444e+00	2.194268e+01
2.060000e-06	9.578705e-10	3.439522e-10	6.970666e+00	2.277686e+01
2.070000e-06	1.001974e-09	3.589144e-10	7.291618e+00	2.359888e+01
2.080000e-06	1.046040e-09	3.719412e-10	7.612302e+00	2.440847e+01
2.090000e-06	1.090069e-09	3.826028e-10	7.932710e+00	2.520536e+01
2.100000e-06	1.134056e-09	3.910937e-10	8.252812e+00	2.598933e+01
2.110000e-06	1.177997e-09	3.989295e-10	8.572588e+00	2.676019e+01
2.120000e-06	1.221893e-09	4.081398e-10	8.892026e+00	2.751778e+01
2.130000e-06	1.265738e-09	4.198628e-10	9.211102e+00	2.826198e+01
2.140000e-06	1.309529e-09	4.336082e-10	9.529777e+00	2.899271e+01
2.150000e-06	1.353256e-09	4.470821e-10	9.847995e+00	2.970988e+01
2.160000e-06	1.396910e-09	4.592259e-10	1.016568e+01	3.041348e+01
2.170000e-06	1.440476e-09	4.703019e-10	1.048272e+01	3.110349e+01
2.180000e-06	1.483938e-09	4.802403e-10	1.079900e+01	3.177995e+01
2.190000e-06	1.527275e-09	4.880538e-10	1.111437e+01	3.244289e+01
2.200000e-06	1.570459e-09	4.941413e-10	1.142864e+01	3.309239e+01
2.210000e-06	1.613466e-09	5.009505e-10	1.174161e+01	3.372855e+01
2.220000e-06	1.656277e-09	5.107452e-10	1.205315e+01	3.435148e+01
2.230000e-06	1.698876e-09	5.231067e-10	1.236316e+01	3.496133e+01
2.240000e-06	1.741249e-09	5.363873e-10	1.267151e+01	3.555824e+01
2.250000e-06	1.783377e-09	5.492392e-10	1.297808e+01	3.614241e+01
2.260000e-06	1.825258e-09	5.602453e-10	1.328286e+01	3.671401e+01
2.270000e-06	1.866904e-09	5.697348e-10	1.358592e+01	3.727327e+01
2.280000e-06	1.908322e-09	5.778330e-10	1.388733e+01	3.782039e+01
2.290000e-06	1.949523e-09	5.834706e-10	1.418716e+01	3.835563e+01
2.300000e-06	1.990522e-09	5.879618e-10	1.448552e+01	3.887922e+01
2.310000e-06	2.031337e-09	5.930645e-10	1.478255e+01	3.939142e+01
2.320000e-06	2.071984e-09	5.988986e-10	1.507834e+01	3.989251e+01
2.330000e-06	2.112474e-09	6.060372e-10	1.537300e+01	4.038277e+01
2.340000e-06	2.152823e-09	6.143704e-10	1.566663e+01	4.086246e+01
2.350000e-06	2.193055e-09	6.227191e-10	1.595940e+01	4.133190e+01
2.360000e-06	2.233184e-09	6.302744e-10	1.625144e+01	4.179137e+01
2.370000e-06	2.273220e-09	6.360848e-10	1.654279e+01	4.224117e+01
2.380000e-06	2.313166e-09	6.402196e-10	1.683349e+01	4.268161e+01
2.390000e-06	2.353018e-09	6.444333e-10	1.712350e+01	4.311299e+01
2.400000e-06	2.392760e-09	6.499930e-10	1.741271e+01	4.353563e+01
2.410000e-06	2.432374e-09	6.576329e-10	1.770099e+01	4.394983e+01
2.420000e-06	2.471842e-09	6.670951e-10	1.798821e+01	4.435590e+01
2.430000e-06	2.511142e-09	6.758615e-10	1.827421e+01	4.475414e+01
2.440000e-06	2.550258e-09	6.826462e-10	1.855886e+01	4.514487e+01
2.450000e-06	2.589184e-09	6.881692e-10	1.884214e+01	4.552837e+01
2.460000e-06	2.627907e-09	6.926467e-10	1.912394e+01	4.590494e+01
2.470000e-06	2.666431e-09	6.963307e-10	1.940429e+01	4.627489e+01
2.480000e-06	2.704772e-09	7.002677e-10	1.968330e+01	4.663848e+01
2.490000e-06	2.742937e-09	7.044833e-10	1.996104e+01	4.699600e+01
2.500000e-06	2.780930e-09	7.083276e-10	2.023752e+01	4.734772e+01
2.510000e-06	2.818752e-09	7.124940e-10	2.051276e+01	4.769390e+01
2.520000e-06	2.856389e-09	7.178011e-10	2.078666e+01	4.803479e+01
2.530000e-06	2.893824e-09	7.251387e-10	2.105908e+01	4.837063e+01
2.540000e-06	2.931042e-09	7.332816e-10	2.132992e+01	4.870166e+01
2.550000e-06	2.968030e-09	7.387013e-10	2.159909e+01	4.902808e+01
2.560000e-06	3.004793e-09	7.413811e-10	2.186663e+01	4.935012e+01
2.570000e-06	3.041350e-09	7.445103e-10	2.213266e+01	4.966796e+01
2.580000e-06	3.077725e-09	7.485076e-10	2.239737e+01	4.998177e+01
2.590000e-06	3.113952e-09	7.533065e-10	2.266101e+01	5.029173e+01
2.600000e-06	3.150056e-09	7.586660e-10	2.292374e+01	5.059799e+01
2.610000e-06	3.186049e-09	7.653411e-10	2.318568e+01	5.090067e+01
2.620000e-06	3.221923e-09	7.722790e-10	2.344674e+01	5.119991e+01
2.630000e-06	3.257646e-09	7.779036e-10	2.370671e+01	5.149580e+01
2.640000e-06	3.293169e-09	7.796928e-10	2.396522e+01	5.178844e+01
2.650000e-06	3.328430e-09	7.800418e-10	2.422182e+01	5.207789e+01
2.660000e-06	3.363360e-09	7.853393e-10	2.447601e+01	5.236421e+01
2.670000e-06	3.397900e-09	7.934620e-10	2.472737e+01	5.264746e+01
2.680000e-06	3.432017e-09	8.005863e-10	2.497564e+01	5.292764e+01
2.690000e-06	3.465703e-09	8.063542e-10	2.522079e+01	5.320478e+01
2.700000e-06	3.498980e-09	8.121650e-10	2.546295e+01	5.347887e+01
2.710000e-06	3.531897e-09	8.172395e-10	2.570250e+01	5.374989e+01
2.720000e-06	3.564511e-09	8.197642e-10	2.593984e+01	5.401782e+01
2.730000e-06	3.596887e-09	8.211981e-10	2.617544e+01	5.428261e+01
2.740000e-06	3.629083e-09	8.249399e-10	2.640974e+01	5.454421e+01
2.750000e-06	3.661132e-09	8.322987e-10	2.664297e+01	5.480255e+01
2.760000e-06	3.693036e-09	8.413610e-10	2.687515e+01	5.505755e+01
2.770000e-06	3.724771e-09	8.473843e-10	2.710609e+01	5.530915e+01
2.780000e-06	3.756287e-09	8.501459e-10	2.733544e+01	5.555723e+01
2.790000e-06	3.787532e-09	8.517545e-10	2.756282e+01	5.580171e+01
2.800000e-06	3.818472e-09	8.526945e-10	2.778798e+01	5.604249e+01
2.810000e-06	3.849106e-09	8.530293e-10	2.801090e+01	5.627945e+01
2.820000e-06	3.879462e-09	8.541239e-10	2.823181e+01	5.651250e+01
2.830000e-06	3.909576e-09	8.593616e-10	2.845096e+01	5.674151e+01
2.840000e-06	3.939462e-09	8.690134e-10	2.866845e+01	5.696639e+01
2.850000e-06	3.969125e-09	8.777093e-10	2.888431e+01	5.718702e+01
2.860000e-06	3.998540e-09	8.803900e-10	2.909838e+01	5.740330e+01
2.870000e-06	4.027676e-09	8.789218e-10	2.931040e+01	5.761513e+01
2.880000e-06	4.056518e-09	8.785184e-10	2.952029e+01	5.782242e+01
2.890000e-06	4.085083e-09	8.798524e-10	2.972817e+01	5.802506e+01
2.900000e-06	4.113413e-09	8.814105e-10	2.993434e+01	5.822300e+01
2.910000e-06	4.141558e-09	8.848446e-10	3.013915e+01	5.841614e+01
2.920000e-06	4.169546e-09	8.923647e-10	3.034283e+01	5.860444e+01
2.930000e-06	4.197362e-09	9.011749e-10	3.054526e+01	5.878783e+01
2.940000e-06	4.224950e-09	9.061470e-10	3.074602e+01	5.896628e+01
2.950000e-06	4.252215e-09	9.058183e-10	3.094443e+01	5.913976e+01
2.960000e-06	4.279043e-09	9.039939e-10	3.113967e+01	5.930825e+01
2.970000e-06	4.305354e-09	9.042651e-10	3.133113e+01	5.947175e+01
2.980000e-06	4.331116e-09	9.065683e-10	3.151861e+01	5.963026e+01
2.990000e-06	4.356361e-09	9.094933e-10	3.170232e+01	5.978381e+01
3.000000e-06	4.381170e-09	9.122043e-10	3.188287e+01	5.993243e+01
3.010000e-06	4.405638e-09	9.153354e-10	3.206093e+01	6.007616e+01
3.020000e-06	4.429848e-09	9.189507e-10	3.223711e+01	6.021508e+01
3.030000e-06	4.453842e-09	9.197497e-10	3.241172e+01	6.034924e+01
3.040000e-06	4.477609e-09	9.165581e-10	3.258468e+01	6.047873e+01
3.050000e-06	4.501106e-09	9.140751e-10	3.275567e+01	6.060365e+01
3.060000e-06	4.524282e-09	9.146280e-10	3.292433e+01	6.072409e+01
3.070000e-06	4.547112e-09	9.179727e-10	3.309047e+01	6.084018e+01
3.080000e-06	4.569614e-09	9.212165e-10	3.325422e+01	6.095202e+01
3.090000e-06	4.591821e-09	9.243667e-10	3.341583e+01	6.105975e+01
3.100000e-06	4.613755e-09	9.272179e-10	3.357545e+01	6.116349e+01
3.110000e-06	4.635407e-09	9.282632e-10	3.373302e+01	6.126339e+01
3.120000e-06	4.656740e-09	9.266161e-10	3.388826e+01	6.135959e+01
3.130000e-06	4.677726e-09	9.237040e-10	3.404098e+01	6.145222e+01
3.140000e-06	4.698382e-09	9.238375e-10	3.419130e+01	6.154143e+01
3.150000e-06	4.718759e-09	9.273566e-10	3.433959e+01	6.162737e+01
3.160000e-06	4.738918e-09	9.311563e-10	3.448629e+01	6.171017e+01
3.170000e-06	4.758891e-09	9.346738e-10	3.463164e+01	6.178998e+01
3.180000e-06	4.778657e-09	9.388477e-10	3.477548e+01	6.186692e+01
3.190000e-06	4.798149e-09	9.420738e-10	3.491733e+01	6.194113e+01
3.200000e-06	4.817280e-09	9.419850e-10	3.505655e+01	6.201272e+01
3.210000e-06	4.835983e-09	9.386841e-10	3.519265e+01	6.208182e+01
3.220000e-06	4.854239e-09	9.358924e-10	3.532551e+01	6.214853e+01
3.230000e-06	4.872087e-09	9.375517e-10	3.545539e+01	6.221295e+01
3.240000e-06	4.889591e-09	9.427356e-10	3.558278e+01	6.227516e+01
3.250000e-06	4.906809e-09	9.466327e-10	3.570808e+01	6.233525e+01
3.260000e-06	4.923759e-09	9.484029e-10	3.583142e+01	6.239329e+01
3.270000e-06	4.940411e-09	9.506670e-10	3.595261e+01	6.244933e+01
3.280000e-06	4.956709e-09	9.534741e-10	3.607121e+01	6.250342e+01
3.290000e-06	4.972578e-09	9.533409e-10	3.618669e+01	6.255560e+01
3.300000e-06	4.987969e-09	9.517257e-10	3.629870e+01	6.260590e+01
3.310000e-06	5.002890e-09	9.534945e-10	3.640728e+01	6.265432e+01
3.320000e-06	5.017393e-09	9.587605e-10	3.651282e+01	6.270089e+01
3.330000e-06	5.031541e-09	9.632157e-10	3.661578e+01	6.274559e+01
3.340000e-06	5.045356e-09	9.652391e-10	3.671632e+01	6.278841e+01
3.350000e-06	5.058819e-09	9.657570e-10	3.681429e+01	6.282934e+01
3.360000e-06	5.071909e-09	9.658595e-10	3.690955e+01	6.286835e+01
3.370000e-06	5.084623e-09	9.655080e-10	3.700207e+01	6.290541e+01
3.380000e-06	5.096991e-09	9.644237e-10	3.709208e+01	6.294049e+01
3.390000e-06	5.109044e-09	9.636388e-10	3.717979e+01	6.297354e+01
3.400000e-06	5.120761e-09	9.650350e-10	3.726506e+01	6.300453e+01
3.410000e-06	5.132068e-09	9.693623e-10	3.734734e+01	6.303341e+01
3.420000e-06	5.142858e-09	9.727565e-10	3.742586e+01	6.306014e+01
3.430000e-06	5.153043e-09	9.719044e-10	3.749998e+01	6.308467e+01
3.440000e-06	5.162602e-09	9.700351e-10	3.756955e+01	6.310698e+01
3.450000e-06	5.171603e-09	9.711570e-10	3.763504e+01	6.312701e+01
3.460000e-06	5.180167e-09	9.728096e-10	3.769737e+01	6.314475e+01
3.470000e-06	5.188417e-09	9.720012e-10	3.775741e+01	6.316016e+01
3.480000e-06	5.196426e-09	9.701558e-10	3.781569e+01	6.317324e+01
3.490000e-06	5.204191e-09	9.713257e-10	3.787220e+01	6.318396e+01
3.500000e-06	5.211659e-09	9.764798e-10	3.792654e+01	6.319233e+01
3.510000e-06	5.218771e-09	9.806714e-10	3.797830e+01	6.319835e+01
3.520000e-06	5.225508e-09	9.802926e-10	3.802733e+01	6.320203e+01
3.530000e-06	5.231886e-09	9.787186e-10	3.807374e+01	6.320342e+01
3.540000e-06	5.237922e-09	9.790998e-10	3.811767e+01	6.320253e+01
3.550000e-06	5.243610e-09	9.796400e-10	3.815906e+01	6.319941e+01
3.560000e-06	5.248922e-09	9.781364e-10	3.819772e+01	6.319413e+01
3.570000e-06	5.253846e-09	9.766517e-10	3.823355e+01	6.318675e+01
3.580000e-06	5.258417e-09	9.781027e-10	3.826681e+01	6.317734e+01
3.590000e-06	5.262709e-09	9.819792e-10	3.829804e+01	6.316598e+01
3.600000e-06	5.266774e-09	9.834990e-10	3.832763e+01	6.315278e+01
3.610000e-06	5.270613e-09	9.801630e-10	3.835557e+01	6.313782e+01
3.620000e-06	5.274154e-09	9.764939e-10	3.838134e+01	6.312122e+01
3.630000e-06	5.277284e-09	9.770356e-10	3.840412e+01	6.310309e+01
3.640000e-06	5.279893e-09	9.795132e-10	3.842310e+01	6.308354e+01
3.650000e-06	5.281907e-09	9.803851e-10	3.843775e+01	6.306269e+01
3.660000e-06	5.283324e-09	9.804300e-10	3.844807e+01	6.304066e+01
3.670000e-06	5.284222e-09	9.818683e-10	3.845460e+01	6.301757e+01
3.680000e-06	5.284722e-09	9.842198e-10	3.845824e+01	6.299353e+01
3.690000e-06	5.284935e-09	9.844047e-10	3.845980e+01	6.296867e+01
3.700000e-06	5.284914e-09	9.820402e-10	3.845964e+01	6.294308e+01
3.710000e-06	5.284636e-09	9.790911e-10	3.845761e+01	6.291687e+01
3.720000e-06	5.284034e-09	9.780128e-10	3.845324e+01	6.289014e+01
3.730000e-06	5.283061e-09	9.789989e-10	3.844615e+01	6.286296e+01
3.740000e-06	5.281715e-09	9.790414e-10	3.843636e+01	6.283542e+01
3.750000e-06	5.280033e-09	9.762427e-10	3.842412e+01	6.280757e+01
3.760000e-06	5.278050e-09	9.723954e-10	3.840969e+01	6.277946e+01
3.770000e-06	5.275761e-09	9.776973e-10	3.839303e+01	6.275112e+01
3.780000e-06	5.273106e-09	9.723562e-10	3.837371e+01	6.272257e+01
3.790000e-06	5.269998e-09	9.302211e-10	3.835109e+01	6.269379e+01
3.800000e-06	5.266421e-09	9.317283e-10	3.832506e+01	6.266479e+01
3.810000e-06	5.262500e-09	9.822551e-10	3.829653e+01	6.263550e+01
3.820000e-06	5.258409e-09	9.802953e-10	3.826675e+01	6.260589e+01
3.830000e-06	5.254150e-09	9.302775e-10	3.823576e+01	6.257587e+01
3.840000e-06	5.249494e-09	9.237768e-10	3.820188e+01	6.254534e+01
3.850000e-06	5.244267e-09	9.845912e-10	3.816385e+01	6.251419e+01
3.860000e-06	5.238581e-09	9.832885e-10	3.812246e+01	6.248229e+01
3.870000e-06	5.232571e-09	9.058271e-10	3.807872e+01	6.244948e+01
3.880000e-06	5.226124e-09	9.068886e-10	3.803181e+01	6.241560e+01
3.890000e-06	5.219093e-09	9.836225e-10	3.798064e+01	6.238046e+01
3.900000e-06	5.211562e-09	9.720788e-10	3.792584e+01	6.234387e+01
3.910000e-06	5.203698e-09	8.900080e-10	3.786861e+01	6.230560e+01
3.920000e-06	5.195535e-09	9.171100e-10	3.780921e+01	6.226543e+01
3.930000e-06	5.187054e-09	9.991225e-10	3.774749e+01	6.222312e+01
3.940000e-06	5.178294e-09	9.525547e-10	3.768374e+01	6.217843e+01
3.950000e-06	5.169249e-09	8.742429e-10	3.761792e+01	6.213111e+01
3.960000e-06	5.159826e-09	9.363918e-10	3.754935e+01	6.208089e+01
3.970000e-06	5.149993e-09	1.011580e-09	3.747779e+01	6.202752e+01
3.980000e-06	5.139806e-09	9.374658e-10	3.740365e+01	6.197074e+01
3.990000e-06	5.129271e-09	8.911066e-10	3.732699e+01	6.191029e+01
4.000000e-06	5.118347e-09	9.826603e-10	3.724749e+01	6.184590e+01
4.010000e-06	5.107038e-09	1.012351e-09	3.716519e+01	6.177734e+01
4.020000e-06	5.095359e-09	9.225516e-10	3.708020e+01	6.170436e+01
4.030000e-06	5.083297e-09	9.227917e-10	3.699243e+01	6.162674e+01
4.040000e-06	5.070855e-09	1.007298e-09	3.690188e+01	6.154424e+01
4.050000e-06	5.057996e-09	9.745502e-10	3.680830e+01	6.145668e+01
4.060000e-06	5.044584e-09	9.084326e-10	3.671070e+01	6.136386e+01
4.070000e-06	5.030521e-09	9.537685e-10	3.660836e+01	6.126562e+01
4.080000e-06	5.015875e-09	9.886460e-10	3.650178e+01	6.116180e+01
4.090000e-06	5.000781e-09	9.325828e-10	3.639194e+01	6.105228e+01
4.100000e-06	4.985310e-09	9.219366e-10	3.627935e+01	6.093695e+01
4.110000e-06	4.969525e-09	9.547915e-10	3.616448e+01	6.081573e+01
4.120000e-06	4.953482e-09	9.302241e-10	3.604773e+01	6.068856e+01
4.130000e-06	4.937165e-09	9.139806e-10	3.592899e+01	6.055541e+01
4.140000e-06	4.920521e-09	9.477244e-10	3.580786e+01	6.041626e+01
4.150000e-06	4.903528e-09	9.364543e-10	3.568420e+01	6.027114e+01
4.160000e-06	4.886195e-09	9.073761e-10	3.555807e+01	6.012009e+01
4.170000e-06	4.868540e-09	9.324813e-10	3.542958e+01	5.996316e+01
4.180000e-06	4.850576e-09	9.397586e-10	3.529886e+01	5.980045e+01
4.190000e-06	4.832292e-09	8.998905e-10	3.516580e+01	5.963206e+01
4.200000e-06	4.813657e-09	8.956992e-10	3.503019e+01	5.945814e+01
4.210000e-06	4.794667e-09	9.166514e-10	3.489200e+01	5.927883e+01
4.220000e-06	4.775359e-09	9.110175e-10	3.475149e+01	5.909431e+01
4.230000e-06	4.755782e-09	9.070297e-10	3.460901e+01	5.890477e+01
4.240000e-06	4.735986e-09	9.115112e-10	3.446496e+01	5.871040e+01
4.250000e-06	4.715999e-09	9.023533e-10	3.431951e+01	5.851143e+01
4.260000e-06	4.695796e-09	8.977092e-10	3.417248e+01	5.830809e+01
4.270000e-06	4.675296e-09	8.933464e-10	3.402330e+01	5.810061e+01
4.280000e-06	4.654394e-09	8.730282e-10	3.387119e+01	5.788924e+01
4.290000e-06	4.632988e-09	8.683955e-10	3.371542e+01	5.767423e+01
4.300000e-06	4.611019e-09	8.811967e-10	3.355554e+01	5.745582e+01
4.310000e-06	4.588488e-09	8.811781e-10	3.339158e+01	5.723426e+01
4.320000e-06	4.565454e-09	8.756382e-10	3.322396e+01	5.700981e+01
4.330000e-06	4.542028e-09	8.744403e-10	3.305348e+01	5.678269e+01
4.340000e-06	4.518323e-09	8.676160e-10	3.288097e+01	5.655315e+01
4.350000e-06	4.494406e-09	8.621409e-10	3.270692e+01	5.632140e+01
4.360000e-06	4.470286e-09	8.536949e-10	3.253139e+01	5.608765e+01
4.370000e-06	4.445930e-09	8.388211e-10	3.235415e+01	5.585210e+01
4.380000e-06	4.421287e-09	8.389458e-10	3.217482e+01	5.561493e+01
4.390000e-06	4.396318e-09	8.501795e-10	3.199311e+01	5.537629e+01
4.400000e-06	4.371018e-09	8.461140e-10	3.180900e+01	5.513634e+01
4.410000e-06	4.345411e-09	8.371213e-10	3.162265e+01	5.489518e+01
4.420000e-06	4.319526e-09	8.349588e-10	3.143427e+01	5.465293e+01
4.430000e-06	4.293373e-09	8.300314e-10	3.124395e+01	5.440966e+01
4.440000e-06	4.266934e-09	8.220193e-10	3.105155e+01	5.416542e+01
4.450000e-06	4.240173e-09	8.156067e-10	3.085681e+01	5.392026e+01
4.460000e-06	4.213088e-09	8.111161e-10	3.065970e+01	5.367416e+01
4.470000e-06	4.185709e-09	8.123045e-10	3.046046e+01	5.342713e+01
4.480000e-06	4.158088e-09	8.128653e-10	3.025945e+01	5.317913e+01
4.490000e-06	4.130276e-09	8.059138e-10	3.005706e+01	5.293009e+01
4.500000e-06	4.102298e-09	7.994140e-10	2.985345e+01	5.267994e+01
4.510000e-06	4.074136e-09	7.965645e-10	2.964851e+01	5.242857e+01
4.520000e-06	4.045729e-09	7.918122e-10	2.944179e+01	5.217588e+01
4.530000e-06	4.016996e-09	7.860664e-10	2.923269e+01	5.192171e+01
4.540000e-06	3.987863e-09	7.825764e-10	2.902068e+01	5.166593e+01
4.550000e-06	3.958281e-09	7.812437e-10	2.880541e+01	5.140836e+01
4.560000e-06	3.928228e-09	7.809986e-10	2.858671e+01	5.114883e+01
4.570000e-06	3.897719e-09	7.773024e-10	2.836468e+01	5.088715e+01
4.580000e-06	3.866801e-09	7.705535e-10	2.813969e+01	5.062312e+01
4.590000e-06	3.835542e-09	7.664405e-10	2.791221e+01	5.035655e+01
4.600000e-06	3.804010e-09	7.649616e-10	2.768274e+01	5.008723e+01
4.610000e-06	3.772265e-09	7.615144e-10	2.745173e+01	4.981496e+01
4.620000e-06	3.740345e-09	7.557394e-10	2.721944e+01	4.953952e+01
4.630000e-06	3.708256e-09	7.510477e-10	2.698592e+01	4.926073e+01
4.640000e-06	3.675979e-09	7.498860e-10	2.675103e+01	4.897837e+01
4.650000e-06	3.643481e-09	7.475586e-10	2.651453e+01	4.869227e+01
4.660000e-06	3.610730e-09	7.404161e-10	2.627620e+01	4.840223e+01
4.670000e-06	3.577721e-09	7.330910e-10	2.603598e+01	4.810810e+01
4.680000e-06	3.544457e-09	7.298388e-10	2.579391e+01	4.780970e+01
4.690000e-06	3.510960e-09	7.285826e-10	2.555015e+01	4.750690e+01
4.700000e-06	3.477249e-09	7.241917e-10	2.530482e+01	4.719956e+01
4.710000e-06	3.443329e-09	7.178969e-10	2.505798e+01	4.688756e+01
4.720000e-06	3.409199e-09	7.141124e-10	2.480960e+01	4.657081e+01
4.730000e-06	3.374841e-09	7.115195e-10	2.455957e+01	4.624922e+01
4.740000e-06	3.340234e-09	7.046355e-10	2.430773e+01	4.592272e+01
4.750000e-06	3.305361e-09	6.936631e-10	2.405395e+01	4.559127e+01
4.760000e-06	3.270223e-09	6.849313e-10	2.379824e+01	4.525482e+01
4.770000e-06	3.234848e-09	6.796969e-10	2.354081e+01	4.491336e+01
4.780000e-06	3.199278e-09	6.758736e-10	2.328196e+01	4.456688e+01
4.790000e-06	3.163561e-09	6.726858e-10	2.302203e+01	4.421540e+01
4.800000e-06	3.127723e-09	6.712018e-10	2.276123e+01	4.385894e+01
4.810000e-06	3.091775e-09	6.695575e-10	2.249963e+01	4.349753e+01
4.820000e-06	3.055711e-09	6.647906e-10	2.223718e+01	4.313122e+01
4.830000e-06	3.019498e-09	6.559783e-10	2.197365e+01	4.276007e+01
4.840000e-06	2.983100e-09	6.457937e-10	2.170877e+01	4.238413e+01
4.850000e-06	2.946472e-09	6.383386e-10	2.144222e+01	4.200346e+01
4.860000e-06	2.909571e-09	6.355544e-10	2.117369e+01	4.161814e+01
4.870000e-06	2.872353e-09	6.345025e-10	2.090284e+01	4.122823e+01
4.880000e-06	2.834777e-09	6.315642e-10	2.062939e+01	4.083380e+01
4.890000e-06	2.796823e-09	6.260924e-10	2.035319e+01	4.043490e+01
4.900000e-06	2.758488e-09	6.180057e-10	2.007422e+01	4.003160e+01
4.910000e-06	2.719796e-09	6.083993e-10	1.979265e+01	3.962393e+01
4.920000e-06	2.680796e-09	5.998395e-10	1.950884e+01	3.921192e+01
4.930000e-06	2.641541e-09	5.941356e-10	1.922317e+01	3.879561e+01
4.940000e-06	2.602083e-09	5.908532e-10	1.893603e+01	3.837499e+01
4.950000e-06	2.562466e-09	5.869266e-10	1.864772e+01	3.795005e+01
4.960000e-06	2.522726e-09	5.814386e-10	1.835852e+01	3.752077e+01
4.970000e-06	2.482883e-09	5.744448e-10	1.806858e+01	3.708709e+01
4.980000e-06	2.442949e-09	5.664825e-10	1.777797e+01	3.664893e+01
4.990000e-06	2.402929e-09	5.585611e-10	1.748673e+01	3.620621e+01
5.000000e-06	2.362814e-09	5.507093e-10	1.719480e+01	3.575880e+01
5.010000e-06	2.322588e-09	5.433701e-10	1.690207e+01	3.530656e+01
5.020000e-06	2.282232e-09	5.370507e-10	1.660839e+01	3.484932e+01
5.030000e-06	2.241730e-09	5.316614e-10	1.631364e+01	3.438688e+01
5.040000e-06	2.201067e-09	5.255260e-10	1.601773e+01	3.391904e+01
5.050000e-06	2.160231e-09	5.181928e-10	1.572056e+01	3.344555e+01
5.060000e-06	2.119225e-09	5.107384e-10	1.542215e+01	3.296613e+01
5.070000e-06	2.078059e-09	5.039196e-10	1.512257e+01	3.248052e+01
5.080000e-06	2.036742e-09	4.957211e-10	1.482190e+01	3.198839e+01
5.090000e-06	1.995288e-09	4.858395e-10	1.452022e+01	3.148941e+01
5.100000e-06	1.953702e-09	4.756219e-10	1.421760e+01	3.098325e+01
5.110000e-06	1.911991e-09	4.669370e-10	1.391405e+01	3.046954e+01
5.120000e-06	1.870158e-09	4.607686e-10	1.360963e+01	2.994791e+01
5.130000e-06	1.828212e-09	4.543954e-10	1.330437e+01	2.941797e+01
5.140000e-06	1.786153e-09	4.445720e-10	1.299830e+01	2.887932e+01
5.150000e-06	1.743978e-09	4.337260e-10	1.269138e+01	2.833158e+01
5.160000e-06	1.701684e-09	4.248123e-10	1.238359e+01	2.777434e+01
5.170000e-06	1.659264e-09	4.167671e-10	1.207489e+01	2.720721e+01
5.180000e-06	1.616712e-09	4.069046e-10	1.176523e+01	2.662978e+01
5.190000e-06	1.574020e-09	3.961919e-10	1.145455e+01	2.604167e+01
5.200000e-06	1.531187e-09	3.873901e-10	1.114284e+01	2.544252e+01
5.210000e-06	1.488222e-09	3.806062e-10	1.083018e+01	2.483194e+01
5.220000e-06	1.445144e-09	3.726688e-10	1.051669e+01	2.420962e+01
5.230000e-06	1.401966e-09	3.610922e-10	1.020248e+01	2.357521e+01
5.240000e-06	1.358691e-09	3.490765e-10	9.887553e+00	2.292843e+01
5.250000e-06	1.315326e-09	3.389931e-10	9.571973e+00	2.226900e+01
5.260000e-06	1.271881e-09	3.294586e-10	9.255816e+00	2.159669e+01
5.270000e-06	1.228365e-09	3.191176e-10	8.939139e+00	2.091129e+01
5.280000e-06	1.184783e-09	3.091147e-10	8.621979e+00	2.021263e+01
5.290000e-06	1.141141e-09	3.000571e-10	8.304382e+00	1.950057e+01
5.300000e-06	1.097446e-09	2.903348e-10	7.986402e+00	1.877503e+01
5.310000e-06	1.053700e-09	2.772786e-10	7.668057e+00	1.803595e+01
5.320000e-06	1.009908e-09	2.628641e-10	7.349365e+00	1.728333e+01
5.330000e-06	9.660725e-10	2.511615e-10	7.030365e+00	1.651721e+01
5.340000e-06	9.222040e-10	2.412248e-10	6.711122e+00	1.573767e+01
5.350000e-06	8.783103e-10	2.307843e-10	6.391696e+00	1.494485e+01
5.360000e-06	8.343938e-10	2.197843e-10	6.072103e+00	1.413893e+01
5.370000e-06	7.904580e-10	2.080293e-10	5.752370e+00	1.332013e+01
5.380000e-06	7.465008e-10	1.954802e-10	5.432482e+00	1.248874e+01
5.390000e-06	7.025170e-10	1.820072e-10	5.112400e+00	1.164507e+01
5.400000e-06	6.585050e-10	1.671434e-10	4.792113e+00	1.078950e+01
5.410000e-06	6.144666e-10	1.527901e-10	4.471634e+00	9.922446e+00
5.420000e-06	5.704046e-10	1.405316e-10	4.150983e+00	9.044360e+00
5.430000e-06	5.263210e-10	1.293696e-10	3.830175e+00	8.155746e+00
5.440000e-06	4.822212e-10	1.176220e-10	3.509249e+00	7.257149e+00
5.450000e-06	4.381073e-10	1.052806e-10	3.188221e+00	6.349148e+00
5.460000e-06	3.939744e-10	9.218858e-11	2.867054e+00	5.432360e+00
5.470000e-06	3.498207e-10	7.728431e-11	2.545736e+00	4.507437e+00
5.480000e-06	3.056446e-10	6.157394e-11	2.224255e+00	3.575059e+00
5.490000e-06	2.614462e-10	4.684054e-11	1.902612e+00	2.635935e+00
5.500000e-06	2.172355e-10	3.294045e-11	1.580879e+00	1.690800e+00
5.510000e-06	1.730243e-10	1.894386e-11	1.259143e+00	7.404097e-01
5.520000e-06	1.288200e-10	4.544195e-12	9.374564e-01	-2.144625e-01
5.530000e-06	8.462260e-11	-9.895264e-12	6.158207e-01	-1.173027e+00
5.540000e-06	4.043096e-11	-2.375594e-11	2.942268e-01	-2.134484e+00
5.550000e-06	-3.757935e-12	-3.785887e-11	-2.734726e-02	-3.098023e+00
5.560000e-06	-4.795145e-11	-5.318860e-11	-3.489549e-01	-4.062831e+00
5.570000e-06	-9.214950e-11	-6.909710e-11	-6.705956e-01	-5.028092e+00
5.580000e-06	-1.363481e-10	-8.436772e-11	-9.922405e-01	-5.992992e+00
5.590000e-06	-1.805420e-10	-1.003590e-10	-1.313851e+00	-6.956723e+00
5.600000e-06	-2.247272e-10	-1.180955e-10	-1.635398e+00	-7.918484e+00
5.610000e-06	-2.689012e-10	-1.356408e-10	-1.956863e+00	-8.877486e+00
5.620000e-06	-3.130596e-10	-1.511690e-10	-2.278216e+00	-9.832952e+00
5.630000e-06	-3.572012e-10	-1.651351e-10	-2.599446e+00	-1.078412e+01
5.640000e-06	-4.013222e-10	-1.797104e-10	-2.920526e+00	-1.173026e+01
5.650000e-06	-4.454211e-10	-1.958934e-10	-3.241445e+00	-1.267065e+01
5.660000e-06	-4.894976e-10	-2.125846e-10	-3.562201e+00	-1.360460e+01
5.670000e-06	-5.335505e-10	-2.281415e-10	-3.882786e+00	-1.453143e+01
5.680000e-06	-5.775821e-10	-2.436100e-10	-4.203216e+00	-1.545051e+01
5.690000e-06	-6.215926e-10	-2.599789e-10	-4.523492e+00	-1.636123e+01
5.700000e-06	-6.655821e-10	-2.756253e-10	-4.843616e+00	-1.726301e+01
5.710000e-06	-7.095508e-10	-2.889756e-10	-5.163588e+00	-1.815530e+01
5.720000e-06	-7.534976e-10	-3.000241e-10	-5.483400e+00	-1.903760e+01
5.730000e-06	-7.974205e-10	-3.113049e-10	-5.803039e+00	-1.990941e+01
5.740000e-06	-8.413179e-10	-3.256231e-10	-6.122493e+00	-2.077030e+01
5.750000e-06	-8.851874e-10	-3.410575e-10	-6.441743e+00	-2.161985e+01
5.760000e-06	-9.290266e-10	-3.548424e-10	-6.760773e+00	-2.245769e+01
5.770000e-06	-9.728348e-10	-3.671663e-10	-7.079577e+00	-2.328349e+01
5.780000e-06	-1.016608e-09	-3.783804e-10	-7.398123e+00	-2.409693e+01
5.790000e-06	-1.060337e-09	-3.897749e-10	-7.716351e+00	-2.489776e+01
5.800000e-06	-1.104011e-09	-4.028890e-10	-8.034180e+00	-2.568573e+01
5.810000e-06	-1.147621e-09	-4.168944e-10	-8.351542e+00	-2.646064e+01
5.820000e-06	-1.191162e-09	-4.314441e-10	-8.668401e+00	-2.722233e+01
5.830000e-06	-1.234633e-09	-4.461152e-10	-8.984752e+00	-2.797067e+01
5.840000e-06	-1.278031e-09	-4.582543e-10	-9.300566e+00	-2.870555e+01
5.850000e-06	-1.321347e-09	-4.653066e-10	-9.615788e+00	-2.942691e+01
5.860000e-06	-1.364576e-09	-4.689574e-10	-9.930376e+00	-3.013469e+01
5.870000e-06	-1.407710e-09	-4.741329e-10	-1.024427e+01	-3.082889e+01
5.880000e-06	-1.450737e-09	-4.838936e-10	-1.055740e+01	-3.150952e+01
5.890000e-06	-1.493645e-09	-4.983514e-10	-1.086964e+01	-3.217662e+01
5.900000e-06	-1.536421e-09	-5.140724e-10	-1.118094e+01	-3.283026e+01
5.910000e-06	-1.579068e-09	-5.269349e-10	-1.149129e+01	-3.347052e+01
5.920000e-06	-1.621591e-09	-5.369157e-10	-1.180074e+01	-3.409751e+01
5.930000e-06	-1.663995e-09	-5.429619e-10	-1.210932e+01	-3.471138e+01
5.940000e-06	-1.706282e-09	-5.452821e-10	-1.241705e+01	-3.531227e+01
5.950000e-06	-1.748456e-09	-5.476424e-10	-1.272396e+01	-3.590035e+01
5.960000e-06	-1.790519e-09	-5.528055e-10	-1.303007e+01	-3.647581e+01
5.970000e-06	-1.832474e-09	-5.630617e-10	-1.333539e+01	-3.703885e+01
5.980000e-06	-1.874323e-09	-5.767255e-10	-1.363993e+01	-3.758969e+01
5.990000e-06	-1.916061e-09	-5.914718e-10	-1.394367e+01	-3.812857e+01
6.000000e-06	-1.957680e-09	-6.043869e-10	-1.424654e+01	-3.865573e+01
6.010000e-06	-1.999166e-09	-6.138224e-10	-1.454845e+01	-3.917142e+01
6.020000e-06	-2.040503e-09	-6.201364e-10	-1.484927e+01	-3.967592e+01
6.030000e-06	-2.081677e-09	-6.240038e-10	-1.514890e+01	-4.016949e+01
6.040000e-06	-2.122677e-09	-6.259211e-10	-1.544726e+01	-4.065241e+01
6.050000e-06	-2.163497e-09	-6.282553e-10	-1.574433e+01	-4.112499e+01
6.060000e-06	-2.204141e-09	-6.332110e-10	-1.604010e+01	-4.158750e+01
6.070000e-06	-2.244618e-09	-6.421021e-10	-1.633466e+01	-4.204026e+01
6.080000e-06	-2.284946e-09	-6.540641e-10	-1.662813e+01	-4.248356e+01
6.090000e-06	-2.325147e-09	-6.643909e-10	-1.692069e+01	-4.291772e+01
6.100000e-06	-2.365242e-09	-6.704823e-10	-1.721247e+01	-4.334303e+01
6.110000e-06	-2.405247e-09	-6.744042e-10	-1.750360e+01	-4.375980e+01
6.120000e-06	-2.445174e-09	-6.789880e-10	-1.779415e+01	-4.416836e+01
6.130000e-06	-2.485021e-09	-6.832231e-10	-1.808414e+01	-4.456899e+01
6.140000e-06	-2.524782e-09	-6.862941e-10	-1.837348e+01	-4.496201e+01
6.150000e-06	-2.564436e-09	-6.910873e-10	-1.866206e+01	-4.534771e+01
6.160000e-06	-2.603953e-09	-6.990723e-10	-1.894964e+01	-4.572640e+01
6.170000e-06	-2.643293e-09	-7.086267e-10	-1.923592e+01	-4.609837e+01
6.180000e-06	-2.682414e-09	-7.174006e-10	-1.952061e+01	-4.646390e+01
6.190000e-06	-2.721269e-09	-7.237546e-10	-1.980337e+01	-4.682327e+01
6.200000e-06	-2.759813e-09	-7.294097e-10	-2.008387e+01	-4.717676e+01
6.210000e-06	-2.798017e-09	-7.350259e-10	-2.036188e+01	-4.752463e+01
6.220000e-06	-2.835861e-09	-7.389795e-10	-2.063728e+01	-4.786714e+01
6.230000e-06	-2.873342e-09	-7.418125e-10	-2.091004e+01	-4.820453e+01
6.240000e-06	-2.910473e-09	-7.470554e-10	-2.118025e+01	-4.853702e+01
6.250000e-06	-2.947283e-09	-7.548620e-10	-2.144812e+01	-4.886486e+01
6.260000e-06	-2.983819e-09	-7.625365e-10	-2.171400e+01	-4.918824e+01
6.270000e-06	-3.020135e-09	-7.678666e-10	-2.197829e+01	-4.950736e+01
6.280000e-06	-3.056285e-09	-7.707402e-10	-2.224136e+01	-4.982241e+01
6.290000e-06	-3.092306e-09	-7.734717e-10	-2.250349e+01	-5.013356e+01
6.300000e-06	-3.128215e-09	-7.778753e-10	-2.276481e+01	-5.044096e+01
6.310000e-06	-3.164010e-09	-7.831713e-10	-2.302530e+01	-5.074474e+01
6.320000e-06	-3.199667e-09	-7.882220e-10	-2.328478e+01	-5.104504e+01
6.330000e-06	-3.235147e-09	-7.925820e-10	-2.354298e+01	-5.134197e+01
6.340000e-06	-3.270410e-09	-7.965998e-10	-2.379960e+01	-5.163562e+01
6.350000e-06	-3.305421e-09	-8.003940e-10	-2.405438e+01	-5.192606e+01
6.360000e-06	-3.340168e-09	-8.046192e-10	-2.430724e+01	-5.221336e+01
6.370000e-06	-3.374658e-09	-8.104538e-10	-2.455824e+01	-5.249756e+01
6.380000e-06	-3.408909e-09	-8.171900e-10	-2.480749e+01	-5.277870e+01
6.390000e-06	-3.442939e-09	-8.233881e-10	-2.505514e+01	-5.305679e+01
6.400000e-06	-3.476759e-09	-8.285880e-10	-2.530125e+01	-5.333184e+01
6.410000e-06	-3.510353e-09	-8.331206e-10	-2.554572e+01	-5.360382e+01
6.420000e-06	-3.543695e-09	-8.372154e-10	-2.578836e+01	-5.387272e+01
6.430000e-06	-3.576762e-09	-8.414393e-10	-2.602900e+01	-5.413850e+01
6.440000e-06	-3.609543e-09	-8.460899e-10	-2.626755e+01	-5.440110e+01
6.450000e-06	-3.642056e-09	-8.501939e-10	-2.650416e+01	-5.466046e+01
6.460000e-06	-3.674342e-09	-8.542364e-10	-2.673911e+01	-5.491652e+01
6.470000e-06	-3.706438e-09	-8.593259e-10	-2.697269e+01	-5.516919e+01
6.480000e-06	-3.738373e-09	-8.635213e-10	-2.720508e+01	-5.541838e+01
6.490000e-06	-3.770141e-09	-8.653839e-10	-2.743627e+01	-5.566399e+01
6.500000e-06	-3.801707e-09	-8.657107e-10	-2.766598e+01	-5.590593e+01
6.510000e-06	-3.833012e-09	-8.672942e-10	-2.789380e+01	-5.614410e+01
6.520000e-06	-3.863988e-09	-8.713273e-10	-2.811922e+01	-5.637837e+01
6.530000e-06	-3.894572e-09	-8.775699e-10	-2.834178e+01	-5.660865e+01
6.540000e-06	-3.924713e-09	-8.836633e-10	-2.856113e+01	-5.683483e+01
6.550000e-06	-3.954387e-09	-8.883022e-10	-2.877707e+01	-5.705679e+01
6.560000e-06	-3.983604e-09	-8.923153e-10	-2.898968e+01	-5.727443e+01
6.570000e-06	-4.012406e-09	-8.938655e-10	-2.919929e+01	-5.748765e+01
6.580000e-06	-4.040870e-09	-8.925391e-10	-2.940643e+01	-5.769635e+01
6.590000e-06	-4.069081e-09	-8.906022e-10	-2.961172e+01	-5.790045e+01
6.600000e-06	-4.097104e-09	-8.917963e-10	-2.981565e+01	-5.809985e+01
6.610000e-06	-4.124965e-09	-8.978530e-10	-3.001840e+01	-5.829448e+01
6.620000e-06	-4.152647e-09	-9.056797e-10	-3.021986e+01	-5.848429e+01
6.630000e-06	-4.180098e-09	-9.113483e-10	-3.041962e+01	-5.866920e+01
6.640000e-06	-4.207261e-09	-9.134736e-10	-3.061730e+01	-5.884918e+01
6.650000e-06	-4.234105e-09	-9.131508e-10	-3.081264e+01	-5.902420e+01
6.660000e-06	-4.260627e-09	-9.113520e-10	-3.100565e+01	-5.919424e+01
6.670000e-06	-4.286846e-09	-9.090796e-10	-3.119645e+01	-5.935928e+01
6.680000e-06	-4.312777e-09	-9.085268e-10	-3.138516e+01	-5.951933e+01
6.690000e-06	-4.338415e-09	-9.109167e-10	-3.157174e+01	-5.967441e+01
6.700000e-06	-4.363738e-09	-9.164286e-10	-3.175602e+01	-5.982454e+01
6.710000e-06	-4.388725e-09	-9.230018e-10	-3.193785e+01	-5.996978e+01
6.720000e-06	-4.413385e-09	-9.272236e-10	-3.211731e+01	-6.011018e+01
6.730000e-06	-4.437762e-09	-9.285706e-10	-3.229471e+01	-6.024580e+01
6.740000e-06	-4.461909e-09	-9.287466e-10	-3.247043e+01	-6.037673e+01
6.750000e-06	-4.485871e-09	-9.276817e-10	-3.264481e+01	-6.050305e+01
6.760000e-06	-4.509651e-09	-9.264251e-10	-3.281786e+01	-6.062487e+01
6.770000e-06	-4.533198e-09	-9.273549e-10	-3.298922e+01	-6.074229e+01
6.780000e-06	-4.556428e-09	-9.308790e-10	-3.315827e+01	-6.085543e+01
6.790000e-06	-4.579247e-09	-9.353275e-10	-3.332433e+01	-6.096442e+01
6.800000e-06	-4.601578e-09	-9.388796e-10	-3.348684e+01	-6.106938e+01
6.810000e-06	-4.623379e-09	-9.409161e-10	-3.364549e+01	-6.117046e+01
6.820000e-06	-4.644645e-09	-9.427984e-10	-3.380025e+01	-6.126778e+01
6.830000e-06	-4.665438e-09	-9.453093e-10	-3.395156e+01	-6.136151e+01
6.840000e-06	-4.685858e-09	-9.464943e-10	-3.410016e+01	-6.145177e+01
6.850000e-06	-4.706010e-09	-9.461571e-10	-3.424681e+01	-6.153871e+01
6.860000e-06	-4.725959e-09	-9.461316e-10	-3.439199e+01	-6.162247e+01
6.870000e-06	-4.745710e-09	-9.474177e-10	-3.453572e+01	-6.170319e+01
6.880000e-06	-4.765213e-09	-9.495289e-10	-3.467765e+01	-6.178101e+01
6.890000e-06	-4.784396e-09	-9.516354e-10	-3.481725e+01	-6.185606e+01
6.900000e-06	-4.803218e-09	-9.530291e-10	-3.495422e+01	-6.192846e+01
6.910000e-06	-4.821692e-09	-9.541242e-10	-3.508866e+01	-6.199833e+01
6.920000e-06	-4.839855e-09	-9.560096e-10	-3.522084e+01	-6.206577e+01
6.930000e-06	-4.857730e-09	-9.582370e-10	-3.535092e+01	-6.213090e+01
6.940000e-06	-4.875303e-09	-9.591130e-10	-3.547880e+01	-6.219380e+01
6.950000e-06	-4.892534e-09	-9.585240e-10	-3.560420e+01	-6.225455e+01
6.960000e-06	-4.909401e-09	-9.580184e-10	-3.572694e+01	-6.231323e+01
6.970000e-06	-4.925928e-09	-9.580023e-10	-3.584721e+01	-6.236989e+01
6.980000e-06	-4.942174e-09	-9.575094e-10	-3.596544e+01	-6.242460e+01
6.990000e-06	-4.958195e-09	-9.574948e-10	-3.608203e+01	-6.247738e+01
7.000000e-06	-4.973994e-09	-9.590217e-10	-3.619700e+01	-6.252827e+01
7.010000e-06	-4.989492e-09	-9.612866e-10	-3.630978e+01	-6.257728e+01
7.020000e-06	-5.004553e-09	-9.637456e-10	-3.641939e+01	-6.262444e+01
7.030000e-06	-5.019054e-09	-9.663144e-10	-3.652491e+01	-6.266973e+01
7.040000e-06	-5.032943e-09	-9.674040e-10	-3.662599e+01	-6.271315e+01
7.050000e-06	-5.046247e-09	-9.661671e-10	-3.672281e+01	-6.275468e+01
7.060000e-06	-5.059053e-09	-9.656454e-10	-3.681600e+01	-6.279431e+01
7.070000e-06	-5.071460e-09	-9.673302e-10	-3.690628e+01	-6.283199e+01
7.080000e-06	-5.083528e-09	-9.696969e-10	-3.699411e+01	-6.286770e+01
7.090000e-06	-5.095266e-09	-9.711025e-10	-3.707952e+01	-6.290140e+01
7.100000e-06	-5.106644e-09	-9.713678e-10	-3.716232e+01	-6.293304e+01
7.110000e-06	-5.117628e-09	-9.707424e-10	-3.724226e+01	-6.296259e+01
7.120000e-06	-5.128223e-09	-9.691115e-10	-3.731936e+01	-6.299000e+01
7.130000e-06	-5.138470e-09	-9.672207e-10	-3.739393e+01	-6.301523e+01
7.140000e-06	-5.148401e-09	-9.660633e-10	-3.746620e+01	-6.303825e+01
7.150000e-06	-5.158001e-09	-9.670467e-10	-3.753606e+01	-6.305900e+01
7.160000e-06	-5.167230e-09	-9.695734e-10	-3.760322e+01	-6.307746e+01
7.170000e-06	-5.176068e-09	-9.708455e-10	-3.766754e+01	-6.309361e+01
7.180000e-06	-5.184547e-09	-9.696126e-10	-3.772924e+01	-6.310742e+01
7.190000e-06	-5.192743e-09	-9.674715e-10	-3.778889e+01	-6.311889e+01
7.200000e-06	-5.200723e-09	-9.658394e-10	-3.784696e+01	-6.312799e+01
7.210000e-06	-5.208491e-09	-9.641123e-10	-3.790349e+01	-6.313475e+01
7.220000e-06	-5.215974e-09	-9.615085e-10	-3.795795e+01	-6.313916e+01
7.230000e-06	-5.223062e-09	-9.596696e-10	-3.800953e+01	-6.314126e+01
7.240000e-06	-5.229649e-09	-9.600894e-10	-3.805746e+01	-6.314108e+01
7.250000e-06	-5.235660e-09	-9.622292e-10	-3.810120e+01	-6.313866e+01
7.260000e-06	-5.241076e-09	-9.644951e-10	-3.814062e+01	-6.313405e+01
7.270000e-06	-5.245955e-09	-9.641423e-10	-3.817613e+01	-6.312731e+01
7.280000e-06	-5.250412e-09	-9.621644e-10	-3.820856e+01	-6.311853e+01
7.290000e-06	-5.254567e-09	-9.611442e-10	-3.823880e+01	-6.310777e+01
7.300000e-06	-5.258490e-09	-9.603295e-10	-3.826734e+01	-6.309514e+01
7.310000e-06	-5.262170e-09	-9.588697e-10	-3.829413e+01	-6.308072e+01
7.320000e-06	-5.265539e-09	-9.570224e-10	-3.831864e+01	-6.306462e+01
7.330000e-06	-5.268533e-09	-9.561542e-10	-3.834043e+01	-6.304696e+01
7.340000e-06	-5.271147e-09	-9.574216e-10	-3.835945e+01	-6.302784e+01
7.350000e-06	-5.273422e-09	-9.582816e-10	-3.837601e+01	-6.300739e+01
7.360000e-06	-5.275406e-09	-9.569834e-10	-3.839044e+01	-6.298571e+01
7.370000e-06	-5.277081e-09	-9.541309e-10	-3.840263e+01	-6.296294e+01
7.380000e-06	-5.278335e-09	-9.517074e-10	-3.841176e+01	-6.293919e+01
7.390000e-06	-5.279147e-09	-9.499045e-10	-3.841767e+01	-6.291457e+01
7.400000e-06	-5.279632e-09	-9.476066e-10	-3.842120e+01	-6.288920e+01
