5.228650e+01
4.994631e+01
3.797255e+01
3.138986e+01
6.143871e+01
4.228851e+01
5.221670e+01
3.688918e+01
6.008714e+01
5.200894e+01
2.036218e+01
5.402127e+01
2.332060e+01
2.443827e+01
4.934539e+01
3.227795e+01
4.105133e+01
3.612366e+01
4.983353e+01
3.208241e+01
2.087745e+01
2.390017e+01
4.736926e+01
2.887862e+01
3.282221e+01
4.153991e+01
4.476735e+01
2.776412e+01
3.654591e+01
1.580882e+01
1.814941e+01
2.110726e+01
1.613117e+01
3.154219e+01
3.632838e+01
2.961885e+01
3.262121e+01
3.484254e+01
2.432828e+00
4.572037e+01
6.817624e+01
2.268364e+01
2.541980e+01
3.019962e+01
1.781065e+01
4.506624e+01
3.439343e+01
3.531356e+01
1.348227e+01
5.221821e+01
3.413585e+01
1.645125e+01
2.655411e+01
4.345169e+00
2.730432e+01
2.540809e+00
2.968033e+01
1.139625e+01
2.718283e+01
4.308569e+01
9.300168e+00
1.420019e+01
1.262674e+01
2.296802e+01
1.984588e+00
1.343717e+01
3.180004e+01
1.653763e+00
4.812195e+00
1.141014e+01
7.808678e+00
6.930504e+00
2.342236e+01
3.353388e+01
2.290767e+01
2.192401e+00
1.045985e+01
1.212514e-01
1.049479e+00
2.574260e+00
4.623915e+00
7.668731e+00
3.707413e-01
9.039830e+00
1.264384e+01
2.845455e+01
1.683505e+00
3.040161e+00
5.327583e+00
7.494897e-01
1.615575e+01
4.361224e+00
1.305934e+00
1.202133e+01
1.830662e+00
2.276263e+01
5.734978e+00
3.557057e+01
1.399950e+01
7.643292e+00
1.239854e+01
7.180597e+00
2.507654e+01
3.526972e+00
3.080251e+01
1.440096e+01
3.662359e+00
1.415814e+01
1.466250e+01
1.778650e+01
3.609024e+01
1.320229e+01
4.412294e+00
2.318167e+00
4.070356e+00
1.451091e+01
5.272278e+01
4.178107e+00
3.975562e+01
5.267731e+01
2.978498e+01
1.145911e+01
2.993264e+01
3.633962e+01
2.376561e+01
2.400942e+01
1.931904e+01
4.419876e+01
3.275028e+01
5.640647e+01
5.536666e+01
1.829564e+01
5.220082e+01
4.649675e+01
4.399516e+01
5.011449e+01
5.313448e+01
3.147473e+01
3.894821e+01
3.248985e+01
1.272798e+01
5.930347e+01
3.482243e+01
2.587752e+01
2.497240e+01
2.571604e+01
3.962884e+01
1.243334e+01
6.396546e+01
6.973666e+01
4.329334e+01
6.195065e+01
3.947703e+01
6.978341e+01
4.894156e+01
7.397218e+01
5.113748e+01
2.833267e+01
2.260386e+01
4.804510e+01
5.722189e+01
5.091925e+01
3.661857e+01
4.596215e+01
4.702533e+01
4.681951e+01
4.578062e+01
4.407230e+01
4.383489e+01
5.765822e+01
3.646686e+01
3.665375e+01
5.640722e+01
6.554305e+01
3.106017e+01
5.104192e+01
6.829495e+01
5.571936e+01
5.269084e+01
7.433201e+01
6.267754e+01
7.934093e+01
3.319091e+01
3.770959e+01
5.901106e+01
5.356740e+01
5.563463e+01
5.015705e+01
6.736486e+01
5.923927e+01
5.309443e+01
3.306287e+01
5.601911e+01
5.776899e+01
5.956525e+01
5.675046e+01
6.138477e+01
5.531891e+01
5.747875e+01
6.441763e+01
5.044548e+01
5.074163e+01
7.958724e+01
5.674826e+01
6.312178e+01
8.654628e+01
5.324595e+01
8.384833e+01
5.595292e+01
4.545765e+01
5.552875e+01
6.189437e+01
4.136814e+01
8.270101e+01
8.402953e+01
7.841863e+01
7.943391e+01
6.677765e+01
9.724846e+01
7.854472e+01
6.620845e+01
7.160554e+01
6.704540e+01
6.166677e+01
8.980567e+01
7.590966e+01
8.040730e+01
9.848050e+01
5.890730e+01
7.016130e+01
5.606680e+01
8.082775e+01
6.287933e+01
6.191100e+01
7.062007e+01
7.362898e+01
7.263329e+01
8.176927e+01
7.231761e+01
7.067291e+01
8.997293e+01
9.972785e+01
8.133272e+01
9.143671e+01
6.736599e+01
1.011433e+02
7.824005e+01
5.213591e+01
9.345197e+01
8.134306e+01
6.842546e+01
6.560444e+01
8.899344e+01
9.778673e+01
6.739215e+01
5.898068e+01
7.227017e+01
7.991823e+01
7.339127e+01
8.654981e+01
6.532321e+01
8.483220e+01
8.306220e+01
6.576121e+01
9.318346e+01
7.528166e+01
6.930343e+01
7.427956e+01
9.456720e+01
1.063128e+02
8.629429e+01
1.183751e+02
1.249054e+02
8.936810e+01
7.487279e+01
8.073959e+01
8.607935e+01
8.637054e+01
8.431723e+01
1.075436e+02
7.388015e+01
7.637746e+01
1.018070e+02
7.771653e+01
8.691836e+01
1.097622e+02
7.138637e+01
8.014342e+01
7.354826e+01
9.898353e+01
7.378408e+01
7.712660e+01
9.104218e+01
9.506078e+01
9.477369e+01
9.087648e+01
7.878079e+01
6.832189e+01
9.249752e+01
1.035607e+02
8.742542e+01
7.996965e+01
7.927847e+01
8.378907e+01
8.342922e+01
7.801083e+01
8.099507e+01
6.032696e+01
1.097635e+02
1.063538e+02
7.791364e+01
1.076938e+02
1.154681e+02
1.064016e+02
8.565588e+01
1.176273e+02
8.775621e+01
8.072762e+01
1.195821e+02
8.746429e+01
9.256870e+01
8.439883e+01
7.678216e+01
6.730442e+01
9.503865e+01
8.794958e+01
8.166485e+01
9.912354e+01
9.472114e+01
9.657156e+01
9.342650e+01
8.739086e+01
9.130101e+01
8.900630e+01
8.262988e+01
9.318174e+01
8.827459e+01
5.833958e+01
7.135543e+01
1.023281e+02
8.168546e+01
8.734928e+01
7.882505e+01
5.160930e+01
7.510656e+01
4.904761e+01
7.908551e+01
8.505570e+01
8.018563e+01
8.409202e+01
5.786192e+01
7.726101e+01
7.152142e+01
7.977394e+01
7.102485e+01
7.984979e+01
8.436996e+01
8.056583e+01
6.406568e+01
7.151058e+01
8.809273e+01
8.329245e+01
7.862646e+01
9.149259e+01
9.271927e+01
7.187727e+01
9.160695e+01
8.294975e+01
8.019152e+01
7.026884e+01
6.553715e+01
5.737085e+01
6.241241e+01
5.512100e+01
5.849818e+01
5.675948e+01
6.190672e+01
4.677305e+01
5.551347e+01
5.263005e+01
4.583326e+01
6.474235e+01
4.372697e+01
5.497288e+01
6.034078e+01
5.409863e+01
4.529562e+01
4.874224e+01
5.731413e+01
5.144944e+01
4.237765e+01
2.751493e+01
6.463037e+01
5.630817e+01
3.992054e+01
4.431478e+01
6.742730e+01
4.252359e+01
3.987059e+01
5.608275e+01
4.081200e+01
4.755876e+01
3.409372e+01
3.656871e+01
6.437378e+01
4.014506e+01
6.178077e+01
3.778148e+01
4.036936e+01
5.136493e+01
3.427922e+01
4.423391e+01
4.460113e+01
6.565338e+01
2.920050e+01
4.965913e+01
6.097614e+01
3.763376e+01
4.704540e+01
4.265321e+01
3.257847e+01
4.186067e+01
4.096273e+01
5.435851e+01
4.807361e+01
4.884765e+01
4.417945e+01
4.362241e+01
4.811294e+01
5.027199e+01
2.760512e+01
5.927728e+01
5.269976e+01
5.916850e+01
4.966106e+01
3.397647e+01
4.315243e+01
4.402206e+01
3.843086e+01
3.590336e+01
2.362716e+01
6.015106e+01
4.719106e+01
4.862741e+01
7.022640e+01
5.404466e+01
4.805527e+01
4.585642e+01
4.436840e+01
4.839752e+01
3.811543e+01
5.646411e+01
5.417044e+01
4.072577e+01
3.516695e+01
6.520131e+01
3.934730e+01
5.146109e+01
4.172421e+01
5.488817e+01
3.896040e+01
5.052314e+01
6.094879e+01
8.942900e+01
2.977750e+01
4.239477e+01
4.046606e+01
6.028422e+01
7.295067e+01
2.655323e+01
5.256381e+01
6.155767e+01
6.365015e+01
7.297493e+01
5.705035e+01
4.426452e+01
4.160037e+01
5.349268e+01
4.518149e+01
3.259179e+01
4.388795e+01
4.059483e+01
4.290017e+01
4.111144e+01
4.332759e+01
4.593166e+01
6.675856e+01
5.891142e+01
5.028854e+01
4.854966e+01
5.745696e+01
5.062311e+01
7.217165e+01
5.780939e+01
6.472415e+01
6.015025e+01
5.435885e+01
4.680989e+01
3.680233e+01
5.432452e+01
5.871283e+01
4.914210e+01
4.772914e+01
7.163971e+01
7.921455e+01
6.323339e+01
5.090044e+01
7.753966e+01
7.588083e+01
6.245008e+01
3.587478e+01
4.531178e+01
6.790214e+01
8.086792e+01
7.819441e+01
4.785753e+01
6.794233e+01
5.291691e+01
5.095994e+01
4.173285e+01
6.155922e+01
5.635619e+01
6.128627e+01
7.452652e+01
5.109496e+01
7.135742e+01
5.814220e+01
7.572324e+01
6.198722e+01
7.051076e+01
5.888649e+01
2.943237e+01
4.795814e+01
3.613845e+01
4.773755e+01
6.277055e+01
6.522208e+01
5.011879e+01
5.557473e+01
6.524685e+01
6.796422e+01
5.421923e+01
6.251298e+01
6.584994e+01
5.188553e+01
8.494826e+01
7.602779e+01
8.135585e+01
4.803348e+01
5.965652e+01
5.107782e+01
5.805496e+01
6.663806e+01
6.155784e+01
5.484242e+01
5.095762e+01
5.289251e+01
6.106499e+01
5.237186e+01
3.450866e+01
4.350138e+01
4.194896e+01
6.088403e+01
6.244053e+01
6.360977e+01
4.115842e+01
6.696678e+01
5.630122e+01
5.134097e+01
7.277174e+01
5.763559e+01
6.950526e+01
5.542528e+01
4.380604e+01
6.118753e+01
5.719600e+01
5.349174e+01
7.077711e+01
6.634368e+01
5.414412e+01
3.602323e+01
3.968113e+01
6.857821e+01
2.924223e+01
6.039350e+01
4.490991e+01
4.961595e+01
6.507709e+01
5.220944e+01
5.373750e+01
7.478981e+01
5.175649e+01
5.575596e+01
4.789773e+01
6.005821e+01
5.598151e+01
7.094366e+01
7.430225e+01
6.116120e+01
4.419888e+01
6.416786e+01
5.527292e+01
4.903739e+01
7.225463e+01
6.089784e+01
7.332570e+01
4.506553e+01
6.197724e+01
4.334771e+01
7.283877e+01
7.727985e+01
7.311838e+01
7.668793e+01
6.239121e+01
6.131153e+01
6.457480e+01
5.482008e+01
8.281940e+01
5.340690e+01
8.933828e+01
5.415820e+01
6.497282e+01
9.846854e+01
6.247067e+01
6.578543e+01
5.784573e+01
5.608901e+01
7.987472e+01
6.229772e+01
5.563654e+01
7.931336e+01
4.977405e+01
5.060078e+01
5.725952e+01
6.844620e+01
6.359307e+01
6.447907e+01
6.645872e+01
6.467564e+01
5.523424e+01
7.649859e+01
7.462155e+01
5.836926e+01
6.147996e+01
6.014544e+01
6.732246e+01
7.451418e+01
6.936896e+01
4.999561e+01
6.166036e+01
7.199721e+01
7.393219e+01
7.486916e+01
5.947846e+01
5.851951e+01
6.607851e+01
6.204869e+01
4.401901e+01
4.927061e+01
6.538380e+01
4.906930e+01
6.920493e+01
5.473157e+01
6.922863e+01
3.823461e+01
5.863818e+01
4.481869e+01
5.665562e+01
6.152356e+01
6.801369e+01
6.755655e+01
4.741307e+01
7.762815e+01
6.609342e+01
5.096837e+01
5.933148e+01
7.814410e+01
7.562984e+01
3.352228e+01
5.422291e+01
4.979401e+01
7.812881e+01
5.420011e+01
5.526619e+01
6.871211e+01
6.778040e+01
6.079419e+01
4.656554e+01
5.026799e+01
5.306818e+01
6.428154e+01
7.966728e+01
8.936390e+01
6.678702e+01
5.021151e+01
6.816680e+01
6.921241e+01
7.011157e+01
5.670224e+01
4.783598e+01
5.007502e+01
5.329957e+01
6.479172e+01
4.642063e+01
6.776689e+01
6.009399e+01
5.111781e+01
4.063923e+01
4.900106e+01
5.311830e+01
6.073091e+01
8.010465e+01
6.866846e+01
5.933669e+01
4.868045e+01
5.056190e+01
5.160501e+01
7.247881e+01
4.718635e+01
6.069217e+01
6.980492e+01
5.599966e+01
7.442774e+01
5.156928e+01
4.916025e+01
4.560927e+01
8.793786e+01
7.346618e+01
5.700185e+01
8.526183e+01
4.702676e+01
4.703882e+01
5.028996e+01
5.363870e+01
7.320684e+01
7.848526e+01
6.101968e+01
4.305265e+01
7.593731e+01
7.305884e+01
7.415066e+01
5.491533e+01
7.003981e+01
5.055370e+01
7.252117e+01
6.822901e+01
5.239953e+01
6.561991e+01
7.417359e+01
7.381910e+01
6.443554e+01
7.007650e+01
7.062636e+01
7.323240e+01
5.562692e+01
6.243480e+01
6.369575e+01
5.233758e+01
5.893146e+01
7.328116e+01
7.304007e+01
4.464127e+01
6.864935e+01
5.948847e+01
7.902828e+01
6.185164e+01
5.977677e+01
6.412890e+01
5.463078e+01
6.174748e+01
6.157766e+01
6.567971e+01
5.975508e+01
6.937220e+01
6.817877e+01
3.967130e+01
7.361076e+01
5.685605e+01
5.647252e+01
4.582222e+01
4.928547e+01
6.955855e+01
5.302980e+01
5.494808e+01
5.790998e+01
6.329710e+01
4.630564e+01
6.839478e+01
6.326732e+01
6.933767e+01
5.197714e+01
5.270009e+01
6.226141e+01
6.931799e+01
7.179177e+01
6.302903e+01
6.679621e+01
5.022266e+01
6.812730e+01
7.069351e+01
6.278968e+01
5.996249e+01
9.334327e+01
6.448045e+01
7.293492e+01
5.751477e+01
4.931620e+01
5.592792e+01
6.782753e+01
5.782177e+01
5.297169e+01
7.505792e+01
6.318938e+01
6.032688e+01
7.992938e+01
6.108751e+01
4.012528e+01
5.958455e+01
6.746887e+01
6.025581e+01
4.859589e+01
6.393525e+01
8.222916e+01
7.867417e+01
6.073614e+01
5.789809e+01
7.587015e+01
5.188452e+01
5.357502e+01
8.448670e+01
5.624425e+01
5.572812e+01
4.566723e+01
6.010973e+01
6.555522e+01
6.056805e+01
6.465950e+01
6.745370e+01
6.976527e+01
7.208148e+01
6.016966e+01
6.395236e+01
7.828086e+01
6.518123e+01
3.401297e+01
5.470109e+01
4.444002e+01
5.935536e+01
5.432917e+01
4.790464e+01
7.651208e+01
7.069293e+01
5.821919e+01
4.822486e+01
7.969096e+01
8.350548e+01
5.497349e+01
5.026449e+01
7.677169e+01
7.592974e+01
5.971535e+01
4.758039e+01
6.878733e+01
7.074639e+01
6.165743e+01
4.344714e+01
7.191512e+01
6.226257e+01
5.691660e+01
5.623181e+01
6.889233e+01
8.175220e+01
5.436595e+01
5.744530e+01
6.183158e+01
8.590434e+01
6.714351e+01
5.712882e+01
7.508297e+01
6.959647e+01
4.941237e+01
4.399459e+01
7.312044e+01
6.075022e+01
6.712315e+01
6.453829e+01
6.156675e+01
3.256372e+01
6.010744e+01
6.689070e+01
3.569644e+01
4.948190e+01
3.611168e+01
4.535507e+01
6.060224e+01
4.401456e+01
6.224899e+01
4.659838e+01
5.452014e+01
5.453847e+01
6.617669e+01
5.297029e+01
5.178793e+01
4.586717e+01
5.433909e+01
4.471437e+01
5.655441e+01
7.302671e+01
6.011514e+01
5.514108e+01
6.777976e+01
6.054724e+01
4.424139e+01
5.160674e+01
6.197681e+01
6.449795e+01
6.094306e+01
6.232780e+01
8.340607e+01
6.912471e+01
7.040470e+01
5.260724e+01
5.253478e+01
6.230382e+01
6.341169e+01
7.074536e+01
6.746808e+01
6.063929e+01
6.393096e+01
4.132599e+01
5.571288e+01
5.082836e+01
6.486355e+01
5.852310e+01
5.740914e+01
5.530680e+01
9.415522e+01
6.281566e+01
8.172262e+01
6.827470e+01
5.637849e+01
4.182855e+01
5.736102e+01
4.896240e+01
5.149742e+01
4.947451e+01
6.171364e+01
3.330168e+01
6.022223e+01
7.267035e+01
8.710128e+01
4.626813e+01
5.640269e+01
3.609392e+01
5.985110e+01
6.834670e+01
5.573801e+01
5.977604e+01
7.518320e+01
7.789290e+01
8.223991e+01
5.638148e+01
5.166483e+01
6.967476e+01
3.321062e+01
6.178283e+01
7.190651e+01
7.575309e+01
8.006172e+01
6.625330e+01
7.661924e+01
4.739479e+01
5.177837e+01
3.726947e+01
5.233761e+01
5.771575e+01
5.967457e+01
5.958281e+01
5.394804e+01
4.665720e+01
3.992192e+01
7.826715e+01
6.937107e+01
5.841606e+01
7.682830e+01
5.592786e+01
4.119365e+01
5.278165e+01
8.244144e+01
6.642648e+01
4.694512e+01
4.782646e+01
6.372815e+01
4.488818e+01
6.179558e+01
4.133870e+01
4.461529e+01
6.323144e+01
5.239242e+01
3.043029e+01
3.851107e+01
5.059415e+01
5.210438e+01
3.960870e+01
6.452345e+01
6.183542e+01
6.192970e+01
6.081375e+01
7.014884e+01
3.632356e+01
5.546657e+01
3.628408e+01
4.305191e+01
4.903336e+01
6.015607e+01
4.817377e+01
3.872190e+01
6.009796e+01
4.704571e+01
3.393268e+01
