# Temperatura_=_24.154285714285713
# Concentracion g/m^3_=_1500.0
# C_Vs_to_Am_M_A/Vsm_=_65563218390.804596
# pendiente_HvsI_1/m_=_3716.3
# ordenada_HvsI_A/m_=_1297.0
# frecuencia_Hz_=_135012.64790264805
# Promedio de 21 ciclos

Tiempo_(s)	Campo_(V.s)	Magnetizacion_(V.s)	Campo_(kA/m)	Magnetizacion_(A/m)
0.000000e+00	-5.278666e-09	-1.047666e-09	-3.842680e+01	-7.096712e+01
1.000000e-08	-5.278741e-09	-1.054731e-09	-3.842735e+01	-7.092147e+01
2.000000e-08	-5.278598e-09	-1.058670e-09	-3.842631e+01	-7.087116e+01
3.000000e-08	-5.278210e-09	-1.057319e-09	-3.842349e+01	-7.081624e+01
4.000000e-08	-5.277482e-09	-1.050673e-09	-3.841819e+01	-7.075675e+01
5.000000e-08	-5.276310e-09	-1.042712e-09	-3.840966e+01	-7.069281e+01
6.000000e-08	-5.274617e-09	-1.038267e-09	-3.839733e+01	-7.062451e+01
7.000000e-08	-5.272336e-09	-1.041813e-09	-3.838073e+01	-7.055200e+01
8.000000e-08	-5.269462e-09	-1.053075e-09	-3.835981e+01	-7.047542e+01
9.000000e-08	-5.266025e-09	-1.062251e-09	-3.833479e+01	-7.039495e+01
1.000000e-07	-5.262144e-09	-1.063982e-09	-3.830653e+01	-7.031079e+01
1.100000e-07	-5.257976e-09	-1.067509e-09	-3.827619e+01	-7.022313e+01
1.200000e-07	-5.253624e-09	-1.050474e-09	-3.824451e+01	-7.013220e+01
1.300000e-07	-5.249045e-09	-1.048834e-09	-3.821118e+01	-7.003822e+01
1.400000e-07	-5.244080e-09	-1.043126e-09	-3.817503e+01	-6.994143e+01
1.500000e-07	-5.238683e-09	-1.037500e-09	-3.813574e+01	-6.984207e+01
1.600000e-07	-5.232922e-09	-1.022591e-09	-3.809381e+01	-6.974039e+01
1.700000e-07	-5.226814e-09	-1.029045e-09	-3.804934e+01	-6.963662e+01
1.800000e-07	-5.220331e-09	-1.046221e-09	-3.800215e+01	-6.953101e+01
1.900000e-07	-5.213490e-09	-1.038839e-09	-3.795235e+01	-6.942378e+01
2.000000e-07	-5.206364e-09	-1.014165e-09	-3.790047e+01	-6.931518e+01
2.100000e-07	-5.198965e-09	-1.005746e-09	-3.784661e+01	-6.920540e+01
2.200000e-07	-5.191252e-09	-1.022137e-09	-3.779046e+01	-6.909466e+01
2.300000e-07	-5.183259e-09	-1.023387e-09	-3.773227e+01	-6.898313e+01
2.400000e-07	-5.174975e-09	-1.016728e-09	-3.767197e+01	-6.887099e+01
2.500000e-07	-5.166264e-09	-1.021344e-09	-3.760856e+01	-6.875839e+01
2.600000e-07	-5.156976e-09	-1.045726e-09	-3.754095e+01	-6.864544e+01
2.700000e-07	-5.147100e-09	-1.042314e-09	-3.746905e+01	-6.853226e+01
2.800000e-07	-5.136727e-09	-1.034027e-09	-3.739354e+01	-6.841893e+01
2.900000e-07	-5.125874e-09	-1.035890e-09	-3.731454e+01	-6.830550e+01
3.000000e-07	-5.114537e-09	-1.045609e-09	-3.723200e+01	-6.819199e+01
3.100000e-07	-5.102769e-09	-1.041675e-09	-3.714634e+01	-6.807843e+01
3.200000e-07	-5.090640e-09	-1.054006e-09	-3.705805e+01	-6.796477e+01
3.300000e-07	-5.078162e-09	-1.065166e-09	-3.696721e+01	-6.785098e+01
3.400000e-07	-5.065293e-09	-1.058630e-09	-3.687353e+01	-6.773699e+01
3.500000e-07	-5.052032e-09	-1.042373e-09	-3.677699e+01	-6.762269e+01
3.600000e-07	-5.038409e-09	-1.044717e-09	-3.667782e+01	-6.750797e+01
3.700000e-07	-5.024428e-09	-1.037515e-09	-3.657605e+01	-6.739269e+01
3.800000e-07	-5.010053e-09	-1.026292e-09	-3.647140e+01	-6.727668e+01
3.900000e-07	-4.995177e-09	-1.028632e-09	-3.636311e+01	-6.715976e+01
4.000000e-07	-4.979721e-09	-1.041996e-09	-3.625059e+01	-6.704175e+01
4.100000e-07	-4.963765e-09	-1.042810e-09	-3.613444e+01	-6.692241e+01
4.200000e-07	-4.947387e-09	-1.043043e-09	-3.601522e+01	-6.680154e+01
4.300000e-07	-4.930610e-09	-1.048008e-09	-3.589308e+01	-6.667890e+01
4.400000e-07	-4.913532e-09	-1.040661e-09	-3.576877e+01	-6.655426e+01
4.500000e-07	-4.896189e-09	-1.033564e-09	-3.564252e+01	-6.642736e+01
4.600000e-07	-4.878567e-09	-1.033733e-09	-3.551423e+01	-6.629796e+01
4.700000e-07	-4.860651e-09	-1.033161e-09	-3.538381e+01	-6.616581e+01
4.800000e-07	-4.842389e-09	-1.027293e-09	-3.525087e+01	-6.603068e+01
4.900000e-07	-4.823719e-09	-1.032951e-09	-3.511496e+01	-6.589233e+01
5.000000e-07	-4.804628e-09	-1.033748e-09	-3.497599e+01	-6.575053e+01
5.100000e-07	-4.785188e-09	-1.029159e-09	-3.483447e+01	-6.560507e+01
5.200000e-07	-4.765466e-09	-1.024334e-09	-3.469090e+01	-6.545573e+01
5.300000e-07	-4.745518e-09	-1.026124e-09	-3.454568e+01	-6.530234e+01
5.400000e-07	-4.725365e-09	-1.021569e-09	-3.439898e+01	-6.514471e+01
5.500000e-07	-4.704977e-09	-1.021800e-09	-3.425056e+01	-6.498269e+01
5.600000e-07	-4.684288e-09	-1.021083e-09	-3.409995e+01	-6.481615e+01
5.700000e-07	-4.663258e-09	-1.016890e-09	-3.394686e+01	-6.464496e+01
5.800000e-07	-4.641910e-09	-1.011061e-09	-3.379145e+01	-6.446904e+01
5.900000e-07	-4.620255e-09	-1.010707e-09	-3.363381e+01	-6.428831e+01
6.000000e-07	-4.598311e-09	-1.005231e-09	-3.347407e+01	-6.410272e+01
6.100000e-07	-4.576069e-09	-1.000009e-09	-3.331215e+01	-6.391224e+01
6.200000e-07	-4.553484e-09	-9.966645e-10	-3.314774e+01	-6.371687e+01
6.300000e-07	-4.530545e-09	-9.959885e-10	-3.298076e+01	-6.351661e+01
6.400000e-07	-4.507272e-09	-9.948558e-10	-3.281134e+01	-6.331151e+01
6.500000e-07	-4.483705e-09	-9.926713e-10	-3.263978e+01	-6.310160e+01
6.600000e-07	-4.459888e-09	-9.866523e-10	-3.246640e+01	-6.288698e+01
6.700000e-07	-4.435864e-09	-9.827821e-10	-3.229151e+01	-6.266772e+01
6.800000e-07	-4.411628e-09	-9.813113e-10	-3.211508e+01	-6.244392e+01
6.900000e-07	-4.387134e-09	-9.790667e-10	-3.193678e+01	-6.221571e+01
7.000000e-07	-4.362311e-09	-9.751661e-10	-3.175608e+01	-6.198320e+01
7.100000e-07	-4.337062e-09	-9.725227e-10	-3.157227e+01	-6.174654e+01
7.200000e-07	-4.311334e-09	-9.691409e-10	-3.138498e+01	-6.150586e+01
7.300000e-07	-4.285119e-09	-9.616706e-10	-3.119415e+01	-6.126132e+01
7.400000e-07	-4.258430e-09	-9.528639e-10	-3.099986e+01	-6.101306e+01
7.500000e-07	-4.231311e-09	-9.446698e-10	-3.080245e+01	-6.076124e+01
7.600000e-07	-4.203839e-09	-9.422663e-10	-3.060246e+01	-6.050599e+01
7.700000e-07	-4.176098e-09	-9.433843e-10	-3.040051e+01	-6.024745e+01
7.800000e-07	-4.148155e-09	-9.436731e-10	-3.019710e+01	-5.998578e+01
7.900000e-07	-4.120040e-09	-9.396981e-10	-2.999244e+01	-5.972108e+01
8.000000e-07	-4.091732e-09	-9.352413e-10	-2.978636e+01	-5.945349e+01
8.100000e-07	-4.063162e-09	-9.269354e-10	-2.957838e+01	-5.918309e+01
8.200000e-07	-4.034283e-09	-9.165326e-10	-2.936815e+01	-5.890998e+01
8.300000e-07	-4.005098e-09	-9.060536e-10	-2.915569e+01	-5.863424e+01
8.400000e-07	-3.975615e-09	-9.017411e-10	-2.894107e+01	-5.835592e+01
8.500000e-07	-3.945869e-09	-9.021182e-10	-2.872453e+01	-5.807506e+01
8.600000e-07	-3.915869e-09	-9.057545e-10	-2.850614e+01	-5.779168e+01
8.700000e-07	-3.885645e-09	-9.054129e-10	-2.828612e+01	-5.750580e+01
8.800000e-07	-3.855202e-09	-9.007110e-10	-2.806451e+01	-5.721739e+01
8.900000e-07	-3.824497e-09	-8.919307e-10	-2.784099e+01	-5.692642e+01
9.000000e-07	-3.793480e-09	-8.828311e-10	-2.761519e+01	-5.663284e+01
9.100000e-07	-3.762170e-09	-8.735034e-10	-2.738727e+01	-5.633659e+01
9.200000e-07	-3.730639e-09	-8.673105e-10	-2.715773e+01	-5.603757e+01
9.300000e-07	-3.698918e-09	-8.651728e-10	-2.692682e+01	-5.573568e+01
9.400000e-07	-3.667033e-09	-8.674743e-10	-2.669470e+01	-5.543080e+01
9.500000e-07	-3.634987e-09	-8.681389e-10	-2.646142e+01	-5.512281e+01
9.600000e-07	-3.602752e-09	-8.632703e-10	-2.622676e+01	-5.481156e+01
9.700000e-07	-3.570297e-09	-8.545609e-10	-2.599050e+01	-5.449690e+01
9.800000e-07	-3.537602e-09	-8.465193e-10	-2.575249e+01	-5.417866e+01
9.900000e-07	-3.504588e-09	-8.398068e-10	-2.551216e+01	-5.385668e+01
1.000000e-06	-3.471205e-09	-8.326380e-10	-2.526915e+01	-5.353078e+01
1.010000e-06	-3.437430e-09	-8.267854e-10	-2.502328e+01	-5.320079e+01
1.020000e-06	-3.403269e-09	-8.235484e-10	-2.477460e+01	-5.286652e+01
1.030000e-06	-3.368754e-09	-8.215792e-10	-2.452334e+01	-5.252780e+01
1.040000e-06	-3.333862e-09	-8.174671e-10	-2.426935e+01	-5.218445e+01
1.050000e-06	-3.298629e-09	-8.107893e-10	-2.401286e+01	-5.183630e+01
1.060000e-06	-3.263107e-09	-8.036415e-10	-2.375428e+01	-5.148319e+01
1.070000e-06	-3.227367e-09	-7.984922e-10	-2.349410e+01	-5.112495e+01
1.080000e-06	-3.191471e-09	-7.933646e-10	-2.323278e+01	-5.076143e+01
1.090000e-06	-3.155444e-09	-7.858302e-10	-2.297052e+01	-5.039250e+01
1.100000e-06	-3.119302e-09	-7.764608e-10	-2.270743e+01	-5.001802e+01
1.110000e-06	-3.083028e-09	-7.690949e-10	-2.244336e+01	-4.963787e+01
1.120000e-06	-3.046577e-09	-7.627811e-10	-2.217801e+01	-4.925195e+01
1.130000e-06	-3.009915e-09	-7.567633e-10	-2.191112e+01	-4.886016e+01
1.140000e-06	-2.973028e-09	-7.494733e-10	-2.164260e+01	-4.846241e+01
1.150000e-06	-2.935916e-09	-7.424918e-10	-2.137244e+01	-4.805864e+01
1.160000e-06	-2.898616e-09	-7.365062e-10	-2.110091e+01	-4.764878e+01
1.170000e-06	-2.861114e-09	-7.319072e-10	-2.082790e+01	-4.723278e+01
1.180000e-06	-2.823395e-09	-7.258962e-10	-2.055332e+01	-4.681060e+01
1.190000e-06	-2.785476e-09	-7.182972e-10	-2.027729e+01	-4.638220e+01
1.200000e-06	-2.747352e-09	-7.098258e-10	-1.999976e+01	-4.594756e+01
1.210000e-06	-2.709033e-09	-7.023077e-10	-1.972081e+01	-4.550666e+01
1.220000e-06	-2.670544e-09	-6.951264e-10	-1.944062e+01	-4.505947e+01
1.230000e-06	-2.631864e-09	-6.877742e-10	-1.915905e+01	-4.460598e+01
1.240000e-06	-2.592966e-09	-6.801139e-10	-1.887588e+01	-4.414617e+01
1.250000e-06	-2.553892e-09	-6.737152e-10	-1.859144e+01	-4.368001e+01
1.260000e-06	-2.514646e-09	-6.680935e-10	-1.830575e+01	-4.320749e+01
1.270000e-06	-2.475221e-09	-6.605022e-10	-1.801874e+01	-4.272857e+01
1.280000e-06	-2.435650e-09	-6.490761e-10	-1.773068e+01	-4.224319e+01
1.290000e-06	-2.395937e-09	-6.357545e-10	-1.744158e+01	-4.175132e+01
1.300000e-06	-2.356099e-09	-6.239233e-10	-1.715158e+01	-4.125287e+01
1.310000e-06	-2.316168e-09	-6.164197e-10	-1.686090e+01	-4.074776e+01
1.320000e-06	-2.276159e-09	-6.114302e-10	-1.656964e+01	-4.023590e+01
1.330000e-06	-2.236058e-09	-6.064960e-10	-1.627772e+01	-3.971715e+01
1.340000e-06	-2.195840e-09	-6.002261e-10	-1.598495e+01	-3.919137e+01
1.350000e-06	-2.155511e-09	-5.909557e-10	-1.569137e+01	-3.865841e+01
1.360000e-06	-2.115057e-09	-5.777275e-10	-1.539688e+01	-3.811806e+01
1.370000e-06	-2.074449e-09	-5.616955e-10	-1.510127e+01	-3.757011e+01
1.380000e-06	-2.033692e-09	-5.470353e-10	-1.480457e+01	-3.701434e+01
1.390000e-06	-1.992770e-09	-5.360462e-10	-1.450668e+01	-3.645047e+01
1.400000e-06	-1.951633e-09	-5.271727e-10	-1.420721e+01	-3.587822e+01
1.410000e-06	-1.910261e-09	-5.187720e-10	-1.390604e+01	-3.529729e+01
1.420000e-06	-1.868687e-09	-5.122612e-10	-1.360340e+01	-3.470734e+01
1.430000e-06	-1.826912e-09	-5.066698e-10	-1.329929e+01	-3.410803e+01
1.440000e-06	-1.784917e-09	-4.987657e-10	-1.299358e+01	-3.349897e+01
1.450000e-06	-1.742696e-09	-4.863757e-10	-1.268623e+01	-3.287979e+01
1.460000e-06	-1.700241e-09	-4.723386e-10	-1.237717e+01	-3.225008e+01
1.470000e-06	-1.657610e-09	-4.602192e-10	-1.206683e+01	-3.160943e+01
1.480000e-06	-1.614772e-09	-4.511023e-10	-1.175499e+01	-3.095741e+01
1.490000e-06	-1.571702e-09	-4.428001e-10	-1.144146e+01	-3.029359e+01
1.500000e-06	-1.528468e-09	-4.343939e-10	-1.112673e+01	-2.961756e+01
1.510000e-06	-1.485101e-09	-4.258583e-10	-1.081103e+01	-2.892887e+01
1.520000e-06	-1.441601e-09	-4.188866e-10	-1.049437e+01	-2.822711e+01
1.530000e-06	-1.397979e-09	-4.117842e-10	-1.017682e+01	-2.751186e+01
1.540000e-06	-1.354269e-09	-4.011893e-10	-9.858628e+00	-2.678274e+01
1.550000e-06	-1.310496e-09	-3.859350e-10	-9.539976e+00	-2.603936e+01
1.560000e-06	-1.266660e-09	-3.715539e-10	-9.220862e+00	-2.528138e+01
1.570000e-06	-1.222761e-09	-3.623574e-10	-8.901290e+00	-2.450847e+01
1.580000e-06	-1.178821e-09	-3.560253e-10	-8.581423e+00	-2.372034e+01
1.590000e-06	-1.134846e-09	-3.463983e-10	-8.261303e+00	-2.291673e+01
1.600000e-06	-1.090818e-09	-3.336805e-10	-7.940796e+00	-2.209743e+01
1.610000e-06	-1.046740e-09	-3.215049e-10	-7.619918e+00	-2.126229e+01
1.620000e-06	-1.002630e-09	-3.109861e-10	-7.298818e+00	-2.041117e+01
1.630000e-06	-9.584778e-10	-2.987752e-10	-6.977401e+00	-1.954402e+01
1.640000e-06	-9.142777e-10	-2.824715e-10	-6.655639e+00	-1.866082e+01
1.650000e-06	-8.700440e-10	-2.660345e-10	-6.333633e+00	-1.776164e+01
1.660000e-06	-8.257823e-10	-2.533940e-10	-6.011424e+00	-1.684657e+01
1.670000e-06	-7.815000e-10	-2.438276e-10	-5.689064e+00	-1.591580e+01
1.680000e-06	-7.371895e-10	-2.322589e-10	-5.366499e+00	-1.496956e+01
1.690000e-06	-6.928302e-10	-2.163871e-10	-5.043578e+00	-1.400815e+01
1.700000e-06	-6.484207e-10	-1.993413e-10	-4.720293e+00	-1.303196e+01
1.710000e-06	-6.039763e-10	-1.845821e-10	-4.396753e+00	-1.204142e+01
1.720000e-06	-5.595094e-10	-1.706815e-10	-4.073050e+00	-1.103704e+01
1.730000e-06	-5.150128e-10	-1.568020e-10	-3.749130e+00	-1.001938e+01
1.740000e-06	-4.704779e-10	-1.429989e-10	-3.424932e+00	-8.989079e+00
1.750000e-06	-4.259175e-10	-1.296139e-10	-3.100548e+00	-7.946834e+00
1.760000e-06	-3.813325e-10	-1.155229e-10	-2.775985e+00	-6.893401e+00
1.770000e-06	-3.367169e-10	-9.881124e-11	-2.451199e+00	-5.829591e+00
1.780000e-06	-2.920560e-10	-7.892483e-11	-2.126084e+00	-4.756269e+00
1.790000e-06	-2.473767e-10	-6.049963e-11	-1.800834e+00	-3.674349e+00
1.800000e-06	-2.027013e-10	-4.705047e-11	-1.475613e+00	-2.584790e+00
1.810000e-06	-1.580178e-10	-3.516823e-11	-1.150333e+00	-1.488591e+00
1.820000e-06	-1.133427e-10	-2.239600e-11	-8.251147e-01	-3.867850e-01
1.830000e-06	-6.867347e-11	-8.560962e-12	-4.999382e-01	7.195634e-01
1.840000e-06	-2.398108e-11	7.163406e-12	-1.745935e-01	1.829366e+00
1.850000e-06	2.072239e-11	2.683316e-11	1.508316e-01	2.941518e+00
1.860000e-06	6.541422e-11	5.064996e-11	4.761721e-01	4.054899e+00
1.870000e-06	1.101073e-10	7.435818e-11	8.015215e-01	5.168384e+00
1.880000e-06	1.548115e-10	9.412769e-11	1.126952e+00	6.280847e+00
1.890000e-06	1.995109e-10	1.092876e-10	1.452348e+00	7.391170e+00
1.900000e-06	2.441837e-10	1.229157e-10	1.777550e+00	8.498244e+00
1.910000e-06	2.888338e-10	1.353284e-10	2.102587e+00	9.600980e+00
1.920000e-06	3.334662e-10	1.459944e-10	2.427494e+00	1.069831e+01
1.930000e-06	3.780653e-10	1.568950e-10	2.752160e+00	1.178920e+01
1.940000e-06	4.226326e-10	1.716839e-10	3.076594e+00	1.287264e+01
1.950000e-06	4.671700e-10	1.911181e-10	3.400811e+00	1.394768e+01
1.960000e-06	5.116674e-10	2.134068e-10	3.724736e+00	1.501339e+01
1.970000e-06	5.561228e-10	2.358262e-10	4.048356e+00	1.606891e+01
1.980000e-06	6.005327e-10	2.539492e-10	4.371644e+00	1.711342e+01
1.990000e-06	6.449128e-10	2.651843e-10	4.694716e+00	1.814615e+01
2.000000e-06	6.892504e-10	2.718119e-10	5.017478e+00	1.916641e+01
2.010000e-06	7.335364e-10	2.791908e-10	5.339865e+00	2.017356e+01
2.020000e-06	7.778085e-10	2.911037e-10	5.662150e+00	2.116702e+01
2.030000e-06	8.220622e-10	3.080052e-10	5.984301e+00	2.214628e+01
2.040000e-06	8.662792e-10	3.279382e-10	6.306186e+00	2.311090e+01
2.050000e-06	9.104668e-10	3.491587e-10	6.627857e+00	2.406050e+01
2.060000e-06	9.546229e-10	3.697568e-10	6.949299e+00	2.499476e+01
2.070000e-06	9.987406e-10	3.857062e-10	7.270460e+00	2.591345e+01
2.080000e-06	1.042817e-09	3.941781e-10	7.591324e+00	2.681638e+01
2.090000e-06	1.086862e-09	3.986458e-10	7.911958e+00	2.770343e+01
2.100000e-06	1.130876e-09	4.051017e-10	8.232358e+00	2.857456e+01
2.110000e-06	1.174835e-09	4.158962e-10	8.552371e+00	2.942976e+01
2.120000e-06	1.218730e-09	4.299253e-10	8.871910e+00	3.026909e+01
2.130000e-06	1.262559e-09	4.466224e-10	9.190971e+00	3.109267e+01
2.140000e-06	1.306342e-09	4.640625e-10	9.509693e+00	3.190065e+01
2.150000e-06	1.350082e-09	4.799933e-10	9.828106e+00	3.269325e+01
2.160000e-06	1.393749e-09	4.919294e-10	1.014599e+01	3.347070e+01
2.170000e-06	1.437324e-09	5.002288e-10	1.046319e+01	3.423329e+01
2.180000e-06	1.480790e-09	5.062845e-10	1.077962e+01	3.498134e+01
2.190000e-06	1.524124e-09	5.121488e-10	1.109507e+01	3.571519e+01
2.200000e-06	1.567293e-09	5.209222e-10	1.140933e+01	3.643521e+01
2.210000e-06	1.610273e-09	5.332002e-10	1.172220e+01	3.714178e+01
2.220000e-06	1.653060e-09	5.461470e-10	1.203368e+01	3.783531e+01
2.230000e-06	1.695642e-09	5.582105e-10	1.234366e+01	3.851619e+01
2.240000e-06	1.737990e-09	5.707897e-10	1.265194e+01	3.918485e+01
2.250000e-06	1.780081e-09	5.829006e-10	1.295834e+01	3.984170e+01
2.260000e-06	1.821916e-09	5.910210e-10	1.326288e+01	4.048714e+01
2.270000e-06	1.863519e-09	5.962724e-10	1.356573e+01	4.112159e+01
2.280000e-06	1.904901e-09	6.027384e-10	1.386698e+01	4.174542e+01
2.290000e-06	1.946073e-09	6.114254e-10	1.416670e+01	4.235903e+01
2.300000e-06	1.987057e-09	6.216972e-10	1.446504e+01	4.296277e+01
2.310000e-06	2.027851e-09	6.324799e-10	1.476201e+01	4.355698e+01
2.320000e-06	2.068453e-09	6.429965e-10	1.505758e+01	4.414199e+01
2.330000e-06	2.108908e-09	6.536075e-10	1.535207e+01	4.471809e+01
2.340000e-06	2.149259e-09	6.638012e-10	1.564582e+01	4.528555e+01
2.350000e-06	2.189521e-09	6.714759e-10	1.593892e+01	4.584462e+01
2.360000e-06	2.229677e-09	6.769489e-10	1.623124e+01	4.639552e+01
2.370000e-06	2.269729e-09	6.828870e-10	1.652280e+01	4.693843e+01
2.380000e-06	2.309701e-09	6.909020e-10	1.681378e+01	4.747353e+01
2.390000e-06	2.349573e-09	7.003190e-10	1.710404e+01	4.800095e+01
2.400000e-06	2.389325e-09	7.095738e-10	1.739342e+01	4.852080e+01
2.410000e-06	2.428948e-09	7.178425e-10	1.768186e+01	4.903318e+01
2.420000e-06	2.468427e-09	7.248744e-10	1.796925e+01	4.953815e+01
2.430000e-06	2.507729e-09	7.314976e-10	1.825536e+01	5.003575e+01
2.440000e-06	2.546839e-09	7.384996e-10	1.854007e+01	5.052600e+01
2.450000e-06	2.585754e-09	7.453396e-10	1.882335e+01	5.100892e+01
2.460000e-06	2.624468e-09	7.527261e-10	1.910517e+01	5.148449e+01
2.470000e-06	2.662984e-09	7.606351e-10	1.938556e+01	5.195268e+01
2.480000e-06	2.701311e-09	7.678601e-10	1.966457e+01	5.241348e+01
2.490000e-06	2.739474e-09	7.745205e-10	1.994238e+01	5.286684e+01
2.500000e-06	2.777475e-09	7.820922e-10	2.021901e+01	5.331270e+01
2.510000e-06	2.815305e-09	7.897882e-10	2.049440e+01	5.375103e+01
2.520000e-06	2.852953e-09	7.958687e-10	2.076847e+01	5.418177e+01
2.530000e-06	2.890394e-09	7.998117e-10	2.104102e+01	5.460488e+01
2.540000e-06	2.927629e-09	8.040420e-10	2.131208e+01	5.502031e+01
2.550000e-06	2.964644e-09	8.116790e-10	2.158154e+01	5.542802e+01
2.560000e-06	3.001419e-09	8.211182e-10	2.184925e+01	5.582800e+01
2.570000e-06	3.037969e-09	8.279888e-10	2.211532e+01	5.622022e+01
2.580000e-06	3.074349e-09	8.317659e-10	2.238015e+01	5.660468e+01
2.590000e-06	3.110602e-09	8.354892e-10	2.264406e+01	5.698138e+01
2.600000e-06	3.146728e-09	8.414772e-10	2.290705e+01	5.735036e+01
2.610000e-06	3.182732e-09	8.485379e-10	2.316914e+01	5.771164e+01
2.620000e-06	3.218616e-09	8.546662e-10	2.343037e+01	5.806529e+01
2.630000e-06	3.254352e-09	8.616792e-10	2.369051e+01	5.841137e+01
2.640000e-06	3.289891e-09	8.705087e-10	2.394922e+01	5.874997e+01
2.650000e-06	3.325152e-09	8.783909e-10	2.420591e+01	5.908120e+01
2.660000e-06	3.360059e-09	8.832532e-10	2.446002e+01	5.940518e+01
2.670000e-06	3.394582e-09	8.870167e-10	2.471133e+01	5.972204e+01
2.680000e-06	3.428692e-09	8.910363e-10	2.495964e+01	6.003193e+01
2.690000e-06	3.462370e-09	8.955046e-10	2.520481e+01	6.033501e+01
2.700000e-06	3.495649e-09	9.007472e-10	2.544707e+01	6.063146e+01
2.710000e-06	3.528566e-09	9.063391e-10	2.568669e+01	6.092146e+01
2.720000e-06	3.561193e-09	9.120809e-10	2.592420e+01	6.120520e+01
2.730000e-06	3.593592e-09	9.184467e-10	2.616005e+01	6.148288e+01
2.740000e-06	3.625800e-09	9.243104e-10	2.639452e+01	6.175471e+01
2.750000e-06	3.657869e-09	9.277824e-10	2.662797e+01	6.202090e+01
2.760000e-06	3.689789e-09	9.302709e-10	2.686034e+01	6.228165e+01
2.770000e-06	3.721527e-09	9.352310e-10	2.709138e+01	6.253716e+01
2.780000e-06	3.753057e-09	9.416763e-10	2.732090e+01	6.278765e+01
2.790000e-06	3.784306e-09	9.454622e-10	2.754839e+01	6.303330e+01
2.800000e-06	3.815240e-09	9.466089e-10	2.777358e+01	6.327431e+01
2.810000e-06	3.845876e-09	9.492485e-10	2.799660e+01	6.351087e+01
2.820000e-06	3.876224e-09	9.554048e-10	2.821752e+01	6.374313e+01
2.830000e-06	3.906336e-09	9.611333e-10	2.843672e+01	6.397127e+01
2.840000e-06	3.936255e-09	9.639212e-10	2.865452e+01	6.419541e+01
2.850000e-06	3.965950e-09	9.654594e-10	2.887069e+01	6.441571e+01
2.860000e-06	3.995377e-09	9.697638e-10	2.908491e+01	6.463226e+01
2.870000e-06	4.024514e-09	9.763870e-10	2.929702e+01	6.484517e+01
2.880000e-06	4.053352e-09	9.820800e-10	2.950695e+01	6.505451e+01
2.890000e-06	4.081921e-09	9.865445e-10	2.971492e+01	6.526036e+01
2.900000e-06	4.110270e-09	9.907414e-10	2.992129e+01	6.546276e+01
2.910000e-06	4.138438e-09	9.957915e-10	3.012634e+01	6.566173e+01
2.920000e-06	4.166440e-09	9.992234e-10	3.033018e+01	6.585729e+01
2.930000e-06	4.194275e-09	9.999419e-10	3.053281e+01	6.604944e+01
2.940000e-06	4.221880e-09	1.000378e-09	3.073377e+01	6.623815e+01
2.950000e-06	4.249170e-09	1.003604e-09	3.093243e+01	6.642340e+01
2.960000e-06	4.276024e-09	1.009454e-09	3.112792e+01	6.660513e+01
2.970000e-06	4.302343e-09	1.015822e-09	3.131951e+01	6.678330e+01
2.980000e-06	4.328123e-09	1.019613e-09	3.150718e+01	6.695782e+01
2.990000e-06	4.353374e-09	1.020820e-09	3.169100e+01	6.712863e+01
3.000000e-06	4.378185e-09	1.021529e-09	3.187161e+01	6.729565e+01
3.010000e-06	4.402664e-09	1.022513e-09	3.204981e+01	6.745878e+01
3.020000e-06	4.426893e-09	1.024232e-09	3.222619e+01	6.761794e+01
3.030000e-06	4.450910e-09	1.026596e-09	3.240102e+01	6.777305e+01
3.040000e-06	4.474688e-09	1.030434e-09	3.257412e+01	6.792401e+01
3.050000e-06	4.498191e-09	1.035242e-09	3.274521e+01	6.807075e+01
3.060000e-06	4.521380e-09	1.039074e-09	3.291402e+01	6.821317e+01
3.070000e-06	4.544239e-09	1.040020e-09	3.308043e+01	6.835123e+01
3.080000e-06	4.566774e-09	1.039887e-09	3.324447e+01	6.848485e+01
3.090000e-06	4.589007e-09	1.041179e-09	3.340632e+01	6.861399e+01
3.100000e-06	4.610961e-09	1.044222e-09	3.356614e+01	6.873860e+01
3.110000e-06	4.632621e-09	1.048102e-09	3.372382e+01	6.885867e+01
3.120000e-06	4.653956e-09	1.052270e-09	3.387913e+01	6.897419e+01
3.130000e-06	4.674941e-09	1.055489e-09	3.403189e+01	6.908517e+01
3.140000e-06	4.695596e-09	1.056633e-09	3.418226e+01	6.919162e+01
3.150000e-06	4.715996e-09	1.055946e-09	3.433076e+01	6.929360e+01
3.160000e-06	4.736185e-09	1.056186e-09	3.447773e+01	6.939116e+01
3.170000e-06	4.756177e-09	1.058409e-09	3.462327e+01	6.948438e+01
3.180000e-06	4.775963e-09	1.062212e-09	3.476730e+01	6.957334e+01
3.190000e-06	4.795468e-09	1.066011e-09	3.490929e+01	6.965816e+01
3.200000e-06	4.814608e-09	1.067323e-09	3.504862e+01	6.973896e+01
3.210000e-06	4.833330e-09	1.067197e-09	3.518491e+01	6.981589e+01
3.220000e-06	4.851609e-09	1.067264e-09	3.531797e+01	6.988909e+01
3.230000e-06	4.869466e-09	1.067389e-09	3.544797e+01	6.995872e+01
3.240000e-06	4.886971e-09	1.068008e-09	3.557539e+01	7.002497e+01
3.250000e-06	4.904212e-09	1.070758e-09	3.570091e+01	7.008802e+01
3.260000e-06	4.921200e-09	1.076364e-09	3.582457e+01	7.014805e+01
3.270000e-06	4.937874e-09	1.082410e-09	3.594595e+01	7.020527e+01
3.280000e-06	4.954178e-09	1.085594e-09	3.606464e+01	7.025986e+01
3.290000e-06	4.970070e-09	1.084062e-09	3.618033e+01	7.031204e+01
3.300000e-06	4.985482e-09	1.079201e-09	3.629253e+01	7.036199e+01
3.310000e-06	5.000416e-09	1.074694e-09	3.640124e+01	7.040990e+01
3.320000e-06	5.014946e-09	1.072975e-09	3.650701e+01	7.045597e+01
3.330000e-06	5.029113e-09	1.075162e-09	3.661015e+01	7.050036e+01
3.340000e-06	5.042941e-09	1.080542e-09	3.671080e+01	7.054325e+01
3.350000e-06	5.056417e-09	1.087511e-09	3.680891e+01	7.058479e+01
3.360000e-06	5.069521e-09	1.092259e-09	3.690430e+01	7.062512e+01
3.370000e-06	5.082270e-09	1.092366e-09	3.699711e+01	7.066435e+01
3.380000e-06	5.094677e-09	1.088969e-09	3.708743e+01	7.070261e+01
3.390000e-06	5.106739e-09	1.084961e-09	3.717523e+01	7.073996e+01
3.400000e-06	5.118442e-09	1.082625e-09	3.726042e+01	7.077648e+01
3.410000e-06	5.129742e-09	1.082503e-09	3.734269e+01	7.081221e+01
3.420000e-06	5.140532e-09	1.085894e-09	3.742124e+01	7.084718e+01
3.430000e-06	5.150712e-09	1.091583e-09	3.749534e+01	7.088137e+01
3.440000e-06	5.160279e-09	1.094496e-09	3.756499e+01	7.091478e+01
3.450000e-06	5.169299e-09	1.093207e-09	3.763065e+01	7.094735e+01
3.460000e-06	5.177881e-09	1.090363e-09	3.769312e+01	7.097902e+01
3.470000e-06	5.186147e-09	1.089748e-09	3.775329e+01	7.100970e+01
3.480000e-06	5.194166e-09	1.090610e-09	3.781167e+01	7.103928e+01
3.490000e-06	5.201952e-09	1.090606e-09	3.786835e+01	7.106764e+01
3.500000e-06	5.209466e-09	1.090596e-09	3.792305e+01	7.109462e+01
3.510000e-06	5.216616e-09	1.092168e-09	3.797510e+01	7.112008e+01
3.520000e-06	5.223381e-09	1.093820e-09	3.802435e+01	7.114382e+01
3.530000e-06	5.229793e-09	1.093598e-09	3.807102e+01	7.116566e+01
3.540000e-06	5.235861e-09	1.092602e-09	3.811519e+01	7.118541e+01
3.550000e-06	5.241582e-09	1.092027e-09	3.815684e+01	7.120286e+01
3.560000e-06	5.246928e-09	1.091739e-09	3.819576e+01	7.121780e+01
3.570000e-06	5.251871e-09	1.091188e-09	3.823175e+01	7.123001e+01
3.580000e-06	5.256467e-09	1.089537e-09	3.826520e+01	7.123928e+01
3.590000e-06	5.260792e-09	1.087399e-09	3.829669e+01	7.124540e+01
3.600000e-06	5.264882e-09	1.085759e-09	3.832646e+01	7.124816e+01
3.610000e-06	5.268739e-09	1.084852e-09	3.835454e+01	7.124736e+01
3.620000e-06	5.272289e-09	1.084386e-09	3.838038e+01	7.124281e+01
3.630000e-06	5.275431e-09	1.085202e-09	3.840326e+01	7.123434e+01
3.640000e-06	5.278066e-09	1.087931e-09	3.842243e+01	7.122178e+01
3.650000e-06	5.280085e-09	1.089504e-09	3.843713e+01	7.120498e+01
3.660000e-06	5.281506e-09	1.087942e-09	3.844748e+01	7.118382e+01
3.670000e-06	5.282437e-09	1.084786e-09	3.845426e+01	7.115819e+01
3.680000e-06	5.282963e-09	1.082474e-09	3.845809e+01	7.112800e+01
3.690000e-06	5.283192e-09	1.081208e-09	3.845975e+01	7.109318e+01
3.700000e-06	5.283188e-09	1.079886e-09	3.845973e+01	7.105371e+01
3.710000e-06	5.282931e-09	1.078520e-09	3.845786e+01	7.100956e+01
3.720000e-06	5.282351e-09	1.079054e-09	3.845363e+01	7.096074e+01
3.730000e-06	5.281395e-09	1.081335e-09	3.844667e+01	7.090728e+01
3.740000e-06	5.280067e-09	1.082037e-09	3.843701e+01	7.084925e+01
3.750000e-06	5.278399e-09	1.080223e-09	3.842486e+01	7.078672e+01
3.760000e-06	5.276419e-09	1.077807e-09	3.841045e+01	7.071979e+01
3.770000e-06	5.274135e-09	1.070065e-09	3.839383e+01	7.064861e+01
3.780000e-06	5.271499e-09	1.062468e-09	3.837464e+01	7.057331e+01
3.790000e-06	5.268407e-09	1.060191e-09	3.835213e+01	7.049406e+01
3.800000e-06	5.264854e-09	1.054876e-09	3.832627e+01	7.041105e+01
3.810000e-06	5.260978e-09	1.068544e-09	3.829805e+01	7.032448e+01
3.820000e-06	5.256925e-09	1.082500e-09	3.826855e+01	7.023456e+01
3.830000e-06	5.252679e-09	1.079239e-09	3.823763e+01	7.014152e+01
3.840000e-06	5.248047e-09	1.075893e-09	3.820392e+01	7.004559e+01
3.850000e-06	5.242882e-09	1.076096e-09	3.816631e+01	6.994701e+01
3.860000e-06	5.237241e-09	1.084206e-09	3.812525e+01	6.984602e+01
3.870000e-06	5.231261e-09	1.066193e-09	3.808172e+01	6.974287e+01
3.880000e-06	5.224844e-09	1.050292e-09	3.803501e+01	6.963780e+01
3.890000e-06	5.217843e-09	1.060933e-09	3.798404e+01	6.953105e+01
3.900000e-06	5.210353e-09	1.082796e-09	3.792951e+01	6.942283e+01
3.910000e-06	5.202524e-09	1.080301e-09	3.787252e+01	6.931338e+01
3.920000e-06	5.194388e-09	1.065598e-09	3.781330e+01	6.920290e+01
3.930000e-06	5.185936e-09	1.075603e-09	3.775177e+01	6.909158e+01
3.940000e-06	5.177208e-09	1.078057e-09	3.768823e+01	6.897959e+01
3.950000e-06	5.168184e-09	1.052980e-09	3.762254e+01	6.886708e+01
3.960000e-06	5.158780e-09	1.026033e-09	3.755408e+01	6.875420e+01
3.970000e-06	5.148969e-09	1.039527e-09	3.748267e+01	6.864106e+01
3.980000e-06	5.138808e-09	1.047204e-09	3.740870e+01	6.852773e+01
3.990000e-06	5.128303e-09	1.026087e-09	3.733223e+01	6.841429e+01
4.000000e-06	5.117409e-09	1.018313e-09	3.725292e+01	6.830077e+01
4.010000e-06	5.106108e-09	1.037777e-09	3.717065e+01	6.818720e+01
4.020000e-06	5.094429e-09	1.032935e-09	3.708564e+01	6.807354e+01
4.030000e-06	5.082378e-09	1.009789e-09	3.699791e+01	6.795977e+01
4.040000e-06	5.069939e-09	1.015639e-09	3.690736e+01	6.784582e+01
4.050000e-06	5.057098e-09	1.035286e-09	3.681388e+01	6.773160e+01
4.060000e-06	5.043730e-09	1.022245e-09	3.671657e+01	6.761700e+01
4.070000e-06	5.029720e-09	1.012123e-09	3.661458e+01	6.750188e+01
4.080000e-06	5.015108e-09	1.021606e-09	3.650821e+01	6.738609e+01
4.090000e-06	5.000021e-09	1.019633e-09	3.639838e+01	6.726946e+01
4.100000e-06	4.984563e-09	1.002096e-09	3.628585e+01	6.715179e+01
4.110000e-06	4.968811e-09	1.004831e-09	3.617119e+01	6.703288e+01
4.120000e-06	4.952809e-09	1.011902e-09	3.605470e+01	6.691251e+01
4.130000e-06	4.936528e-09	1.002918e-09	3.593617e+01	6.679044e+01
4.140000e-06	4.919912e-09	1.003263e-09	3.581521e+01	6.666644e+01
4.150000e-06	4.902951e-09	1.006626e-09	3.569174e+01	6.654027e+01
4.160000e-06	4.885649e-09	9.936713e-10	3.556580e+01	6.641169e+01
4.170000e-06	4.868028e-09	9.838167e-10	3.543752e+01	6.628043e+01
4.180000e-06	4.850092e-09	9.922549e-10	3.530695e+01	6.614628e+01
4.190000e-06	4.831844e-09	9.888198e-10	3.517412e+01	6.600897e+01
4.200000e-06	4.813278e-09	9.801669e-10	3.503896e+01	6.586830e+01
4.210000e-06	4.794354e-09	9.807909e-10	3.490120e+01	6.572402e+01
4.220000e-06	4.775079e-09	9.818678e-10	3.476089e+01	6.557594e+01
4.230000e-06	4.755526e-09	9.736119e-10	3.461855e+01	6.542386e+01
4.240000e-06	4.735763e-09	9.718720e-10	3.447467e+01	6.526760e+01
4.250000e-06	4.715817e-09	9.661144e-10	3.432948e+01	6.510700e+01
4.260000e-06	4.695646e-09	9.598930e-10	3.418264e+01	6.494192e+01
4.270000e-06	4.675171e-09	9.611172e-10	3.403359e+01	6.477224e+01
4.280000e-06	4.654312e-09	9.646058e-10	3.388174e+01	6.459784e+01
4.290000e-06	4.632968e-09	9.596074e-10	3.372637e+01	6.441866e+01
4.300000e-06	4.611052e-09	9.589116e-10	3.356683e+01	6.423463e+01
4.310000e-06	4.588545e-09	9.566155e-10	3.340299e+01	6.404573e+01
4.320000e-06	4.565520e-09	9.492391e-10	3.323537e+01	6.385192e+01
4.330000e-06	4.542113e-09	9.419363e-10	3.306498e+01	6.365323e+01
4.340000e-06	4.518428e-09	9.378744e-10	3.289256e+01	6.344967e+01
4.350000e-06	4.494533e-09	9.339056e-10	3.271862e+01	6.324130e+01
4.360000e-06	4.470446e-09	9.367057e-10	3.254327e+01	6.302818e+01
4.370000e-06	4.446136e-09	9.388047e-10	3.236630e+01	6.281039e+01
4.380000e-06	4.421549e-09	9.367728e-10	3.218731e+01	6.258804e+01
4.390000e-06	4.396614e-09	9.353940e-10	3.200579e+01	6.236122e+01
4.400000e-06	4.371317e-09	9.297255e-10	3.182165e+01	6.213007e+01
4.410000e-06	4.345719e-09	9.171869e-10	3.163530e+01	6.189472e+01
4.420000e-06	4.319868e-09	9.083197e-10	3.144712e+01	6.165532e+01
4.430000e-06	4.293759e-09	9.049449e-10	3.125705e+01	6.141199e+01
4.440000e-06	4.267362e-09	9.027455e-10	3.106489e+01	6.116490e+01
4.450000e-06	4.240644e-09	9.033064e-10	3.087039e+01	6.091419e+01
4.460000e-06	4.213609e-09	9.044062e-10	3.067359e+01	6.066001e+01
4.470000e-06	4.186273e-09	9.052676e-10	3.047459e+01	6.040251e+01
4.480000e-06	4.158677e-09	9.051560e-10	3.027370e+01	6.014182e+01
4.490000e-06	4.130880e-09	9.022891e-10	3.007135e+01	5.987806e+01
4.500000e-06	4.102936e-09	8.942911e-10	2.986793e+01	5.961137e+01
4.510000e-06	4.074815e-09	8.886369e-10	2.966321e+01	5.934185e+01
4.520000e-06	4.046438e-09	8.846536e-10	2.945664e+01	5.906959e+01
4.530000e-06	4.017718e-09	8.823397e-10	2.924757e+01	5.879467e+01
4.540000e-06	3.988575e-09	8.803677e-10	2.903542e+01	5.851715e+01
4.550000e-06	3.958998e-09	8.797949e-10	2.882011e+01	5.823709e+01
4.560000e-06	3.928981e-09	8.782009e-10	2.860160e+01	5.795451e+01
4.570000e-06	3.898507e-09	8.763116e-10	2.837976e+01	5.766942e+01
4.580000e-06	3.867615e-09	8.725062e-10	2.815488e+01	5.738181e+01
4.590000e-06	3.836378e-09	8.685274e-10	2.792749e+01	5.709165e+01
4.600000e-06	3.804866e-09	8.639285e-10	2.769809e+01	5.679890e+01
4.610000e-06	3.773149e-09	8.597127e-10	2.746720e+01	5.650350e+01
4.620000e-06	3.741266e-09	8.549680e-10	2.723510e+01	5.620537e+01
4.630000e-06	3.709206e-09	8.506513e-10	2.700172e+01	5.590440e+01
4.640000e-06	3.676943e-09	8.468753e-10	2.676685e+01	5.560048e+01
4.650000e-06	3.644471e-09	8.454203e-10	2.653047e+01	5.529350e+01
4.660000e-06	3.611749e-09	8.429206e-10	2.629226e+01	5.498330e+01
4.670000e-06	3.578767e-09	8.385156e-10	2.605217e+01	5.466975e+01
4.680000e-06	3.545534e-09	8.343885e-10	2.581025e+01	5.435267e+01
4.690000e-06	3.512048e-09	8.312349e-10	2.556648e+01	5.403191e+01
4.700000e-06	3.478350e-09	8.267121e-10	2.532117e+01	5.370728e+01
4.710000e-06	3.444464e-09	8.193049e-10	2.507449e+01	5.337862e+01
4.720000e-06	3.410364e-09	8.118789e-10	2.482626e+01	5.304574e+01
4.730000e-06	3.376025e-09	8.067737e-10	2.457628e+01	5.270847e+01
4.740000e-06	3.341430e-09	8.034420e-10	2.432444e+01	5.236662e+01
4.750000e-06	3.306562e-09	7.995995e-10	2.407061e+01	5.202004e+01
4.760000e-06	3.271421e-09	7.946541e-10	2.381480e+01	5.166854e+01
4.770000e-06	3.236056e-09	7.883261e-10	2.355735e+01	5.131196e+01
4.780000e-06	3.200519e-09	7.827074e-10	2.329866e+01	5.095016e+01
4.790000e-06	3.164843e-09	7.764719e-10	2.303895e+01	5.058299e+01
4.800000e-06	3.129048e-09	7.685596e-10	2.277838e+01	5.021031e+01
4.810000e-06	3.093132e-09	7.608331e-10	2.251692e+01	4.983200e+01
4.820000e-06	3.057099e-09	7.574823e-10	2.225461e+01	4.944795e+01
4.830000e-06	3.020918e-09	7.566892e-10	2.199123e+01	4.905807e+01
4.840000e-06	2.984541e-09	7.533700e-10	2.172641e+01	4.866225e+01
4.850000e-06	2.947935e-09	7.459194e-10	2.145994e+01	4.826043e+01
4.860000e-06	2.911073e-09	7.391120e-10	2.119159e+01	4.785254e+01
4.870000e-06	2.873886e-09	7.344593e-10	2.092089e+01	4.743853e+01
4.880000e-06	2.836329e-09	7.307229e-10	2.064749e+01	4.701835e+01
4.890000e-06	2.798389e-09	7.262516e-10	2.037130e+01	4.659196e+01
4.900000e-06	2.760071e-09	7.219211e-10	2.009236e+01	4.615934e+01
4.910000e-06	2.721403e-09	7.183378e-10	1.981087e+01	4.572046e+01
4.920000e-06	2.682427e-09	7.151641e-10	1.952714e+01	4.527530e+01
4.930000e-06	2.643201e-09	7.090253e-10	1.924159e+01	4.482385e+01
4.940000e-06	2.603763e-09	7.000440e-10	1.895450e+01	4.436608e+01
4.950000e-06	2.564160e-09	6.911664e-10	1.866620e+01	4.390198e+01
4.960000e-06	2.524431e-09	6.838635e-10	1.837699e+01	4.343152e+01
4.970000e-06	2.484601e-09	6.765735e-10	1.808704e+01	4.295467e+01
4.980000e-06	2.444693e-09	6.684303e-10	1.779652e+01	4.247138e+01
4.990000e-06	2.404698e-09	6.606205e-10	1.750537e+01	4.198162e+01
5.000000e-06	2.364616e-09	6.536202e-10	1.721359e+01	4.148530e+01
5.010000e-06	2.324429e-09	6.465771e-10	1.692104e+01	4.098236e+01
5.020000e-06	2.284108e-09	6.395859e-10	1.662752e+01	4.047270e+01
5.030000e-06	2.243629e-09	6.329752e-10	1.633285e+01	3.995619e+01
5.040000e-06	2.202998e-09	6.270516e-10	1.603707e+01	3.943271e+01
5.050000e-06	2.162207e-09	6.208168e-10	1.574012e+01	3.890209e+01
5.060000e-06	2.121227e-09	6.126811e-10	1.544180e+01	3.836415e+01
5.070000e-06	2.080063e-09	6.036751e-10	1.514214e+01	3.781870e+01
5.080000e-06	2.038748e-09	5.958317e-10	1.484139e+01	3.726549e+01
5.090000e-06	1.997323e-09	5.892545e-10	1.453983e+01	3.670428e+01
5.100000e-06	1.955767e-09	5.820252e-10	1.423732e+01	3.613479e+01
5.110000e-06	1.914074e-09	5.728778e-10	1.393381e+01	3.555672e+01
5.120000e-06	1.872266e-09	5.616016e-10	1.362946e+01	3.496974e+01
5.130000e-06	1.830356e-09	5.516082e-10	1.332437e+01	3.437351e+01
5.140000e-06	1.788334e-09	5.427818e-10	1.301846e+01	3.376767e+01
5.150000e-06	1.746179e-09	5.321161e-10	1.271159e+01	3.315183e+01
5.160000e-06	1.703895e-09	5.212839e-10	1.240378e+01	3.252559e+01
5.170000e-06	1.661489e-09	5.126058e-10	1.209508e+01	3.188855e+01
5.180000e-06	1.618959e-09	5.044302e-10	1.178548e+01	3.124028e+01
5.190000e-06	1.576292e-09	4.957849e-10	1.147487e+01	3.058036e+01
5.200000e-06	1.533495e-09	4.857812e-10	1.116333e+01	2.990836e+01
5.210000e-06	1.490571e-09	4.737953e-10	1.085085e+01	2.922385e+01
5.220000e-06	1.447529e-09	4.607534e-10	1.053753e+01	2.852640e+01
5.230000e-06	1.404385e-09	4.484036e-10	1.022346e+01	2.781560e+01
5.240000e-06	1.361130e-09	4.365924e-10	9.908576e+00	2.709106e+01
5.250000e-06	1.317783e-09	4.240408e-10	9.593026e+00	2.635238e+01
5.260000e-06	1.274365e-09	4.113980e-10	9.276958e+00	2.559920e+01
5.270000e-06	1.230862e-09	4.000228e-10	8.960272e+00	2.483120e+01
5.280000e-06	1.187287e-09	3.890831e-10	8.643056e+00	2.404807e+01
5.290000e-06	1.143667e-09	3.776799e-10	8.325523e+00	2.324955e+01
5.300000e-06	1.100003e-09	3.642874e-10	8.007658e+00	2.243540e+01
5.310000e-06	1.056288e-09	3.498577e-10	7.689434e+00	2.160546e+01
5.320000e-06	1.012522e-09	3.362772e-10	7.370828e+00	2.075957e+01
5.330000e-06	9.687093e-10	3.241869e-10	7.051889e+00	1.989766e+01
5.340000e-06	9.248752e-10	3.109881e-10	6.732791e+00	1.901971e+01
5.350000e-06	8.810216e-10	2.954614e-10	6.413552e+00	1.812574e+01
5.360000e-06	8.371294e-10	2.807430e-10	6.094032e+00	1.721585e+01
5.370000e-06	7.932025e-10	2.693098e-10	5.774260e+00	1.629019e+01
5.380000e-06	7.492626e-10	2.597160e-10	5.454392e+00	1.534897e+01
5.390000e-06	7.053043e-10	2.480619e-10	5.134391e+00	1.439249e+01
5.400000e-06	6.613175e-10	2.311158e-10	4.814182e+00	1.342108e+01
5.410000e-06	6.172988e-10	2.117098e-10	4.493740e+00	1.243518e+01
5.420000e-06	5.732541e-10	1.931637e-10	4.173110e+00	1.143525e+01
5.430000e-06	5.292042e-10	1.758490e-10	3.852442e+00	1.042186e+01
5.440000e-06	4.851413e-10	1.588987e-10	3.531679e+00	9.395610e+00
5.450000e-06	4.410605e-10	1.428130e-10	3.210786e+00	8.357180e+00
5.460000e-06	3.969702e-10	1.305127e-10	2.889824e+00	7.307307e+00
5.470000e-06	3.528523e-10	1.203151e-10	2.568661e+00	6.246784e+00
5.480000e-06	3.087034e-10	1.062296e-10	2.247272e+00	5.176459e+00
5.490000e-06	2.645204e-10	8.577508e-11	1.925635e+00	4.097229e+00
5.500000e-06	2.203170e-10	6.349009e-11	1.603850e+00	3.010041e+00
5.510000e-06	1.761134e-10	4.399796e-11	1.282064e+00	1.915879e+00
5.520000e-06	1.319212e-10	2.573859e-11	9.603594e-01	8.157671e-01
5.530000e-06	8.774498e-11	5.979399e-12	6.387722e-01	-2.892405e-01
5.540000e-06	4.357022e-11	-1.169028e-11	3.171954e-01	-1.398063e+00
5.550000e-06	-5.917512e-13	-2.552979e-11	-4.288664e-03	-2.509600e+00
5.560000e-06	-4.476334e-11	-3.957316e-11	-3.258427e-01	-3.622735e+00
5.570000e-06	-8.894659e-11	-5.933288e-11	-6.474813e-01	-4.736345e+00
5.580000e-06	-1.331129e-10	-8.197577e-11	-9.689966e-01	-5.849304e+00
5.590000e-06	-1.772775e-10	-1.019956e-10	-1.290499e+00	-6.960490e+00
5.600000e-06	-2.214345e-10	-1.195907e-10	-1.611947e+00	-8.068790e+00
5.610000e-06	-2.655744e-10	-1.379948e-10	-1.933270e+00	-9.173108e+00
5.620000e-06	-3.097085e-10	-1.563901e-10	-2.254551e+00	-1.027237e+01
5.630000e-06	-3.538337e-10	-1.720694e-10	-2.575767e+00	-1.136553e+01
5.640000e-06	-3.979349e-10	-1.854886e-10	-2.896809e+00	-1.245156e+01
5.650000e-06	-4.420043e-10	-2.004328e-10	-3.217618e+00	-1.352951e+01
5.660000e-06	-4.860540e-10	-2.195048e-10	-3.538286e+00	-1.459842e+01
5.670000e-06	-5.300895e-10	-2.410960e-10	-3.858849e+00	-1.565743e+01
5.680000e-06	-5.740956e-10	-2.609566e-10	-4.179199e+00	-1.670568e+01
5.690000e-06	-6.180810e-10	-2.779867e-10	-4.499397e+00	-1.774241e+01
5.700000e-06	-6.620498e-10	-2.940567e-10	-4.819475e+00	-1.876688e+01
5.710000e-06	-7.059847e-10	-3.084110e-10	-5.139307e+00	-1.977845e+01
5.720000e-06	-7.498881e-10	-3.187450e-10	-5.458909e+00	-2.077652e+01
5.730000e-06	-7.937681e-10	-3.277479e-10	-5.778340e+00	-2.176054e+01
5.740000e-06	-8.376405e-10	-3.409398e-10	-6.097716e+00	-2.273006e+01
5.750000e-06	-8.814953e-10	-3.598814e-10	-6.416964e+00	-2.368468e+01
5.760000e-06	-9.253127e-10	-3.802730e-10	-6.735940e+00	-2.462406e+01
5.770000e-06	-9.690949e-10	-3.962692e-10	-7.054660e+00	-2.554794e+01
5.780000e-06	-1.012844e-09	-4.071369e-10	-7.373136e+00	-2.645611e+01
5.790000e-06	-1.056558e-09	-4.154707e-10	-7.691362e+00	-2.734844e+01
5.800000e-06	-1.100216e-09	-4.241483e-10	-8.009178e+00	-2.822485e+01
5.810000e-06	-1.143804e-09	-4.350722e-10	-8.326484e+00	-2.908533e+01
5.820000e-06	-1.187328e-09	-4.487648e-10	-8.643320e+00	-2.992992e+01
5.830000e-06	-1.230781e-09	-4.637772e-10	-8.959644e+00	-3.075871e+01
5.840000e-06	-1.274157e-09	-4.805506e-10	-9.275407e+00	-3.157185e+01
5.850000e-06	-1.317454e-09	-4.984072e-10	-9.590593e+00	-3.236953e+01
5.860000e-06	-1.360682e-09	-5.140129e-10	-9.905275e+00	-3.315197e+01
5.870000e-06	-1.403826e-09	-5.254711e-10	-1.021935e+01	-3.391947e+01
5.880000e-06	-1.446849e-09	-5.339271e-10	-1.053254e+01	-3.467231e+01
5.890000e-06	-1.489756e-09	-5.424017e-10	-1.084489e+01	-3.541084e+01
5.900000e-06	-1.532548e-09	-5.516537e-10	-1.115640e+01	-3.613542e+01
5.910000e-06	-1.575199e-09	-5.605919e-10	-1.146688e+01	-3.684642e+01
5.920000e-06	-1.617719e-09	-5.701762e-10	-1.177642e+01	-3.754424e+01
5.930000e-06	-1.660109e-09	-5.840154e-10	-1.208500e+01	-3.822929e+01
5.940000e-06	-1.702373e-09	-6.006675e-10	-1.239266e+01	-3.890197e+01
5.950000e-06	-1.744536e-09	-6.149694e-10	-1.269960e+01	-3.956270e+01
5.960000e-06	-1.786587e-09	-6.246761e-10	-1.300571e+01	-4.021190e+01
5.970000e-06	-1.828531e-09	-6.314380e-10	-1.331105e+01	-4.084997e+01
5.980000e-06	-1.870364e-09	-6.377316e-10	-1.361558e+01	-4.147730e+01
5.990000e-06	-1.912088e-09	-6.433863e-10	-1.391931e+01	-4.209428e+01
6.000000e-06	-1.953711e-09	-6.491571e-10	-1.422232e+01	-4.270128e+01
6.010000e-06	-1.995208e-09	-6.575871e-10	-1.452440e+01	-4.329864e+01
6.020000e-06	-2.036549e-09	-6.704659e-10	-1.482534e+01	-4.388669e+01
6.030000e-06	-2.077728e-09	-6.855332e-10	-1.512511e+01	-4.446573e+01
6.040000e-06	-2.118736e-09	-6.986954e-10	-1.542364e+01	-4.503605e+01
6.050000e-06	-2.159564e-09	-7.085296e-10	-1.572085e+01	-4.559790e+01
6.060000e-06	-2.200206e-09	-7.161240e-10	-1.601671e+01	-4.615151e+01
6.070000e-06	-2.240676e-09	-7.234597e-10	-1.631132e+01	-4.669708e+01
6.080000e-06	-2.281003e-09	-7.304231e-10	-1.660488e+01	-4.723477e+01
6.090000e-06	-2.321192e-09	-7.375561e-10	-1.689744e+01	-4.776475e+01
6.100000e-06	-2.361272e-09	-7.465717e-10	-1.718922e+01	-4.828713e+01
6.110000e-06	-2.401268e-09	-7.560395e-10	-1.748037e+01	-4.880200e+01
6.120000e-06	-2.441181e-09	-7.646833e-10	-1.777092e+01	-4.930944e+01
6.130000e-06	-2.481005e-09	-7.711671e-10	-1.806083e+01	-4.980951e+01
6.140000e-06	-2.520742e-09	-7.763204e-10	-1.835010e+01	-5.030222e+01
6.150000e-06	-2.560384e-09	-7.814817e-10	-1.863868e+01	-5.078759e+01
6.160000e-06	-2.599892e-09	-7.883202e-10	-1.892628e+01	-5.126562e+01
6.170000e-06	-2.639235e-09	-7.962725e-10	-1.921269e+01	-5.173629e+01
6.180000e-06	-2.678380e-09	-8.039345e-10	-1.949765e+01	-5.219957e+01
6.190000e-06	-2.717272e-09	-8.102654e-10	-1.978077e+01	-5.265542e+01
6.200000e-06	-2.755845e-09	-8.153422e-10	-2.006157e+01	-5.310379e+01
6.210000e-06	-2.794063e-09	-8.202963e-10	-2.033978e+01	-5.354465e+01
6.220000e-06	-2.831934e-09	-8.255015e-10	-2.061546e+01	-5.397793e+01
6.230000e-06	-2.869460e-09	-8.313398e-10	-2.088864e+01	-5.440359e+01
6.240000e-06	-2.906623e-09	-8.383905e-10	-2.115917e+01	-5.482159e+01
6.250000e-06	-2.943460e-09	-8.458602e-10	-2.142733e+01	-5.523189e+01
6.260000e-06	-2.980026e-09	-8.534300e-10	-2.169352e+01	-5.563445e+01
6.270000e-06	-3.016360e-09	-8.611500e-10	-2.195802e+01	-5.602926e+01
6.280000e-06	-3.052507e-09	-8.677862e-10	-2.222116e+01	-5.641631e+01
6.290000e-06	-3.088511e-09	-8.719785e-10	-2.248325e+01	-5.679561e+01
6.300000e-06	-3.124399e-09	-8.742117e-10	-2.274451e+01	-5.716716e+01
6.310000e-06	-3.160178e-09	-8.773198e-10	-2.300496e+01	-5.753101e+01
6.320000e-06	-3.195815e-09	-8.817916e-10	-2.326439e+01	-5.788720e+01
6.330000e-06	-3.231301e-09	-8.862815e-10	-2.352271e+01	-5.823580e+01
6.340000e-06	-3.266591e-09	-8.901405e-10	-2.377962e+01	-5.857689e+01
6.350000e-06	-3.301624e-09	-8.952146e-10	-2.403464e+01	-5.891057e+01
6.360000e-06	-3.336391e-09	-9.019924e-10	-2.428774e+01	-5.923696e+01
6.370000e-06	-3.370908e-09	-9.073753e-10	-2.453901e+01	-5.955618e+01
6.380000e-06	-3.405182e-09	-9.080687e-10	-2.478851e+01	-5.986839e+01
6.390000e-06	-3.439226e-09	-9.077335e-10	-2.503633e+01	-6.017373e+01
6.400000e-06	-3.473060e-09	-9.112752e-10	-2.528263e+01	-6.047238e+01
6.410000e-06	-3.506663e-09	-9.174657e-10	-2.552725e+01	-6.076452e+01
6.420000e-06	-3.540016e-09	-9.225532e-10	-2.577005e+01	-6.105034e+01
6.430000e-06	-3.573098e-09	-9.266011e-10	-2.601088e+01	-6.133003e+01
6.440000e-06	-3.605904e-09	-9.318017e-10	-2.624969e+01	-6.160381e+01
6.450000e-06	-3.638427e-09	-9.377425e-10	-2.648645e+01	-6.187187e+01
6.460000e-06	-3.670707e-09	-9.412510e-10	-2.672144e+01	-6.213442e+01
6.470000e-06	-3.702809e-09	-9.413199e-10	-2.695512e+01	-6.239168e+01
6.480000e-06	-3.734735e-09	-9.414104e-10	-2.718754e+01	-6.264384e+01
6.490000e-06	-3.766490e-09	-9.446715e-10	-2.741870e+01	-6.289110e+01
6.500000e-06	-3.798063e-09	-9.507690e-10	-2.764854e+01	-6.313366e+01
6.510000e-06	-3.829384e-09	-9.562851e-10	-2.787655e+01	-6.337170e+01
6.520000e-06	-3.860373e-09	-9.588044e-10	-2.810214e+01	-6.360540e+01
6.530000e-06	-3.890979e-09	-9.605331e-10	-2.832493e+01	-6.383492e+01
6.540000e-06	-3.921157e-09	-9.632947e-10	-2.854462e+01	-6.406041e+01
6.550000e-06	-3.950884e-09	-9.655422e-10	-2.876102e+01	-6.428200e+01
6.560000e-06	-3.980145e-09	-9.670936e-10	-2.897403e+01	-6.449981e+01
6.570000e-06	-4.008971e-09	-9.698466e-10	-2.918387e+01	-6.471395e+01
6.580000e-06	-4.037470e-09	-9.741890e-10	-2.939133e+01	-6.492450e+01
6.590000e-06	-4.065717e-09	-9.784840e-10	-2.959696e+01	-6.513154e+01
6.600000e-06	-4.093759e-09	-9.810220e-10	-2.980110e+01	-6.533511e+01
6.610000e-06	-4.121629e-09	-9.810932e-10	-3.000399e+01	-6.553524e+01
6.620000e-06	-4.149313e-09	-9.808472e-10	-3.020551e+01	-6.573197e+01
6.630000e-06	-4.176770e-09	-9.825432e-10	-3.040539e+01	-6.592528e+01
6.640000e-06	-4.203959e-09	-9.845613e-10	-3.060332e+01	-6.611517e+01
6.650000e-06	-4.230829e-09	-9.856040e-10	-3.079892e+01	-6.630160e+01
6.660000e-06	-4.257372e-09	-9.874666e-10	-3.099215e+01	-6.648454e+01
6.670000e-06	-4.283609e-09	-9.906737e-10	-3.118314e+01	-6.666392e+01
6.680000e-06	-4.309551e-09	-9.939506e-10	-3.137199e+01	-6.683969e+01
6.690000e-06	-4.335201e-09	-9.954198e-10	-3.155871e+01	-6.701177e+01
6.700000e-06	-4.360537e-09	-9.949932e-10	-3.174315e+01	-6.718008e+01
6.710000e-06	-4.385541e-09	-9.963056e-10	-3.192517e+01	-6.734455e+01
6.720000e-06	-4.410222e-09	-1.000709e-09	-3.210484e+01	-6.750506e+01
6.730000e-06	-4.434612e-09	-1.004257e-09	-3.228239e+01	-6.766156e+01
6.740000e-06	-4.458762e-09	-1.004733e-09	-3.245819e+01	-6.781393e+01
6.750000e-06	-4.482712e-09	-1.005589e-09	-3.263254e+01	-6.796210e+01
6.760000e-06	-4.506467e-09	-1.008576e-09	-3.280547e+01	-6.810600e+01
6.770000e-06	-4.529980e-09	-1.011482e-09	-3.297663e+01	-6.824554e+01
6.780000e-06	-4.553184e-09	-1.011630e-09	-3.314555e+01	-6.838066e+01
6.790000e-06	-4.576014e-09	-1.011030e-09	-3.331174e+01	-6.851131e+01
6.800000e-06	-4.598368e-09	-1.012849e-09	-3.347447e+01	-6.863746e+01
6.810000e-06	-4.620172e-09	-1.017572e-09	-3.363320e+01	-6.875907e+01
6.820000e-06	-4.641464e-09	-1.022283e-09	-3.378820e+01	-6.887612e+01
6.830000e-06	-4.662312e-09	-1.024791e-09	-3.393996e+01	-6.898863e+01
6.840000e-06	-4.682783e-09	-1.026310e-09	-3.408898e+01	-6.909661e+01
6.850000e-06	-4.702959e-09	-1.027177e-09	-3.423586e+01	-6.920009e+01
6.860000e-06	-4.722912e-09	-1.026800e-09	-3.438111e+01	-6.929914e+01
6.870000e-06	-4.742673e-09	-1.025554e-09	-3.452496e+01	-6.939381e+01
6.880000e-06	-4.762191e-09	-1.025479e-09	-3.466704e+01	-6.948420e+01
6.890000e-06	-4.781389e-09	-1.027182e-09	-3.480680e+01	-6.957041e+01
6.900000e-06	-4.800240e-09	-1.029093e-09	-3.494403e+01	-6.965256e+01
6.910000e-06	-4.818755e-09	-1.030947e-09	-3.507881e+01	-6.973078e+01
6.920000e-06	-4.836955e-09	-1.033082e-09	-3.521131e+01	-6.980523e+01
6.930000e-06	-4.854873e-09	-1.034699e-09	-3.534174e+01	-6.987606e+01
6.940000e-06	-4.872482e-09	-1.034458e-09	-3.546993e+01	-6.994344e+01
6.950000e-06	-4.889731e-09	-1.031863e-09	-3.559550e+01	-7.000756e+01
6.960000e-06	-4.906633e-09	-1.029457e-09	-3.571854e+01	-7.006861e+01
6.970000e-06	-4.923213e-09	-1.029896e-09	-3.583923e+01	-7.012677e+01
6.980000e-06	-4.939498e-09	-1.033155e-09	-3.595778e+01	-7.018225e+01
6.990000e-06	-4.955525e-09	-1.037107e-09	-3.607445e+01	-7.023524e+01
7.000000e-06	-4.971323e-09	-1.040908e-09	-3.618945e+01	-7.028594e+01
7.010000e-06	-4.986840e-09	-1.043992e-09	-3.630242e+01	-7.033454e+01
7.020000e-06	-5.001932e-09	-1.045829e-09	-3.641228e+01	-7.038124e+01
7.030000e-06	-5.016482e-09	-1.045367e-09	-3.651820e+01	-7.042620e+01
7.040000e-06	-5.030433e-09	-1.042019e-09	-3.661975e+01	-7.046961e+01
7.050000e-06	-5.043791e-09	-1.038013e-09	-3.671700e+01	-7.051162e+01
7.060000e-06	-5.056642e-09	-1.037517e-09	-3.681055e+01	-7.055237e+01
7.070000e-06	-5.069073e-09	-1.040160e-09	-3.690104e+01	-7.059200e+01
7.080000e-06	-5.081146e-09	-1.043086e-09	-3.698893e+01	-7.063061e+01
7.090000e-06	-5.092897e-09	-1.045483e-09	-3.707447e+01	-7.066829e+01
7.100000e-06	-5.104299e-09	-1.046437e-09	-3.715747e+01	-7.070512e+01
7.110000e-06	-5.115321e-09	-1.045939e-09	-3.723771e+01	-7.074115e+01
7.120000e-06	-5.125958e-09	-1.044292e-09	-3.731514e+01	-7.077640e+01
7.130000e-06	-5.136235e-09	-1.042020e-09	-3.738996e+01	-7.081090e+01
7.140000e-06	-5.146189e-09	-1.040054e-09	-3.746242e+01	-7.084461e+01
7.150000e-06	-5.155822e-09	-1.039579e-09	-3.753254e+01	-7.087750e+01
7.160000e-06	-5.165077e-09	-1.040991e-09	-3.759992e+01	-7.090952e+01
7.170000e-06	-5.173933e-09	-1.043356e-09	-3.766438e+01	-7.094057e+01
7.180000e-06	-5.182425e-09	-1.045436e-09	-3.772621e+01	-7.097057e+01
7.190000e-06	-5.190625e-09	-1.047376e-09	-3.778590e+01	-7.099938e+01
7.200000e-06	-5.198602e-09	-1.048054e-09	-3.784397e+01	-7.102687e+01
7.210000e-06	-5.206369e-09	-1.046702e-09	-3.790051e+01	-7.105289e+01
7.220000e-06	-5.213880e-09	-1.044186e-09	-3.795519e+01	-7.107725e+01
7.230000e-06	-5.221001e-09	-1.042339e-09	-3.800702e+01	-7.109978e+01
7.240000e-06	-5.227630e-09	-1.042438e-09	-3.805528e+01	-7.112028e+01
7.250000e-06	-5.233720e-09	-1.042611e-09	-3.809961e+01	-7.113854e+01
7.260000e-06	-5.239251e-09	-1.041835e-09	-3.813987e+01	-7.115437e+01
7.270000e-06	-5.244233e-09	-1.040486e-09	-3.817614e+01	-7.116754e+01
7.280000e-06	-5.248739e-09	-1.040157e-09	-3.820895e+01	-7.117783e+01
7.290000e-06	-5.252921e-09	-1.041116e-09	-3.823939e+01	-7.118505e+01
7.300000e-06	-5.256857e-09	-1.042088e-09	-3.826804e+01	-7.118897e+01
7.310000e-06	-5.260549e-09	-1.042367e-09	-3.829492e+01	-7.118940e+01
7.320000e-06	-5.263944e-09	-1.043343e-09	-3.831963e+01	-7.118614e+01
7.330000e-06	-5.266977e-09	-1.044889e-09	-3.834172e+01	-7.117901e+01
7.340000e-06	-5.269641e-09	-1.045761e-09	-3.836111e+01	-7.116784e+01
7.350000e-06	-5.271958e-09	-1.045196e-09	-3.837797e+01	-7.115249e+01
7.360000e-06	-5.273968e-09	-1.043977e-09	-3.839260e+01	-7.113281e+01
7.370000e-06	-5.275678e-09	-1.043777e-09	-3.840506e+01	-7.110869e+01
7.380000e-06	-5.276991e-09	-1.043481e-09	-3.841461e+01	-7.108004e+01
7.390000e-06	-5.277865e-09	-1.042833e-09	-3.842098e+01	-7.104679e+01
7.400000e-06	-5.278388e-09	-1.042790e-09	-3.842478e+01	-7.100889e+01
