# Temperatura_=_24.55619047619048
# Concentracion g/m^3_=_2000.0
# C_Vs_to_Am_M_A/Vsm_=_65563218390.804596
# pendiente_HvsI_1/m_=_3716.3
# ordenada_HvsI_A/m_=_1297.0
# frecuencia_Hz_=_134983.58839408477
# Promedio de 21 ciclos

Tiempo_(s)	Campo_(V.s)	Magnetizacion_(V.s)	Campo_(kA/m)	Magnetizacion_(A/m)
0.000000e+00	-5.285861e-09	-1.190046e-09	-3.844477e+01	-7.887284e+01
1.000000e-08	-5.285983e-09	-1.190007e-09	-3.844566e+01	-7.885813e+01
2.000000e-08	-5.285877e-09	-1.189163e-09	-3.844488e+01	-7.884588e+01
3.000000e-08	-5.285477e-09	-1.188891e-09	-3.844197e+01	-7.883627e+01
4.000000e-08	-5.284679e-09	-1.188751e-09	-3.843617e+01	-7.882948e+01
5.000000e-08	-5.283407e-09	-1.189891e-09	-3.842692e+01	-7.882562e+01
6.000000e-08	-5.281596e-09	-1.196504e-09	-3.841375e+01	-7.882479e+01
7.000000e-08	-5.279188e-09	-1.207440e-09	-3.839624e+01	-7.882703e+01
8.000000e-08	-5.276199e-09	-1.197047e-09	-3.837449e+01	-7.883238e+01
9.000000e-08	-5.272680e-09	-1.149999e-09	-3.834890e+01	-7.884079e+01
1.000000e-07	-5.268754e-09	-1.141785e-09	-3.832035e+01	-7.885221e+01
1.100000e-07	-5.264578e-09	-1.229975e-09	-3.828998e+01	-7.886652e+01
1.200000e-07	-5.260208e-09	-1.250979e-09	-3.825819e+01	-7.888357e+01
1.300000e-07	-5.255570e-09	-1.149215e-09	-3.822446e+01	-7.890319e+01
1.400000e-07	-5.250561e-09	-1.119796e-09	-3.818803e+01	-7.892514e+01
1.500000e-07	-5.245152e-09	-1.234542e-09	-3.814869e+01	-7.894915e+01
1.600000e-07	-5.239376e-09	-1.277601e-09	-3.810668e+01	-7.897492e+01
1.700000e-07	-5.233243e-09	-1.129863e-09	-3.806207e+01	-7.900211e+01
1.800000e-07	-5.226715e-09	-1.085377e-09	-3.801459e+01	-7.903035e+01
1.900000e-07	-5.219828e-09	-1.205985e-09	-3.796450e+01	-7.905925e+01
2.000000e-07	-5.212664e-09	-1.249290e-09	-3.791239e+01	-7.908836e+01
2.100000e-07	-5.205232e-09	-1.143236e-09	-3.785834e+01	-7.911723e+01
2.200000e-07	-5.197527e-09	-1.146618e-09	-3.780230e+01	-7.914539e+01
2.300000e-07	-5.189549e-09	-1.253569e-09	-3.774427e+01	-7.917236e+01
2.400000e-07	-5.181223e-09	-1.231626e-09	-3.768372e+01	-7.919761e+01
2.500000e-07	-5.172411e-09	-1.142758e-09	-3.761963e+01	-7.922063e+01
2.600000e-07	-5.162998e-09	-1.194846e-09	-3.755117e+01	-7.924090e+01
2.700000e-07	-5.152996e-09	-1.274789e-09	-3.747842e+01	-7.925789e+01
2.800000e-07	-5.142477e-09	-1.204500e-09	-3.740191e+01	-7.927107e+01
2.900000e-07	-5.131484e-09	-1.167690e-09	-3.732196e+01	-7.927993e+01
3.000000e-07	-5.120051e-09	-1.261684e-09	-3.723881e+01	-7.928396e+01
3.100000e-07	-5.108222e-09	-1.283282e-09	-3.715278e+01	-7.928265e+01
3.200000e-07	-5.096040e-09	-1.190349e-09	-3.706417e+01	-7.927553e+01
3.300000e-07	-5.083500e-09	-1.201373e-09	-3.697296e+01	-7.926213e+01
3.400000e-07	-5.070576e-09	-1.267277e-09	-3.687897e+01	-7.924203e+01
3.500000e-07	-5.057263e-09	-1.238400e-09	-3.678214e+01	-7.921481e+01
3.600000e-07	-5.043590e-09	-1.198914e-09	-3.668269e+01	-7.918009e+01
3.700000e-07	-5.029532e-09	-1.232818e-09	-3.658045e+01	-7.913752e+01
3.800000e-07	-5.015001e-09	-1.226870e-09	-3.647477e+01	-7.908680e+01
3.900000e-07	-4.999925e-09	-1.199757e-09	-3.636512e+01	-7.902765e+01
4.000000e-07	-4.984296e-09	-1.226432e-09	-3.625144e+01	-7.895983e+01
4.100000e-07	-4.968207e-09	-1.231398e-09	-3.613443e+01	-7.888314e+01
4.200000e-07	-4.951735e-09	-1.183055e-09	-3.601462e+01	-7.879742e+01
4.300000e-07	-4.934908e-09	-1.201819e-09	-3.589224e+01	-7.870257e+01
4.400000e-07	-4.917796e-09	-1.243556e-09	-3.576778e+01	-7.859850e+01
4.500000e-07	-4.900415e-09	-1.205349e-09	-3.564137e+01	-7.848519e+01
4.600000e-07	-4.882741e-09	-1.165516e-09	-3.551282e+01	-7.836264e+01
4.700000e-07	-4.864734e-09	-1.196489e-09	-3.538185e+01	-7.823089e+01
4.800000e-07	-4.846350e-09	-1.210773e-09	-3.524815e+01	-7.809003e+01
4.900000e-07	-4.827571e-09	-1.187517e-09	-3.511157e+01	-7.794018e+01
5.000000e-07	-4.808423e-09	-1.179604e-09	-3.497230e+01	-7.778149e+01
5.100000e-07	-4.788961e-09	-1.181964e-09	-3.483075e+01	-7.761415e+01
5.200000e-07	-4.769242e-09	-1.185334e-09	-3.468733e+01	-7.743838e+01
5.300000e-07	-4.749319e-09	-1.196072e-09	-3.454242e+01	-7.725442e+01
5.400000e-07	-4.729176e-09	-1.181743e-09	-3.439592e+01	-7.706254e+01
5.500000e-07	-4.708751e-09	-1.153256e-09	-3.424737e+01	-7.686302e+01
5.600000e-07	-4.688004e-09	-1.167100e-09	-3.409647e+01	-7.665616e+01
5.700000e-07	-4.666927e-09	-1.188152e-09	-3.394318e+01	-7.644229e+01
5.800000e-07	-4.645529e-09	-1.168422e-09	-3.378755e+01	-7.622172e+01
5.900000e-07	-4.623845e-09	-1.144250e-09	-3.362984e+01	-7.599481e+01
6.000000e-07	-4.601875e-09	-1.151163e-09	-3.347004e+01	-7.576187e+01
6.100000e-07	-4.579577e-09	-1.161880e-09	-3.330787e+01	-7.552326e+01
6.200000e-07	-4.556941e-09	-1.158245e-09	-3.314324e+01	-7.527930e+01
6.300000e-07	-4.533966e-09	-1.139451e-09	-3.297613e+01	-7.503031e+01
6.400000e-07	-4.510670e-09	-1.130045e-09	-3.280670e+01	-7.477662e+01
6.500000e-07	-4.487112e-09	-1.142536e-09	-3.263536e+01	-7.451852e+01
6.600000e-07	-4.463330e-09	-1.150683e-09	-3.246239e+01	-7.425630e+01
6.700000e-07	-4.439333e-09	-1.127259e-09	-3.228785e+01	-7.399024e+01
6.800000e-07	-4.415087e-09	-1.107037e-09	-3.211151e+01	-7.372056e+01
6.900000e-07	-4.390524e-09	-1.113049e-09	-3.193286e+01	-7.344750e+01
7.000000e-07	-4.365563e-09	-1.122555e-09	-3.175132e+01	-7.317126e+01
7.100000e-07	-4.340167e-09	-1.111166e-09	-3.156661e+01	-7.289200e+01
7.200000e-07	-4.314319e-09	-1.094816e-09	-3.137861e+01	-7.260988e+01
7.300000e-07	-4.287969e-09	-1.092556e-09	-3.118697e+01	-7.232501e+01
7.400000e-07	-4.261148e-09	-1.103055e-09	-3.099189e+01	-7.203747e+01
7.500000e-07	-4.233928e-09	-1.099589e-09	-3.079392e+01	-7.174734e+01
7.600000e-07	-4.206407e-09	-1.078114e-09	-3.059375e+01	-7.145463e+01
7.700000e-07	-4.178672e-09	-1.065870e-09	-3.039204e+01	-7.115937e+01
7.800000e-07	-4.150760e-09	-1.073348e-09	-3.018902e+01	-7.086151e+01
7.900000e-07	-4.122653e-09	-1.075580e-09	-2.998460e+01	-7.056102e+01
8.000000e-07	-4.094303e-09	-1.062157e-09	-2.977841e+01	-7.025782e+01
8.100000e-07	-4.065674e-09	-1.049631e-09	-2.957019e+01	-6.995183e+01
8.200000e-07	-4.036738e-09	-1.050354e-09	-2.935973e+01	-6.964291e+01
8.300000e-07	-4.007482e-09	-1.054934e-09	-2.914695e+01	-6.933094e+01
8.400000e-07	-3.977960e-09	-1.045429e-09	-2.893222e+01	-6.901578e+01
8.500000e-07	-3.948199e-09	-1.026679e-09	-2.871577e+01	-6.869724e+01
8.600000e-07	-3.918209e-09	-1.018820e-09	-2.849765e+01	-6.837517e+01
8.700000e-07	-3.887983e-09	-1.023188e-09	-2.827782e+01	-6.804936e+01
8.800000e-07	-3.857496e-09	-1.020749e-09	-2.805607e+01	-6.771964e+01
8.900000e-07	-3.826712e-09	-1.007549e-09	-2.783218e+01	-6.738581e+01
9.000000e-07	-3.795633e-09	-9.983429e-10	-2.760614e+01	-6.704768e+01
9.100000e-07	-3.764310e-09	-1.001177e-09	-2.737832e+01	-6.670504e+01
9.200000e-07	-3.732796e-09	-1.001189e-09	-2.714911e+01	-6.635771e+01
9.300000e-07	-3.701116e-09	-9.901116e-10	-2.691870e+01	-6.600551e+01
9.400000e-07	-3.669269e-09	-9.759524e-10	-2.668707e+01	-6.564826e+01
9.500000e-07	-3.637260e-09	-9.721479e-10	-2.645427e+01	-6.528580e+01
9.600000e-07	-3.605047e-09	-9.722101e-10	-2.621998e+01	-6.491797e+01
9.700000e-07	-3.572548e-09	-9.643440e-10	-2.598361e+01	-6.454465e+01
9.800000e-07	-3.539715e-09	-9.496294e-10	-2.574481e+01	-6.416570e+01
9.900000e-07	-3.506532e-09	-9.411469e-10	-2.550347e+01	-6.378101e+01
1.000000e-06	-3.472992e-09	-9.398712e-10	-2.525953e+01	-6.339051e+01
1.010000e-06	-3.439078e-09	-9.359721e-10	-2.501287e+01	-6.299411e+01
1.020000e-06	-3.404763e-09	-9.248605e-10	-2.476329e+01	-6.259177e+01
1.030000e-06	-3.370044e-09	-9.148510e-10	-2.451077e+01	-6.218344e+01
1.040000e-06	-3.334971e-09	-9.109549e-10	-2.425569e+01	-6.176911e+01
1.050000e-06	-3.299620e-09	-9.076814e-10	-2.399857e+01	-6.134877e+01
1.060000e-06	-3.264053e-09	-8.964810e-10	-2.373988e+01	-6.092245e+01
1.070000e-06	-3.228324e-09	-8.822336e-10	-2.348003e+01	-6.049015e+01
1.080000e-06	-3.192465e-09	-8.747156e-10	-2.321922e+01	-6.005194e+01
1.090000e-06	-3.156485e-09	-8.730736e-10	-2.295753e+01	-5.960785e+01
1.100000e-06	-3.120357e-09	-8.689013e-10	-2.269477e+01	-5.915795e+01
1.110000e-06	-3.084034e-09	-8.604660e-10	-2.243059e+01	-5.870230e+01
1.120000e-06	-3.047521e-09	-8.527450e-10	-2.216502e+01	-5.824098e+01
1.130000e-06	-3.010815e-09	-8.482159e-10	-2.189805e+01	-5.777407e+01
1.140000e-06	-2.973875e-09	-8.419181e-10	-2.162938e+01	-5.730164e+01
1.150000e-06	-2.936707e-09	-8.299831e-10	-2.135905e+01	-5.682376e+01
1.160000e-06	-2.899339e-09	-8.185258e-10	-2.108727e+01	-5.634051e+01
1.170000e-06	-2.861787e-09	-8.135711e-10	-2.081415e+01	-5.585194e+01
1.180000e-06	-2.824053e-09	-8.118157e-10	-2.053971e+01	-5.535810e+01
1.190000e-06	-2.786120e-09	-8.047238e-10	-2.026381e+01	-5.485904e+01
1.200000e-06	-2.747979e-09	-7.944535e-10	-1.998641e+01	-5.435476e+01
1.210000e-06	-2.709632e-09	-7.849611e-10	-1.970751e+01	-5.384529e+01
1.220000e-06	-2.671064e-09	-7.760453e-10	-1.942700e+01	-5.333060e+01
1.230000e-06	-2.632283e-09	-7.648235e-10	-1.914494e+01	-5.281066e+01
1.240000e-06	-2.593325e-09	-7.526303e-10	-1.886159e+01	-5.228540e+01
1.250000e-06	-2.554182e-09	-7.433911e-10	-1.857690e+01	-5.175475e+01
1.260000e-06	-2.514878e-09	-7.381673e-10	-1.829104e+01	-5.121859e+01
1.270000e-06	-2.475449e-09	-7.341091e-10	-1.800427e+01	-5.067679e+01
1.280000e-06	-2.435888e-09	-7.257943e-10	-1.771653e+01	-5.012917e+01
1.290000e-06	-2.396203e-09	-7.134811e-10	-1.742790e+01	-4.957555e+01
1.300000e-06	-2.356415e-09	-7.030204e-10	-1.713852e+01	-4.901571e+01
1.310000e-06	-2.316547e-09	-6.932061e-10	-1.684855e+01	-4.844940e+01
1.320000e-06	-2.276585e-09	-6.822438e-10	-1.655790e+01	-4.787634e+01
1.330000e-06	-2.236512e-09	-6.705085e-10	-1.626644e+01	-4.729622e+01
1.340000e-06	-2.196330e-09	-6.606313e-10	-1.597419e+01	-4.670873e+01
1.350000e-06	-2.156019e-09	-6.540038e-10	-1.568101e+01	-4.611352e+01
1.360000e-06	-2.115552e-09	-6.469556e-10	-1.538669e+01	-4.551021e+01
1.370000e-06	-2.074911e-09	-6.351466e-10	-1.509110e+01	-4.489841e+01
1.380000e-06	-2.034069e-09	-6.199604e-10	-1.479404e+01	-4.427772e+01
1.390000e-06	-1.993009e-09	-6.080228e-10	-1.449542e+01	-4.364772e+01
1.400000e-06	-1.951737e-09	-6.004113e-10	-1.419523e+01	-4.300798e+01
1.410000e-06	-1.910250e-09	-5.918774e-10	-1.389349e+01	-4.235805e+01
1.420000e-06	-1.868542e-09	-5.805824e-10	-1.359015e+01	-4.169751e+01
1.430000e-06	-1.826634e-09	-5.696413e-10	-1.328535e+01	-4.102590e+01
1.440000e-06	-1.784514e-09	-5.589289e-10	-1.297900e+01	-4.034278e+01
1.450000e-06	-1.742144e-09	-5.448983e-10	-1.267084e+01	-3.964772e+01
1.460000e-06	-1.699544e-09	-5.284976e-10	-1.236101e+01	-3.894031e+01
1.470000e-06	-1.656743e-09	-5.129095e-10	-1.204971e+01	-3.822012e+01
1.480000e-06	-1.613758e-09	-5.008665e-10	-1.173707e+01	-3.748677e+01
1.490000e-06	-1.570612e-09	-4.927913e-10	-1.142326e+01	-3.673990e+01
1.500000e-06	-1.527327e-09	-4.849452e-10	-1.110845e+01	-3.597914e+01
1.510000e-06	-1.483921e-09	-4.749227e-10	-1.079275e+01	-3.520419e+01
1.520000e-06	-1.440407e-09	-4.628902e-10	-1.047627e+01	-3.441477e+01
1.530000e-06	-1.396797e-09	-4.490703e-10	-1.015909e+01	-3.361062e+01
1.540000e-06	-1.353119e-09	-4.320980e-10	-9.841413e+00	-3.279153e+01
1.550000e-06	-1.309392e-09	-4.138762e-10	-9.523378e+00	-3.195733e+01
1.560000e-06	-1.265609e-09	-3.983240e-10	-9.204939e+00	-3.110788e+01
1.570000e-06	-1.221786e-09	-3.867955e-10	-8.886206e+00	-3.024311e+01
1.580000e-06	-1.177915e-09	-3.777111e-10	-8.567126e+00	-2.936297e+01
1.590000e-06	-1.133993e-09	-3.677094e-10	-8.247675e+00	-2.846748e+01
1.600000e-06	-1.090033e-09	-3.558947e-10	-7.927952e+00	-2.755668e+01
1.610000e-06	-1.046025e-09	-3.424077e-10	-7.607873e+00	-2.663069e+01
1.620000e-06	-1.001952e-09	-3.263459e-10	-7.287326e+00	-2.568967e+01
1.630000e-06	-9.578323e-10	-3.081750e-10	-6.966435e+00	-2.473381e+01
1.640000e-06	-9.136714e-10	-2.901968e-10	-6.645247e+00	-2.376338e+01
1.650000e-06	-8.694625e-10	-2.751292e-10	-6.323710e+00	-2.277868e+01
1.660000e-06	-8.252088e-10	-2.626083e-10	-6.001847e+00	-2.178007e+01
1.670000e-06	-7.809198e-10	-2.507853e-10	-5.679727e+00	-2.076793e+01
1.680000e-06	-7.365876e-10	-2.392216e-10	-5.357293e+00	-1.974272e+01
1.690000e-06	-6.922154e-10	-2.276173e-10	-5.034569e+00	-1.870493e+01
1.700000e-06	-6.478192e-10	-2.141702e-10	-4.711669e+00	-1.765508e+01
1.710000e-06	-6.033846e-10	-1.997264e-10	-4.388490e+00	-1.659373e+01
1.720000e-06	-5.588960e-10	-1.834810e-10	-4.064918e+00	-1.552150e+01
1.730000e-06	-5.143649e-10	-1.660731e-10	-3.741038e+00	-1.443901e+01
1.740000e-06	-4.698075e-10	-1.511080e-10	-3.416966e+00	-1.334693e+01
1.750000e-06	-4.252140e-10	-1.385143e-10	-3.092631e+00	-1.224595e+01
1.760000e-06	-3.805835e-10	-1.264815e-10	-2.768028e+00	-1.113678e+01
1.770000e-06	-3.359255e-10	-1.130680e-10	-2.443225e+00	-1.002017e+01
1.780000e-06	-2.912316e-10	-9.826849e-11	-2.118160e+00	-8.896851e+00
1.790000e-06	-2.465017e-10	-8.414552e-11	-1.792834e+00	-7.767599e+00
1.800000e-06	-2.017693e-10	-6.968755e-11	-1.467489e+00	-6.633184e+00
1.810000e-06	-1.570455e-10	-5.318870e-11	-1.142207e+00	-5.494385e+00
1.820000e-06	-1.123418e-10	-3.635342e-11	-8.170707e-01	-4.351985e+00
1.830000e-06	-6.764981e-11	-2.135388e-11	-4.920202e-01	-3.206764e+00
1.840000e-06	-2.294060e-11	-8.389810e-12	-1.668442e-01	-2.059500e+00
1.850000e-06	2.178263e-11	6.072833e-12	1.584337e-01	-9.109652e-01
1.860000e-06	6.651520e-11	2.393646e-11	4.837795e-01	2.380801e-01
1.870000e-06	1.112594e-10	4.256641e-11	8.092097e-01	1.386887e+00
1.880000e-06	1.560004e-10	5.949402e-11	1.134617e+00	2.534720e+00
1.890000e-06	2.007170e-10	7.477235e-11	1.459847e+00	3.680863e+00
1.900000e-06	2.454210e-10	8.908319e-11	1.784985e+00	4.824618e+00
1.910000e-06	2.901092e-10	1.030487e-10	2.110008e+00	5.965308e+00
1.920000e-06	3.347726e-10	1.190334e-10	2.434850e+00	7.102280e+00
1.930000e-06	3.794033e-10	1.367283e-10	2.759456e+00	8.234902e+00
1.940000e-06	4.239892e-10	1.553395e-10	3.083735e+00	9.362570e+00
1.950000e-06	4.685325e-10	1.748531e-10	3.407704e+00	1.048471e+01
1.960000e-06	5.130398e-10	1.928891e-10	3.731411e+00	1.160076e+01
1.970000e-06	5.575139e-10	2.088483e-10	4.054877e+00	1.271020e+01
1.980000e-06	6.019449e-10	2.232821e-10	4.378030e+00	1.381254e+01
1.990000e-06	6.463294e-10	2.364371e-10	4.700844e+00	1.490730e+01
2.000000e-06	6.906672e-10	2.490730e-10	5.023319e+00	1.599404e+01
2.010000e-06	7.349655e-10	2.627692e-10	5.345506e+00	1.707236e+01
2.020000e-06	7.792254e-10	2.789286e-10	5.667415e+00	1.814185e+01
2.030000e-06	8.234495e-10	2.978625e-10	5.989062e+00	1.920216e+01
2.040000e-06	8.676465e-10	3.163784e-10	6.310513e+00	2.025296e+01
2.050000e-06	9.118044e-10	3.325671e-10	6.631679e+00	2.129392e+01
2.060000e-06	9.559102e-10	3.474132e-10	6.952467e+00	2.232477e+01
2.070000e-06	9.999681e-10	3.610330e-10	7.272906e+00	2.334523e+01
2.080000e-06	1.043970e-09	3.722399e-10	7.592941e+00	2.435506e+01
2.090000e-06	1.087925e-09	3.813113e-10	7.912626e+00	2.535404e+01
2.100000e-06	1.131854e-09	3.923647e-10	8.232131e+00	2.634196e+01
2.110000e-06	1.175751e-09	4.091258e-10	8.551398e+00	2.731863e+01
2.120000e-06	1.219596e-09	4.305367e-10	8.870294e+00	2.828389e+01
2.130000e-06	1.263395e-09	4.526076e-10	9.188846e+00	2.923758e+01
2.140000e-06	1.307153e-09	4.715495e-10	9.507107e+00	3.017957e+01
2.150000e-06	1.350866e-09	4.845990e-10	9.825033e+00	3.110972e+01
2.160000e-06	1.394516e-09	4.925773e-10	1.014251e+01	3.202793e+01
2.170000e-06	1.438100e-09	4.978606e-10	1.045950e+01	3.293409e+01
2.180000e-06	1.481595e-09	5.033512e-10	1.077584e+01	3.382813e+01
2.190000e-06	1.524973e-09	5.122493e-10	1.109134e+01	3.470996e+01
2.200000e-06	1.568237e-09	5.261417e-10	1.140601e+01	3.557951e+01
2.210000e-06	1.611368e-09	5.438801e-10	1.171970e+01	3.643674e+01
2.220000e-06	1.654313e-09	5.615542e-10	1.203204e+01	3.728159e+01
2.230000e-06	1.697046e-09	5.757409e-10	1.234285e+01	3.811403e+01
2.240000e-06	1.739566e-09	5.858232e-10	1.265210e+01	3.893403e+01
2.250000e-06	1.781858e-09	5.932258e-10	1.295970e+01	3.974158e+01
2.260000e-06	1.823911e-09	6.010447e-10	1.326555e+01	4.053666e+01
2.270000e-06	1.865720e-09	6.104380e-10	1.356964e+01	4.131927e+01
2.280000e-06	1.907274e-09	6.218319e-10	1.387186e+01	4.208943e+01
2.290000e-06	1.948594e-09	6.355540e-10	1.417239e+01	4.284715e+01
2.300000e-06	1.989698e-09	6.498356e-10	1.447134e+01	4.359247e+01
2.310000e-06	2.030609e-09	6.617665e-10	1.476889e+01	4.432542e+01
2.320000e-06	2.071345e-09	6.709356e-10	1.506517e+01	4.504605e+01
2.330000e-06	2.111904e-09	6.786515e-10	1.536017e+01	4.575443e+01
2.340000e-06	2.152304e-09	6.844742e-10	1.565400e+01	4.645062e+01
2.350000e-06	2.192547e-09	6.895274e-10	1.594669e+01	4.713470e+01
2.360000e-06	2.232660e-09	6.956227e-10	1.623844e+01	4.780677e+01
2.370000e-06	2.272675e-09	7.046286e-10	1.652947e+01	4.846694e+01
2.380000e-06	2.312595e-09	7.173562e-10	1.681982e+01	4.911531e+01
2.390000e-06	2.352415e-09	7.323738e-10	1.710943e+01	4.975202e+01
2.400000e-06	2.392128e-09	7.449183e-10	1.739827e+01	5.037720e+01
2.410000e-06	2.431739e-09	7.533972e-10	1.768637e+01	5.099101e+01
2.420000e-06	2.471222e-09	7.595455e-10	1.797353e+01	5.159359e+01
2.430000e-06	2.510534e-09	7.645963e-10	1.825945e+01	5.218513e+01
2.440000e-06	2.549677e-09	7.692801e-10	1.854415e+01	5.276580e+01
2.450000e-06	2.588664e-09	7.744827e-10	1.882770e+01	5.333580e+01
2.460000e-06	2.627445e-09	7.822763e-10	1.910976e+01	5.389532e+01
2.470000e-06	2.666000e-09	7.934433e-10	1.939018e+01	5.444457e+01
2.480000e-06	2.704378e-09	8.062040e-10	1.966930e+01	5.498376e+01
2.490000e-06	2.742574e-09	8.167338e-10	1.994711e+01	5.551312e+01
2.500000e-06	2.780584e-09	8.243157e-10	2.022356e+01	5.603287e+01
2.510000e-06	2.818423e-09	8.304627e-10	2.049877e+01	5.654325e+01
2.520000e-06	2.856090e-09	8.356017e-10	2.077273e+01	5.704448e+01
2.530000e-06	2.893553e-09	8.409337e-10	2.104520e+01	5.753681e+01
2.540000e-06	2.930803e-09	8.483952e-10	2.131612e+01	5.802048e+01
2.550000e-06	2.967841e-09	8.577095e-10	2.158551e+01	5.849571e+01
2.560000e-06	3.004644e-09	8.675184e-10	2.185318e+01	5.896275e+01
2.570000e-06	3.041220e-09	8.771166e-10	2.211920e+01	5.942184e+01
2.580000e-06	3.077614e-09	8.848924e-10	2.238390e+01	5.987319e+01
2.590000e-06	3.113850e-09	8.901980e-10	2.264745e+01	6.031705e+01
2.600000e-06	3.149934e-09	8.947013e-10	2.290989e+01	6.075362e+01
2.610000e-06	3.185886e-09	9.001562e-10	2.317138e+01	6.118312e+01
2.620000e-06	3.221724e-09	9.064836e-10	2.343203e+01	6.160575e+01
2.630000e-06	3.257426e-09	9.122529e-10	2.369169e+01	6.202171e+01
2.640000e-06	3.292970e-09	9.187495e-10	2.395021e+01	6.243118e+01
2.650000e-06	3.328296e-09	9.270135e-10	2.420715e+01	6.283434e+01
2.660000e-06	3.363320e-09	9.345310e-10	2.446187e+01	6.323136e+01
2.670000e-06	3.397981e-09	9.393356e-10	2.471397e+01	6.362237e+01
2.680000e-06	3.432263e-09	9.426983e-10	2.496331e+01	6.400752e+01
2.690000e-06	3.466140e-09	9.468757e-10	2.520970e+01	6.438694e+01
2.700000e-06	3.499573e-09	9.527204e-10	2.545286e+01	6.476075e+01
2.710000e-06	3.532597e-09	9.591089e-10	2.569305e+01	6.512903e+01
2.720000e-06	3.565293e-09	9.653845e-10	2.593085e+01	6.549189e+01
2.730000e-06	3.597707e-09	9.723403e-10	2.616660e+01	6.584940e+01
2.740000e-06	3.629893e-09	9.804215e-10	2.640069e+01	6.620162e+01
2.750000e-06	3.661909e-09	9.874856e-10	2.663355e+01	6.654860e+01
2.760000e-06	3.693778e-09	9.921659e-10	2.686534e+01	6.689040e+01
2.770000e-06	3.725473e-09	9.955825e-10	2.709587e+01	6.722705e+01
2.780000e-06	3.756974e-09	9.998071e-10	2.732497e+01	6.755856e+01
2.790000e-06	3.788250e-09	1.005619e-09	2.755245e+01	6.788496e+01
2.800000e-06	3.819243e-09	1.010360e-09	2.777787e+01	6.820626e+01
2.810000e-06	3.849940e-09	1.012870e-09	2.800113e+01	6.852245e+01
2.820000e-06	3.880345e-09	1.016093e-09	2.822226e+01	6.883354e+01
2.830000e-06	3.910465e-09	1.021727e-09	2.844134e+01	6.913953e+01
2.840000e-06	3.940342e-09	1.027217e-09	2.865863e+01	6.944039e+01
2.850000e-06	3.970005e-09	1.031529e-09	2.887438e+01	6.973614e+01
2.860000e-06	3.999430e-09	1.037175e-09	2.908839e+01	7.002674e+01
2.870000e-06	4.028584e-09	1.045007e-09	2.930043e+01	7.031221e+01
2.880000e-06	4.057452e-09	1.052207e-09	2.951039e+01	7.059252e+01
2.890000e-06	4.086047e-09	1.056095e-09	2.971836e+01	7.086767e+01
2.900000e-06	4.114405e-09	1.057254e-09	2.992461e+01	7.113767e+01
2.910000e-06	4.142544e-09	1.058932e-09	3.012928e+01	7.140252e+01
2.920000e-06	4.170495e-09	1.062991e-09	3.033257e+01	7.166222e+01
2.930000e-06	4.198270e-09	1.067620e-09	3.053458e+01	7.191679e+01
2.940000e-06	4.225852e-09	1.071519e-09	3.073519e+01	7.216624e+01
2.950000e-06	4.253150e-09	1.075626e-09	3.093373e+01	7.241062e+01
2.960000e-06	4.280061e-09	1.081985e-09	3.112946e+01	7.264995e+01
2.970000e-06	4.306512e-09	1.089118e-09	3.132184e+01	7.288426e+01
2.980000e-06	4.332446e-09	1.092993e-09	3.151046e+01	7.311362e+01
2.990000e-06	4.357834e-09	1.094234e-09	3.169511e+01	7.333807e+01
3.000000e-06	4.382724e-09	1.096594e-09	3.187613e+01	7.355768e+01
3.010000e-06	4.407236e-09	1.101242e-09	3.205442e+01	7.377250e+01
3.020000e-06	4.431464e-09	1.105888e-09	3.223063e+01	7.398262e+01
3.030000e-06	4.455444e-09	1.109001e-09	3.240504e+01	7.418810e+01
3.040000e-06	4.479171e-09	1.112487e-09	3.257761e+01	7.438903e+01
3.050000e-06	4.502645e-09	1.117651e-09	3.274834e+01	7.458549e+01
3.060000e-06	4.525825e-09	1.121826e-09	3.291693e+01	7.477756e+01
3.070000e-06	4.548659e-09	1.123503e-09	3.308301e+01	7.496534e+01
3.080000e-06	4.571174e-09	1.123988e-09	3.324676e+01	7.514890e+01
3.090000e-06	4.593393e-09	1.124951e-09	3.340836e+01	7.532833e+01
3.100000e-06	4.615327e-09	1.126368e-09	3.356789e+01	7.550371e+01
3.110000e-06	4.636973e-09	1.127058e-09	3.372532e+01	7.567512e+01
3.120000e-06	4.658301e-09	1.127190e-09	3.388045e+01	7.584262e+01
3.130000e-06	4.679290e-09	1.127826e-09	3.403310e+01	7.600630e+01
3.140000e-06	4.699932e-09	1.130322e-09	3.418323e+01	7.616621e+01
3.150000e-06	4.720276e-09	1.133726e-09	3.433120e+01	7.632239e+01
3.160000e-06	4.740389e-09	1.135936e-09	3.447748e+01	7.647490e+01
3.170000e-06	4.760313e-09	1.138601e-09	3.462239e+01	7.662377e+01
3.180000e-06	4.780056e-09	1.141911e-09	3.476599e+01	7.676902e+01
3.190000e-06	4.799561e-09	1.143783e-09	3.490785e+01	7.691067e+01
3.200000e-06	4.818732e-09	1.143662e-09	3.504728e+01	7.704872e+01
3.210000e-06	4.837489e-09	1.143082e-09	3.518370e+01	7.718316e+01
3.220000e-06	4.855803e-09	1.144659e-09	3.531691e+01	7.731398e+01
3.230000e-06	4.873721e-09	1.148577e-09	3.544722e+01	7.744114e+01
3.240000e-06	4.891275e-09	1.152748e-09	3.557489e+01	7.756460e+01
3.250000e-06	4.908513e-09	1.155141e-09	3.570027e+01	7.768432e+01
3.260000e-06	4.925494e-09	1.156260e-09	3.582377e+01	7.780023e+01
3.270000e-06	4.942182e-09	1.157739e-09	3.594515e+01	7.791227e+01
3.280000e-06	4.958535e-09	1.159155e-09	3.606408e+01	7.802035e+01
3.290000e-06	4.974494e-09	1.159911e-09	3.618016e+01	7.812441e+01
3.300000e-06	4.989973e-09	1.160437e-09	3.629274e+01	7.822435e+01
3.310000e-06	5.004968e-09	1.162750e-09	3.640180e+01	7.832008e+01
3.320000e-06	5.019531e-09	1.166786e-09	3.650771e+01	7.841151e+01
3.330000e-06	5.033704e-09	1.170178e-09	3.661080e+01	7.849855e+01
3.340000e-06	5.047526e-09	1.171760e-09	3.671133e+01	7.858110e+01
3.350000e-06	5.060991e-09	1.172579e-09	3.680926e+01	7.865909e+01
3.360000e-06	5.074103e-09	1.174180e-09	3.690463e+01	7.873243e+01
3.370000e-06	5.086858e-09	1.175488e-09	3.699739e+01	7.880104e+01
3.380000e-06	5.099243e-09	1.175827e-09	3.708747e+01	7.886487e+01
3.390000e-06	5.111286e-09	1.176689e-09	3.717506e+01	7.892385e+01
3.400000e-06	5.123002e-09	1.178623e-09	3.726028e+01	7.897795e+01
3.410000e-06	5.134348e-09	1.181465e-09	3.734280e+01	7.902714e+01
3.420000e-06	5.145224e-09	1.184464e-09	3.742189e+01	7.907141e+01
3.430000e-06	5.155519e-09	1.187146e-09	3.749678e+01	7.911077e+01
3.440000e-06	5.165199e-09	1.191885e-09	3.756718e+01	7.914525e+01
3.450000e-06	5.174298e-09	1.197285e-09	3.763336e+01	7.917489e+01
3.460000e-06	5.182904e-09	1.201340e-09	3.769595e+01	7.919977e+01
3.470000e-06	5.191150e-09	1.202891e-09	3.775592e+01	7.921998e+01
3.480000e-06	5.199130e-09	1.202200e-09	3.781396e+01	7.923564e+01
3.490000e-06	5.206865e-09	1.199264e-09	3.787022e+01	7.924687e+01
3.500000e-06	5.214319e-09	1.194334e-09	3.792444e+01	7.925385e+01
3.510000e-06	5.221436e-09	1.189398e-09	3.797619e+01	7.925677e+01
3.520000e-06	5.228188e-09	1.189002e-09	3.802530e+01	7.925582e+01
3.530000e-06	5.234582e-09	1.196388e-09	3.807181e+01	7.925124e+01
3.540000e-06	5.240621e-09	1.208085e-09	3.811573e+01	7.924328e+01
3.550000e-06	5.246305e-09	1.218281e-09	3.815707e+01	7.923222e+01
3.560000e-06	5.251624e-09	1.221546e-09	3.819576e+01	7.921834e+01
3.570000e-06	5.256564e-09	1.219316e-09	3.823169e+01	7.920196e+01
3.580000e-06	5.261135e-09	1.213831e-09	3.826493e+01	7.918339e+01
3.590000e-06	5.265399e-09	1.207024e-09	3.829595e+01	7.916297e+01
3.600000e-06	5.269429e-09	1.201881e-09	3.832525e+01	7.914104e+01
3.610000e-06	5.273242e-09	1.201979e-09	3.835298e+01	7.911796e+01
3.620000e-06	5.276775e-09	1.209289e-09	3.837869e+01	7.909409e+01
3.630000e-06	5.279934e-09	1.219865e-09	3.840166e+01	7.906978e+01
3.640000e-06	5.282610e-09	1.227018e-09	3.842112e+01	7.904539e+01
3.650000e-06	5.284722e-09	1.228495e-09	3.843648e+01	7.902128e+01
3.660000e-06	5.286237e-09	1.225378e-09	3.844750e+01	7.899779e+01
3.670000e-06	5.287209e-09	1.219638e-09	3.845457e+01	7.897525e+01
3.680000e-06	5.287742e-09	1.213635e-09	3.845844e+01	7.895400e+01
3.690000e-06	5.287941e-09	1.210558e-09	3.845990e+01	7.893433e+01
3.700000e-06	5.287890e-09	1.211317e-09	3.845952e+01	7.891653e+01
3.710000e-06	5.287585e-09	1.216169e-09	3.845731e+01	7.890086e+01
3.720000e-06	5.286979e-09	1.222593e-09	3.845290e+01	7.888755e+01
3.730000e-06	5.286009e-09	1.226069e-09	3.844584e+01	7.887681e+01
3.740000e-06	5.284668e-09	1.225439e-09	3.843609e+01	7.886882e+01
3.750000e-06	5.282994e-09	1.217790e-09	3.842391e+01	7.886372e+01
3.760000e-06	5.281021e-09	1.198890e-09	3.840956e+01	7.886161e+01
3.770000e-06	5.278736e-09	1.176534e-09	3.839295e+01	7.886256e+01
3.780000e-06	5.276071e-09	1.192920e-09	3.837356e+01	7.886661e+01
3.790000e-06	5.272937e-09	1.256783e-09	3.835077e+01	7.887374e+01
3.800000e-06	5.269355e-09	1.240497e-09	3.832472e+01	7.888391e+01
3.810000e-06	5.265449e-09	1.139603e-09	3.829631e+01	7.889702e+01
3.820000e-06	5.261321e-09	1.159373e-09	3.826628e+01	7.891295e+01
3.830000e-06	5.256987e-09	1.255244e-09	3.823476e+01	7.893151e+01
3.840000e-06	5.252321e-09	1.237362e-09	3.820082e+01	7.895251e+01
3.850000e-06	5.247215e-09	1.114770e-09	3.816369e+01	7.897569e+01
3.860000e-06	5.241679e-09	1.137138e-09	3.812342e+01	7.900076e+01
3.870000e-06	5.235732e-09	1.298232e-09	3.808017e+01	7.902740e+01
3.880000e-06	5.229311e-09	1.267493e-09	3.803347e+01	7.905524e+01
3.890000e-06	5.222321e-09	1.112618e-09	3.798263e+01	7.908390e+01
3.900000e-06	5.214796e-09	1.144513e-09	3.792790e+01	7.911297e+01
3.910000e-06	5.206891e-09	1.300511e-09	3.787041e+01	7.914199e+01
3.920000e-06	5.198698e-09	1.221954e-09	3.781082e+01	7.917050e+01
3.930000e-06	5.190223e-09	1.068734e-09	3.774918e+01	7.919802e+01
3.940000e-06	5.181484e-09	1.183897e-09	3.768562e+01	7.922404e+01
3.950000e-06	5.172451e-09	1.338324e-09	3.761992e+01	7.924804e+01
3.960000e-06	5.163042e-09	1.202339e-09	3.755149e+01	7.926951e+01
3.970000e-06	5.153232e-09	1.063761e-09	3.748014e+01	7.928793e+01
3.980000e-06	5.143055e-09	1.212383e-09	3.740612e+01	7.930275e+01
3.990000e-06	5.132533e-09	1.298660e-09	3.732959e+01	7.931347e+01
4.000000e-06	5.121619e-09	1.135581e-09	3.725022e+01	7.931956e+01
4.010000e-06	5.110313e-09	1.099392e-09	3.716798e+01	7.932053e+01
4.020000e-06	5.098644e-09	1.282331e-09	3.708311e+01	7.931588e+01
4.030000e-06	5.086613e-09	1.285083e-09	3.699561e+01	7.930515e+01
4.040000e-06	5.074208e-09	1.137610e-09	3.690539e+01	7.928788e+01
4.050000e-06	5.061398e-09	1.176921e-09	3.681221e+01	7.926367e+01
4.060000e-06	5.048077e-09	1.277254e-09	3.671533e+01	7.923211e+01
4.070000e-06	5.034141e-09	1.201162e-09	3.661397e+01	7.919285e+01
4.080000e-06	5.019601e-09	1.157081e-09	3.650822e+01	7.914555e+01
4.090000e-06	5.004539e-09	1.237147e-09	3.639868e+01	7.908993e+01
4.100000e-06	4.989049e-09	1.230625e-09	3.628601e+01	7.902574e+01
4.110000e-06	4.973219e-09	1.173108e-09	3.617088e+01	7.895276e+01
4.120000e-06	4.957127e-09	1.221739e-09	3.605384e+01	7.887082e+01
4.130000e-06	4.940785e-09	1.231562e-09	3.593498e+01	7.877978e+01
4.140000e-06	4.924141e-09	1.158926e-09	3.581393e+01	7.867955e+01
4.150000e-06	4.907173e-09	1.179798e-09	3.569051e+01	7.857008e+01
4.160000e-06	4.889869e-09	1.241090e-09	3.556466e+01	7.845137e+01
4.170000e-06	4.872222e-09	1.195491e-09	3.543631e+01	7.832343e+01
4.180000e-06	4.854254e-09	1.160874e-09	3.530563e+01	7.818635e+01
4.190000e-06	4.835980e-09	1.203796e-09	3.517272e+01	7.804022e+01
4.200000e-06	4.817358e-09	1.209276e-09	3.503728e+01	7.788519e+01
4.210000e-06	4.798368e-09	1.181757e-09	3.489916e+01	7.772142e+01
4.220000e-06	4.779035e-09	1.180574e-09	3.475855e+01	7.754913e+01
4.230000e-06	4.759424e-09	1.175953e-09	3.461592e+01	7.736854e+01
4.240000e-06	4.739601e-09	1.176307e-09	3.447175e+01	7.717992e+01
4.250000e-06	4.719584e-09	1.195459e-09	3.432616e+01	7.698354e+01
4.260000e-06	4.699363e-09	1.178480e-09	3.417909e+01	7.677969e+01
4.270000e-06	4.678871e-09	1.154034e-09	3.403005e+01	7.656869e+01
4.280000e-06	4.657997e-09	1.171266e-09	3.387823e+01	7.635087e+01
4.290000e-06	4.636644e-09	1.182308e-09	3.372292e+01	7.612655e+01
4.300000e-06	4.614776e-09	1.161830e-09	3.356387e+01	7.589608e+01
4.310000e-06	4.592381e-09	1.154292e-09	3.340099e+01	7.565978e+01
4.320000e-06	4.569460e-09	1.157011e-09	3.323428e+01	7.541800e+01
4.330000e-06	4.546070e-09	1.161872e-09	3.306417e+01	7.517106e+01
4.340000e-06	4.522343e-09	1.163019e-09	3.289159e+01	7.491928e+01
4.350000e-06	4.498391e-09	1.144461e-09	3.271739e+01	7.466298e+01
4.360000e-06	4.474242e-09	1.131803e-09	3.254175e+01	7.440244e+01
4.370000e-06	4.449858e-09	1.150828e-09	3.236440e+01	7.413793e+01
4.380000e-06	4.425190e-09	1.152750e-09	3.218499e+01	7.386973e+01
4.390000e-06	4.400221e-09	1.129798e-09	3.200339e+01	7.359804e+01
4.400000e-06	4.374926e-09	1.124332e-09	3.181941e+01	7.332310e+01
4.410000e-06	4.349300e-09	1.133443e-09	3.163303e+01	7.304507e+01
4.420000e-06	4.323381e-09	1.130606e-09	3.144452e+01	7.276412e+01
4.430000e-06	4.297206e-09	1.119071e-09	3.125414e+01	7.248037e+01
4.440000e-06	4.270758e-09	1.104508e-09	3.106179e+01	7.219393e+01
4.450000e-06	4.244008e-09	1.100233e-09	3.086723e+01	7.190487e+01
4.460000e-06	4.216932e-09	1.107407e-09	3.067030e+01	7.161322e+01
4.470000e-06	4.189550e-09	1.104412e-09	3.047115e+01	7.131902e+01
4.480000e-06	4.161921e-09	1.092673e-09	3.027020e+01	7.102224e+01
4.490000e-06	4.134077e-09	1.091891e-09	3.006769e+01	7.072284e+01
4.500000e-06	4.106052e-09	1.094191e-09	2.986386e+01	7.042078e+01
4.510000e-06	4.077860e-09	1.088185e-09	2.965881e+01	7.011595e+01
4.520000e-06	4.049463e-09	1.078219e-09	2.945228e+01	6.980826e+01
4.530000e-06	4.020783e-09	1.069032e-09	2.924369e+01	6.949758e+01
4.540000e-06	3.991730e-09	1.067826e-09	2.903238e+01	6.918375e+01
4.550000e-06	3.962236e-09	1.070787e-09	2.881787e+01	6.886663e+01
4.560000e-06	3.932264e-09	1.067311e-09	2.859987e+01	6.854605e+01
4.570000e-06	3.901815e-09	1.058178e-09	2.837842e+01	6.822181e+01
4.580000e-06	3.870931e-09	1.054558e-09	2.815379e+01	6.789374e+01
4.590000e-06	3.839667e-09	1.054668e-09	2.792641e+01	6.756164e+01
4.600000e-06	3.808117e-09	1.050604e-09	2.769694e+01	6.722531e+01
4.610000e-06	3.776361e-09	1.039861e-09	2.746597e+01	6.688457e+01
4.620000e-06	3.744422e-09	1.033841e-09	2.723368e+01	6.653921e+01
4.630000e-06	3.712303e-09	1.035669e-09	2.700007e+01	6.618905e+01
4.640000e-06	3.679998e-09	1.034003e-09	2.676511e+01	6.583392e+01
4.650000e-06	3.647484e-09	1.023445e-09	2.652863e+01	6.547364e+01
4.660000e-06	3.614725e-09	1.014706e-09	2.629037e+01	6.510806e+01
4.670000e-06	3.581704e-09	1.011641e-09	2.605020e+01	6.473704e+01
4.680000e-06	3.548425e-09	1.009489e-09	2.580816e+01	6.436043e+01
4.690000e-06	3.514913e-09	1.004162e-09	2.556442e+01	6.397814e+01
4.700000e-06	3.481193e-09	9.991573e-10	2.531918e+01	6.359007e+01
4.710000e-06	3.447267e-09	9.970980e-10	2.507242e+01	6.319612e+01
4.720000e-06	3.413138e-09	9.960997e-10	2.482420e+01	6.279626e+01
4.730000e-06	3.378786e-09	9.915690e-10	2.457435e+01	6.239042e+01
4.740000e-06	3.344176e-09	9.827416e-10	2.432263e+01	6.197858e+01
4.750000e-06	3.309314e-09	9.723361e-10	2.406907e+01	6.156074e+01
4.760000e-06	3.274196e-09	9.649424e-10	2.381366e+01	6.113690e+01
4.770000e-06	3.238822e-09	9.604387e-10	2.355638e+01	6.070708e+01
4.780000e-06	3.203243e-09	9.549390e-10	2.329761e+01	6.027132e+01
4.790000e-06	3.167498e-09	9.483987e-10	2.303763e+01	5.982966e+01
4.800000e-06	3.131621e-09	9.433559e-10	2.277669e+01	5.938217e+01
4.810000e-06	3.095644e-09	9.392794e-10	2.251503e+01	5.892890e+01
4.820000e-06	3.059549e-09	9.330201e-10	2.225250e+01	5.846993e+01
4.830000e-06	3.023323e-09	9.239104e-10	2.198903e+01	5.800533e+01
4.840000e-06	2.986949e-09	9.134811e-10	2.172447e+01	5.753518e+01
4.850000e-06	2.950382e-09	9.053449e-10	2.145851e+01	5.705956e+01
4.860000e-06	2.913568e-09	8.986395e-10	2.119076e+01	5.657853e+01
4.870000e-06	2.876435e-09	8.918429e-10	2.092069e+01	5.609216e+01
4.880000e-06	2.838929e-09	8.859936e-10	2.064791e+01	5.560051e+01
4.890000e-06	2.801053e-09	8.822472e-10	2.037243e+01	5.510361e+01
4.900000e-06	2.762806e-09	8.766998e-10	2.009425e+01	5.460150e+01
4.910000e-06	2.724205e-09	8.670630e-10	1.981350e+01	5.409418e+01
4.920000e-06	2.685265e-09	8.561239e-10	1.953028e+01	5.358166e+01
4.930000e-06	2.646025e-09	8.473509e-10	1.924489e+01	5.306390e+01
4.940000e-06	2.606565e-09	8.407320e-10	1.895789e+01	5.254086e+01
4.950000e-06	2.566937e-09	8.341874e-10	1.866967e+01	5.201246e+01
4.960000e-06	2.527160e-09	8.268721e-10	1.838037e+01	5.147861e+01
4.970000e-06	2.487265e-09	8.202205e-10	1.809020e+01	5.093917e+01
4.980000e-06	2.447284e-09	8.151999e-10	1.779942e+01	5.039399e+01
4.990000e-06	2.407207e-09	8.088200e-10	1.750793e+01	4.984289e+01
5.000000e-06	2.367032e-09	7.983472e-10	1.721573e+01	4.928566e+01
5.010000e-06	2.326758e-09	7.885271e-10	1.692281e+01	4.872207e+01
5.020000e-06	2.286384e-09	7.816968e-10	1.662917e+01	4.815184e+01
5.030000e-06	2.245873e-09	7.743977e-10	1.633453e+01	4.757470e+01
5.040000e-06	2.205196e-09	7.631554e-10	1.603868e+01	4.699032e+01
5.050000e-06	2.164363e-09	7.499348e-10	1.574169e+01	4.639836e+01
5.060000e-06	2.123356e-09	7.388359e-10	1.544345e+01	4.579846e+01
5.070000e-06	2.082204e-09	7.315904e-10	1.514414e+01	4.519024e+01
5.080000e-06	2.040918e-09	7.260354e-10	1.484387e+01	4.457330e+01
5.090000e-06	1.999487e-09	7.182722e-10	1.454253e+01	4.394722e+01
5.100000e-06	1.957915e-09	7.086694e-10	1.424017e+01	4.331158e+01
5.110000e-06	1.916195e-09	6.989384e-10	1.393674e+01	4.266595e+01
5.120000e-06	1.874347e-09	6.888556e-10	1.363237e+01	4.200987e+01
5.130000e-06	1.832383e-09	6.760855e-10	1.332716e+01	4.134292e+01
5.140000e-06	1.790320e-09	6.620756e-10	1.302123e+01	4.066464e+01
5.150000e-06	1.748147e-09	6.511109e-10	1.271450e+01	3.997460e+01
5.160000e-06	1.705845e-09	6.429373e-10	1.240683e+01	3.927238e+01
5.170000e-06	1.663422e-09	6.340322e-10	1.209828e+01	3.855756e+01
5.180000e-06	1.620869e-09	6.232968e-10	1.178879e+01	3.782973e+01
5.190000e-06	1.578193e-09	6.107708e-10	1.147840e+01	3.708853e+01
5.200000e-06	1.535398e-09	5.976008e-10	1.116715e+01	3.633359e+01
5.210000e-06	1.492477e-09	5.824134e-10	1.085498e+01	3.556458e+01
5.220000e-06	1.449435e-09	5.660747e-10	1.054193e+01	3.478122e+01
5.230000e-06	1.406289e-09	5.514305e-10	1.022812e+01	3.398322e+01
5.240000e-06	1.363039e-09	5.396030e-10	9.913562e+00	3.317037e+01
5.250000e-06	1.319697e-09	5.301117e-10	9.598325e+00	3.234248e+01
5.260000e-06	1.276262e-09	5.204052e-10	9.282423e+00	3.149939e+01
5.270000e-06	1.232751e-09	5.093016e-10	8.965955e+00	3.064100e+01
5.280000e-06	1.189160e-09	4.944574e-10	8.648918e+00	2.976726e+01
5.290000e-06	1.145489e-09	4.765468e-10	8.331293e+00	2.887815e+01
5.300000e-06	1.101768e-09	4.578746e-10	8.013303e+00	2.797372e+01
5.310000e-06	1.057996e-09	4.400820e-10	7.694944e+00	2.705404e+01
5.320000e-06	1.014173e-09	4.259139e-10	7.376213e+00	2.611925e+01
5.330000e-06	9.703111e-10	4.170057e-10	7.057198e+00	2.516953e+01
5.340000e-06	9.263978e-10	4.130359e-10	6.737811e+00	2.420513e+01
5.350000e-06	8.824386e-10	4.077584e-10	6.418089e+00	2.322633e+01
5.360000e-06	8.384659e-10	3.945565e-10	6.098270e+00	2.223346e+01
5.370000e-06	7.944731e-10	3.734452e-10	5.778305e+00	2.122690e+01
5.380000e-06	7.504582e-10	3.488102e-10	5.458178e+00	2.020707e+01
5.390000e-06	7.064198e-10	3.253490e-10	5.137881e+00	1.917445e+01
5.400000e-06	6.623575e-10	3.070180e-10	4.817410e+00	1.812955e+01
5.410000e-06	6.182673e-10	2.956117e-10	4.496736e+00	1.707292e+01
5.420000e-06	5.741456e-10	2.883280e-10	4.175833e+00	1.600514e+01
5.430000e-06	5.300096e-10	2.806286e-10	3.854826e+00	1.492683e+01
5.440000e-06	4.858572e-10	2.683590e-10	3.533699e+00	1.383866e+01
5.450000e-06	4.416882e-10	2.501049e-10	3.212453e+00	1.274129e+01
5.460000e-06	3.975106e-10	2.263783e-10	2.891143e+00	1.163544e+01
5.470000e-06	3.533186e-10	2.002472e-10	2.569729e+00	1.052183e+01
5.480000e-06	3.091019e-10	1.759301e-10	2.248135e+00	9.401211e+00
5.490000e-06	2.648587e-10	1.559228e-10	1.926348e+00	8.274332e+00
5.500000e-06	2.206110e-10	1.412569e-10	1.604529e+00	7.141966e+00
5.510000e-06	1.763808e-10	1.307844e-10	1.282836e+00	6.004891e+00
5.520000e-06	1.321562e-10	1.195285e-10	9.611846e-01	4.863889e+00
5.530000e-06	8.792676e-11	1.023529e-10	6.394984e-01	3.719741e+00
5.540000e-06	4.368779e-11	7.924367e-11	3.177423e-01	2.573226e+00
5.550000e-06	-5.593167e-13	5.367470e-11	-4.072939e-03	1.425120e+00
5.560000e-06	-4.480389e-11	2.940506e-11	-3.258697e-01	2.761884e-01
5.570000e-06	-8.904896e-11	6.406549e-12	-6.476700e-01	-8.728153e-01
5.580000e-06	-1.332847e-10	-1.521730e-11	-9.694025e-01	-2.021150e+00
5.590000e-06	-1.775085e-10	-3.263058e-11	-1.291049e+00	-3.168091e+00
5.600000e-06	-2.217298e-10	-4.686233e-11	-1.612676e+00	-4.312932e+00
5.610000e-06	-2.659367e-10	-6.233724e-11	-1.934199e+00	-5.454988e+00
5.620000e-06	-3.101252e-10	-8.180966e-11	-2.255587e+00	-6.593594e+00
5.630000e-06	-3.542990e-10	-1.039778e-10	-2.576869e+00	-7.728111e+00
5.640000e-06	-3.984622e-10	-1.261505e-10	-2.898074e+00	-8.857923e+00
5.650000e-06	-4.426150e-10	-1.474698e-10	-3.219203e+00	-9.982440e+00
5.660000e-06	-4.867543e-10	-1.684512e-10	-3.540234e+00	-1.110110e+01
5.670000e-06	-5.308749e-10	-1.885692e-10	-3.861129e+00	-1.221336e+01
5.680000e-06	-5.749700e-10	-2.071091e-10	-4.181839e+00	-1.331873e+01
5.690000e-06	-6.190398e-10	-2.243873e-10	-4.502365e+00	-1.441671e+01
5.700000e-06	-6.630901e-10	-2.408468e-10	-4.822748e+00	-1.550685e+01
5.710000e-06	-7.071305e-10	-2.586047e-10	-5.143060e+00	-1.658874e+01
5.720000e-06	-7.511495e-10	-2.780088e-10	-5.463215e+00	-1.766196e+01
5.730000e-06	-7.951369e-10	-2.980787e-10	-5.783142e+00	-1.872615e+01
5.740000e-06	-8.390980e-10	-3.180299e-10	-6.102877e+00	-1.978095e+01
5.750000e-06	-8.830321e-10	-3.377921e-10	-6.422416e+00	-2.082606e+01
5.760000e-06	-9.269394e-10	-3.563011e-10	-6.741759e+00	-2.186116e+01
5.770000e-06	-9.708136e-10	-3.728663e-10	-7.060862e+00	-2.288599e+01
5.780000e-06	-1.014640e-09	-3.880681e-10	-7.379620e+00	-2.390028e+01
5.790000e-06	-1.058406e-09	-4.023091e-10	-7.697933e+00	-2.490382e+01
5.800000e-06	-1.102104e-09	-4.160460e-10	-8.015754e+00	-2.589638e+01
5.810000e-06	-1.145755e-09	-4.299708e-10	-8.333233e+00	-2.687777e+01
5.820000e-06	-1.189335e-09	-4.444412e-10	-8.650194e+00	-2.784781e+01
5.830000e-06	-1.232823e-09	-4.596965e-10	-8.966489e+00	-2.880635e+01
5.840000e-06	-1.276240e-09	-4.771201e-10	-9.282272e+00	-2.975323e+01
5.850000e-06	-1.319586e-09	-4.955470e-10	-9.597528e+00	-3.068833e+01
5.860000e-06	-1.362840e-09	-5.116175e-10	-9.912125e+00	-3.161154e+01
5.870000e-06	-1.405982e-09	-5.247274e-10	-1.022590e+01	-3.252274e+01
5.880000e-06	-1.449018e-09	-5.372082e-10	-1.053891e+01	-3.342185e+01
5.890000e-06	-1.491952e-09	-5.492147e-10	-1.085117e+01	-3.430878e+01
5.900000e-06	-1.534760e-09	-5.623761e-10	-1.116252e+01	-3.518346e+01
5.910000e-06	-1.577426e-09	-5.769219e-10	-1.147284e+01	-3.604584e+01
5.920000e-06	-1.619952e-09	-5.931172e-10	-1.178213e+01	-3.689586e+01
5.930000e-06	-1.662358e-09	-6.110666e-10	-1.209056e+01	-3.773348e+01
5.940000e-06	-1.704672e-09	-6.269339e-10	-1.239832e+01	-3.855868e+01
5.950000e-06	-1.746890e-09	-6.399871e-10	-1.270537e+01	-3.937142e+01
5.960000e-06	-1.788994e-09	-6.496917e-10	-1.301160e+01	-4.017171e+01
5.970000e-06	-1.830978e-09	-6.577045e-10	-1.331695e+01	-4.095952e+01
5.980000e-06	-1.872841e-09	-6.662293e-10	-1.362143e+01	-4.173488e+01
5.990000e-06	-1.914601e-09	-6.771761e-10	-1.392515e+01	-4.249779e+01
6.000000e-06	-1.956269e-09	-6.905447e-10	-1.422821e+01	-4.324827e+01
6.010000e-06	-1.997814e-09	-7.054837e-10	-1.453037e+01	-4.398638e+01
6.020000e-06	-2.039192e-09	-7.204618e-10	-1.483132e+01	-4.471215e+01
6.030000e-06	-2.080391e-09	-7.325830e-10	-1.513097e+01	-4.542563e+01
6.040000e-06	-2.121397e-09	-7.406288e-10	-1.542921e+01	-4.612689e+01
6.050000e-06	-2.162221e-09	-7.469262e-10	-1.572613e+01	-4.681602e+01
6.060000e-06	-2.202894e-09	-7.543617e-10	-1.602194e+01	-4.749309e+01
6.070000e-06	-2.243417e-09	-7.643676e-10	-1.631667e+01	-4.815821e+01
6.080000e-06	-2.283795e-09	-7.757852e-10	-1.661035e+01	-4.881149e+01
6.090000e-06	-2.324046e-09	-7.875645e-10	-1.690310e+01	-4.945305e+01
6.100000e-06	-2.364200e-09	-8.007457e-10	-1.719515e+01	-5.008302e+01
6.110000e-06	-2.404274e-09	-8.134066e-10	-1.748661e+01	-5.070156e+01
6.120000e-06	-2.444272e-09	-8.225173e-10	-1.777752e+01	-5.130881e+01
6.130000e-06	-2.484185e-09	-8.284362e-10	-1.806781e+01	-5.190493e+01
6.140000e-06	-2.523999e-09	-8.338143e-10	-1.835739e+01	-5.249012e+01
6.150000e-06	-2.563695e-09	-8.404787e-10	-1.864610e+01	-5.306455e+01
6.160000e-06	-2.603238e-09	-8.494453e-10	-1.893370e+01	-5.362842e+01
6.170000e-06	-2.642580e-09	-8.602727e-10	-1.921984e+01	-5.418193e+01
6.180000e-06	-2.681692e-09	-8.714342e-10	-1.950431e+01	-5.472529e+01
6.190000e-06	-2.720541e-09	-8.809939e-10	-1.978686e+01	-5.525873e+01
6.200000e-06	-2.759083e-09	-8.894606e-10	-2.006718e+01	-5.578246e+01
6.210000e-06	-2.797274e-09	-8.968034e-10	-2.034495e+01	-5.629672e+01
6.220000e-06	-2.835093e-09	-9.042173e-10	-2.062001e+01	-5.680175e+01
6.230000e-06	-2.872561e-09	-9.117506e-10	-2.089252e+01	-5.729776e+01
6.240000e-06	-2.909681e-09	-9.193649e-10	-2.116250e+01	-5.778502e+01
6.250000e-06	-2.946490e-09	-9.280382e-10	-2.143022e+01	-5.826374e+01
6.260000e-06	-2.983039e-09	-9.372866e-10	-2.169605e+01	-5.873418e+01
6.270000e-06	-3.019389e-09	-9.452150e-10	-2.196042e+01	-5.919655e+01
6.280000e-06	-3.055606e-09	-9.515950e-10	-2.222383e+01	-5.965111e+01
6.290000e-06	-3.091703e-09	-9.588669e-10	-2.248637e+01	-6.009807e+01
6.300000e-06	-3.127687e-09	-9.676685e-10	-2.274809e+01	-6.053766e+01
6.310000e-06	-3.163556e-09	-9.760474e-10	-2.300897e+01	-6.097009e+01
6.320000e-06	-3.199267e-09	-9.832149e-10	-2.326870e+01	-6.139556e+01
6.330000e-06	-3.234781e-09	-9.900940e-10	-2.352700e+01	-6.181429e+01
6.340000e-06	-3.270074e-09	-9.983479e-10	-2.378369e+01	-6.222645e+01
6.350000e-06	-3.305113e-09	-1.006904e-09	-2.403853e+01	-6.263223e+01
6.360000e-06	-3.339888e-09	-1.012388e-09	-2.429145e+01	-6.303179e+01
6.370000e-06	-3.374417e-09	-1.015709e-09	-2.454259e+01	-6.342529e+01
6.380000e-06	-3.408719e-09	-1.020707e-09	-2.479207e+01	-6.381288e+01
6.390000e-06	-3.442807e-09	-1.027809e-09	-2.503999e+01	-6.419468e+01
6.400000e-06	-3.476679e-09	-1.035166e-09	-2.528635e+01	-6.457082e+01
6.410000e-06	-3.510321e-09	-1.042917e-09	-2.553104e+01	-6.494140e+01
6.420000e-06	-3.543724e-09	-1.050952e-09	-2.577398e+01	-6.530652e+01
6.430000e-06	-3.576837e-09	-1.058341e-09	-2.601481e+01	-6.566625e+01
6.440000e-06	-3.609657e-09	-1.064124e-09	-2.625352e+01	-6.602067e+01
6.450000e-06	-3.642228e-09	-1.068111e-09	-2.649041e+01	-6.636984e+01
6.460000e-06	-3.674570e-09	-1.071690e-09	-2.672564e+01	-6.671381e+01
6.470000e-06	-3.706729e-09	-1.076388e-09	-2.695953e+01	-6.705261e+01
6.480000e-06	-3.738721e-09	-1.082778e-09	-2.719222e+01	-6.738626e+01
6.490000e-06	-3.770546e-09	-1.089250e-09	-2.742369e+01	-6.771480e+01
6.500000e-06	-3.802162e-09	-1.093193e-09	-2.765363e+01	-6.803823e+01
6.510000e-06	-3.833487e-09	-1.095927e-09	-2.788147e+01	-6.835655e+01
6.520000e-06	-3.864494e-09	-1.099766e-09	-2.810698e+01	-6.866978e+01
6.530000e-06	-3.895124e-09	-1.103796e-09	-2.832976e+01	-6.897790e+01
6.540000e-06	-3.925276e-09	-1.107880e-09	-2.854906e+01	-6.928091e+01
6.550000e-06	-3.954937e-09	-1.111578e-09	-2.876478e+01	-6.957880e+01
6.560000e-06	-3.984154e-09	-1.115248e-09	-2.897728e+01	-6.987155e+01
6.570000e-06	-4.012993e-09	-1.119898e-09	-2.918704e+01	-7.015917e+01
6.580000e-06	-4.041540e-09	-1.125598e-09	-2.939466e+01	-7.044163e+01
6.590000e-06	-4.069836e-09	-1.130622e-09	-2.960046e+01	-7.071894e+01
6.600000e-06	-4.097936e-09	-1.133361e-09	-2.980483e+01	-7.099110e+01
6.610000e-06	-4.125874e-09	-1.135414e-09	-3.000803e+01	-7.125810e+01
6.620000e-06	-4.153630e-09	-1.137656e-09	-3.020991e+01	-7.151995e+01
6.630000e-06	-4.181146e-09	-1.140180e-09	-3.041003e+01	-7.177666e+01
6.640000e-06	-4.208373e-09	-1.143488e-09	-3.060806e+01	-7.202825e+01
6.650000e-06	-4.235282e-09	-1.148091e-09	-3.080377e+01	-7.227475e+01
6.660000e-06	-4.261863e-09	-1.152967e-09	-3.099710e+01	-7.251618e+01
6.670000e-06	-4.288146e-09	-1.156481e-09	-3.118826e+01	-7.275259e+01
6.680000e-06	-4.314141e-09	-1.158650e-09	-3.137732e+01	-7.298402e+01
6.690000e-06	-4.339846e-09	-1.160437e-09	-3.156428e+01	-7.321051e+01
6.700000e-06	-4.365218e-09	-1.162303e-09	-3.174881e+01	-7.343213e+01
6.710000e-06	-4.390258e-09	-1.165035e-09	-3.193093e+01	-7.364895e+01
6.720000e-06	-4.414993e-09	-1.169709e-09	-3.211083e+01	-7.386103e+01
6.730000e-06	-4.439457e-09	-1.175392e-09	-3.228876e+01	-7.406844e+01
6.740000e-06	-4.463699e-09	-1.180423e-09	-3.246507e+01	-7.427126e+01
6.750000e-06	-4.487739e-09	-1.183544e-09	-3.263992e+01	-7.446958e+01
6.760000e-06	-4.511587e-09	-1.183728e-09	-3.281338e+01	-7.466348e+01
6.770000e-06	-4.535189e-09	-1.182958e-09	-3.298503e+01	-7.485305e+01
6.780000e-06	-4.558451e-09	-1.183179e-09	-3.315422e+01	-7.503836e+01
6.790000e-06	-4.581293e-09	-1.186346e-09	-3.332036e+01	-7.521951e+01
6.800000e-06	-4.603662e-09	-1.192630e-09	-3.348305e+01	-7.539657e+01
6.810000e-06	-4.625501e-09	-1.199350e-09	-3.364188e+01	-7.556963e+01
6.820000e-06	-4.646812e-09	-1.204249e-09	-3.379688e+01	-7.573877e+01
6.830000e-06	-4.667672e-09	-1.206470e-09	-3.394860e+01	-7.590404e+01
6.840000e-06	-4.688170e-09	-1.205412e-09	-3.409769e+01	-7.606551e+01
6.850000e-06	-4.708399e-09	-1.202061e-09	-3.424481e+01	-7.622325e+01
6.860000e-06	-4.728429e-09	-1.199660e-09	-3.439050e+01	-7.637730e+01
6.870000e-06	-4.748263e-09	-1.200521e-09	-3.453475e+01	-7.652768e+01
6.880000e-06	-4.767827e-09	-1.205155e-09	-3.467704e+01	-7.667445e+01
6.890000e-06	-4.787069e-09	-1.213157e-09	-3.481699e+01	-7.681761e+01
6.900000e-06	-4.805953e-09	-1.222524e-09	-3.495433e+01	-7.695716e+01
6.910000e-06	-4.824490e-09	-1.228847e-09	-3.508916e+01	-7.709312e+01
6.920000e-06	-4.842739e-09	-1.229211e-09	-3.522188e+01	-7.722546e+01
6.930000e-06	-4.860694e-09	-1.224429e-09	-3.535247e+01	-7.735415e+01
6.940000e-06	-4.878318e-09	-1.217928e-09	-3.548066e+01	-7.747917e+01
6.950000e-06	-4.895612e-09	-1.213256e-09	-3.560644e+01	-7.760046e+01
6.960000e-06	-4.912550e-09	-1.213205e-09	-3.572963e+01	-7.771797e+01
6.970000e-06	-4.929147e-09	-1.218454e-09	-3.585034e+01	-7.783164e+01
6.980000e-06	-4.945470e-09	-1.226725e-09	-3.596906e+01	-7.794139e+01
6.990000e-06	-4.961561e-09	-1.235039e-09	-3.608609e+01	-7.804714e+01
7.000000e-06	-4.977419e-09	-1.239912e-09	-3.620143e+01	-7.814882e+01
7.010000e-06	-4.992973e-09	-1.238186e-09	-3.631455e+01	-7.824632e+01
7.020000e-06	-5.008072e-09	-1.230933e-09	-3.642437e+01	-7.833956e+01
7.030000e-06	-5.022590e-09	-1.223814e-09	-3.652997e+01	-7.842845e+01
7.040000e-06	-5.036499e-09	-1.221420e-09	-3.663113e+01	-7.851289e+01
7.050000e-06	-5.049846e-09	-1.223246e-09	-3.672820e+01	-7.859280e+01
7.060000e-06	-5.062710e-09	-1.227688e-09	-3.682176e+01	-7.866809e+01
7.070000e-06	-5.075172e-09	-1.233540e-09	-3.691240e+01	-7.873869e+01
7.080000e-06	-5.087290e-09	-1.239411e-09	-3.700054e+01	-7.880452e+01
7.090000e-06	-5.099090e-09	-1.242815e-09	-3.708636e+01	-7.886553e+01
7.100000e-06	-5.110542e-09	-1.240684e-09	-3.716965e+01	-7.892168e+01
7.110000e-06	-5.121600e-09	-1.233994e-09	-3.725007e+01	-7.897292e+01
7.120000e-06	-5.132278e-09	-1.227741e-09	-3.732774e+01	-7.901925e+01
7.130000e-06	-5.142595e-09	-1.225370e-09	-3.740278e+01	-7.906066e+01
7.140000e-06	-5.152571e-09	-1.225755e-09	-3.747534e+01	-7.909718e+01
7.150000e-06	-5.162213e-09	-1.227205e-09	-3.754546e+01	-7.912884e+01
7.160000e-06	-5.171485e-09	-1.230395e-09	-3.761290e+01	-7.915570e+01
7.170000e-06	-5.180387e-09	-1.234252e-09	-3.767764e+01	-7.917785e+01
7.180000e-06	-5.188963e-09	-1.235497e-09	-3.774002e+01	-7.919540e+01
7.190000e-06	-5.197262e-09	-1.232724e-09	-3.780037e+01	-7.920846e+01
7.200000e-06	-5.205328e-09	-1.228128e-09	-3.785904e+01	-7.921721e+01
7.210000e-06	-5.213171e-09	-1.223622e-09	-3.791608e+01	-7.922180e+01
7.220000e-06	-5.220711e-09	-1.219977e-09	-3.797092e+01	-7.922244e+01
7.230000e-06	-5.227833e-09	-1.217671e-09	-3.802272e+01	-7.921935e+01
7.240000e-06	-5.234430e-09	-1.215993e-09	-3.807070e+01	-7.921278e+01
7.250000e-06	-5.240455e-09	-1.215289e-09	-3.811452e+01	-7.920298e+01
7.260000e-06	-5.245913e-09	-1.215744e-09	-3.815422e+01	-7.919025e+01
7.270000e-06	-5.250844e-09	-1.216930e-09	-3.819009e+01	-7.917488e+01
7.280000e-06	-5.255371e-09	-1.217759e-09	-3.822301e+01	-7.915718e+01
7.290000e-06	-5.259618e-09	-1.216650e-09	-3.825390e+01	-7.913750e+01
7.300000e-06	-5.263643e-09	-1.213985e-09	-3.828317e+01	-7.911617e+01
7.310000e-06	-5.267408e-09	-1.210177e-09	-3.831056e+01	-7.909353e+01
7.320000e-06	-5.270828e-09	-1.205356e-09	-3.833543e+01	-7.906995e+01
7.330000e-06	-5.273879e-09	-1.201061e-09	-3.835762e+01	-7.904579e+01
7.340000e-06	-5.276578e-09	-1.199141e-09	-3.837725e+01	-7.902140e+01
7.350000e-06	-5.278939e-09	-1.199220e-09	-3.839443e+01	-7.899713e+01
7.360000e-06	-5.280983e-09	-1.199665e-09	-3.840929e+01	-7.897335e+01
7.370000e-06	-5.282718e-09	-1.199173e-09	-3.842191e+01	-7.895039e+01
7.380000e-06	-5.284042e-09	-1.197845e-09	-3.843154e+01	-7.892857e+01
7.390000e-06	-5.284937e-09	-1.195277e-09	-3.843805e+01	-7.890821e+01
7.400000e-06	-5.285524e-09	-1.191499e-09	-3.844232e+01	-7.888961e+01
