# Temperatura_=_20.0
# Concentracion g/m^3_=_1720.0
# C_Vs_to_Am_M_A/Vsm_=_65563218390.804596
# pendiente_HvsI_1/m_=_3716.3
# ordenada_HvsI_A/m_=_1297.0
# frecuencia_Hz_=_135008.623131821
# Promedio de 841 ciclos

Tiempo_(s)	Campo_(V.s)	Magnetizacion_(V.s)	Campo_(kA/m)	Magnetizacion_(A/m)
0.000000e+00	-5.295107e-09	-5.493611e-10	-3.842877e+01	-3.790061e+01
1.000000e-08	-5.295159e-09	-5.491870e-10	-3.842915e+01	-3.784794e+01
2.000000e-08	-5.295002e-09	-5.495761e-10	-3.842800e+01	-3.779699e+01
3.000000e-08	-5.294616e-09	-5.479981e-10	-3.842521e+01	-3.774799e+01
4.000000e-08	-5.293908e-09	-5.464837e-10	-3.842006e+01	-3.770118e+01
5.000000e-08	-5.292764e-09	-5.474806e-10	-3.841176e+01	-3.765676e+01
6.000000e-08	-5.291091e-09	-5.509402e-10	-3.839962e+01	-3.761491e+01
7.000000e-08	-5.288812e-09	-5.550919e-10	-3.838308e+01	-3.757580e+01
8.000000e-08	-5.285893e-09	-5.565152e-10	-3.836190e+01	-3.753955e+01
9.000000e-08	-5.282373e-09	-5.538351e-10	-3.833635e+01	-3.750625e+01
1.000000e-07	-5.278393e-09	-5.431784e-10	-3.830747e+01	-3.747597e+01
1.100000e-07	-5.274152e-09	-5.363579e-10	-3.827669e+01	-3.744873e+01
1.200000e-07	-5.269760e-09	-5.439750e-10	-3.824481e+01	-3.742453e+01
1.300000e-07	-5.265133e-09	-5.484912e-10	-3.821123e+01	-3.740331e+01
1.400000e-07	-5.260111e-09	-5.363633e-10	-3.817478e+01	-3.738501e+01
1.500000e-07	-5.254680e-09	-5.300298e-10	-3.813537e+01	-3.736948e+01
1.600000e-07	-5.248931e-09	-5.447539e-10	-3.809365e+01	-3.735659e+01
1.700000e-07	-5.242849e-09	-5.588288e-10	-3.804951e+01	-3.734612e+01
1.800000e-07	-5.236350e-09	-5.429779e-10	-3.800234e+01	-3.733786e+01
1.900000e-07	-5.229458e-09	-5.315818e-10	-3.795233e+01	-3.733153e+01
2.000000e-07	-5.222276e-09	-5.462633e-10	-3.790020e+01	-3.732684e+01
2.100000e-07	-5.214825e-09	-5.604273e-10	-3.784612e+01	-3.732345e+01
2.200000e-07	-5.207065e-09	-5.566656e-10	-3.778981e+01	-3.732101e+01
2.300000e-07	-5.199020e-09	-5.650562e-10	-3.773143e+01	-3.731914e+01
2.400000e-07	-5.190684e-09	-5.899653e-10	-3.767092e+01	-3.731743e+01
2.500000e-07	-5.181913e-09	-5.924093e-10	-3.760727e+01	-3.731545e+01
2.600000e-07	-5.172578e-09	-5.823196e-10	-3.753952e+01	-3.731276e+01
2.700000e-07	-5.162690e-09	-5.932529e-10	-3.746776e+01	-3.730892e+01
2.800000e-07	-5.152296e-09	-6.026095e-10	-3.739233e+01	-3.730345e+01
2.900000e-07	-5.141388e-09	-5.761791e-10	-3.731317e+01	-3.729589e+01
3.000000e-07	-5.129989e-09	-5.591131e-10	-3.723044e+01	-3.728578e+01
3.100000e-07	-5.118163e-09	-5.799314e-10	-3.714461e+01	-3.727266e+01
3.200000e-07	-5.105972e-09	-5.930334e-10	-3.705614e+01	-3.725606e+01
3.300000e-07	-5.093438e-09	-5.748135e-10	-3.696518e+01	-3.723555e+01
3.400000e-07	-5.080537e-09	-5.768633e-10	-3.687155e+01	-3.721071e+01
3.500000e-07	-5.067239e-09	-6.012421e-10	-3.677504e+01	-3.718112e+01
3.600000e-07	-5.053561e-09	-6.020620e-10	-3.667577e+01	-3.714640e+01
3.700000e-07	-5.039536e-09	-5.781086e-10	-3.657398e+01	-3.710620e+01
3.800000e-07	-5.025123e-09	-5.636091e-10	-3.646938e+01	-3.706020e+01
3.900000e-07	-5.010212e-09	-5.556801e-10	-3.636117e+01	-3.700809e+01
4.000000e-07	-4.994745e-09	-5.511463e-10	-3.624892e+01	-3.694962e+01
4.100000e-07	-4.978764e-09	-5.582182e-10	-3.613293e+01	-3.688458e+01
4.200000e-07	-4.962339e-09	-5.661070e-10	-3.601374e+01	-3.681279e+01
4.300000e-07	-4.945540e-09	-5.669257e-10	-3.589182e+01	-3.673410e+01
4.400000e-07	-4.928438e-09	-5.759181e-10	-3.576770e+01	-3.664843e+01
4.500000e-07	-4.911067e-09	-5.826430e-10	-3.564163e+01	-3.655572e+01
4.600000e-07	-4.893417e-09	-5.650470e-10	-3.551354e+01	-3.645597e+01
4.700000e-07	-4.875459e-09	-5.420553e-10	-3.538321e+01	-3.634922e+01
4.800000e-07	-4.857137e-09	-5.423161e-10	-3.525024e+01	-3.623554e+01
4.900000e-07	-4.838402e-09	-5.537485e-10	-3.511428e+01	-3.611506e+01
5.000000e-07	-4.819259e-09	-5.552866e-10	-3.497534e+01	-3.598794e+01
5.100000e-07	-4.799759e-09	-5.530525e-10	-3.483383e+01	-3.585439e+01
5.200000e-07	-4.779973e-09	-5.565927e-10	-3.469023e+01	-3.571465e+01
5.300000e-07	-4.759962e-09	-5.628212e-10	-3.454500e+01	-3.556899e+01
5.400000e-07	-4.739749e-09	-5.596788e-10	-3.439831e+01	-3.541771e+01
5.500000e-07	-4.719294e-09	-5.462343e-10	-3.424986e+01	-3.526116e+01
5.600000e-07	-4.698529e-09	-5.359792e-10	-3.409916e+01	-3.509970e+01
5.700000e-07	-4.677422e-09	-5.384644e-10	-3.394598e+01	-3.493370e+01
5.800000e-07	-4.655984e-09	-5.417101e-10	-3.379039e+01	-3.476358e+01
5.900000e-07	-4.634241e-09	-5.386853e-10	-3.363259e+01	-3.458974e+01
6.000000e-07	-4.612206e-09	-5.350166e-10	-3.347267e+01	-3.441262e+01
6.100000e-07	-4.589867e-09	-5.358484e-10	-3.331055e+01	-3.423264e+01
6.200000e-07	-4.567197e-09	-5.379666e-10	-3.314602e+01	-3.405024e+01
6.300000e-07	-4.544178e-09	-5.346215e-10	-3.297897e+01	-3.386586e+01
6.400000e-07	-4.520821e-09	-5.227734e-10	-3.280946e+01	-3.367991e+01
6.500000e-07	-4.497163e-09	-5.157163e-10	-3.263776e+01	-3.349282e+01
6.600000e-07	-4.473263e-09	-5.191771e-10	-3.246431e+01	-3.330498e+01
6.700000e-07	-4.449166e-09	-5.215441e-10	-3.228942e+01	-3.311678e+01
6.800000e-07	-4.424852e-09	-5.153806e-10	-3.211297e+01	-3.292859e+01
6.900000e-07	-4.400259e-09	-5.105780e-10	-3.193449e+01	-3.274074e+01
7.000000e-07	-4.375316e-09	-5.109663e-10	-3.175347e+01	-3.255355e+01
7.100000e-07	-4.349960e-09	-5.089469e-10	-3.156945e+01	-3.236729e+01
7.200000e-07	-4.324139e-09	-5.022361e-10	-3.138206e+01	-3.218222e+01
7.300000e-07	-4.297831e-09	-4.971899e-10	-3.119113e+01	-3.199856e+01
7.400000e-07	-4.271047e-09	-4.982402e-10	-3.099675e+01	-3.181649e+01
7.500000e-07	-4.243831e-09	-5.024655e-10	-3.079923e+01	-3.163615e+01
7.600000e-07	-4.216267e-09	-5.009877e-10	-3.059918e+01	-3.145765e+01
7.700000e-07	-4.188440e-09	-4.928773e-10	-3.039723e+01	-3.128106e+01
7.800000e-07	-4.160418e-09	-4.860565e-10	-3.019387e+01	-3.110642e+01
7.900000e-07	-4.132223e-09	-4.822437e-10	-2.998924e+01	-3.093372e+01
8.000000e-07	-4.103822e-09	-4.780288e-10	-2.978312e+01	-3.076292e+01
8.100000e-07	-4.075159e-09	-4.737134e-10	-2.957511e+01	-3.059395e+01
8.200000e-07	-4.046190e-09	-4.741650e-10	-2.936487e+01	-3.042671e+01
8.300000e-07	-4.016906e-09	-4.779417e-10	-2.915234e+01	-3.026104e+01
8.400000e-07	-3.987325e-09	-4.787633e-10	-2.893766e+01	-3.009679e+01
8.500000e-07	-3.957482e-09	-4.725031e-10	-2.872107e+01	-2.993376e+01
8.600000e-07	-3.927409e-09	-4.634308e-10	-2.850282e+01	-2.977172e+01
8.700000e-07	-3.897115e-09	-4.581852e-10	-2.828297e+01	-2.961045e+01
8.800000e-07	-3.866576e-09	-4.564970e-10	-2.806134e+01	-2.944967e+01
8.900000e-07	-3.835760e-09	-4.540740e-10	-2.783769e+01	-2.928913e+01
9.000000e-07	-3.804655e-09	-4.525904e-10	-2.761195e+01	-2.912853e+01
9.100000e-07	-3.773284e-09	-4.544282e-10	-2.738428e+01	-2.896759e+01
9.200000e-07	-3.741682e-09	-4.563976e-10	-2.715492e+01	-2.880600e+01
9.300000e-07	-3.709878e-09	-4.522020e-10	-2.692411e+01	-2.864347e+01
9.400000e-07	-3.677901e-09	-4.433620e-10	-2.669204e+01	-2.847970e+01
9.500000e-07	-3.645764e-09	-4.364435e-10	-2.645881e+01	-2.831442e+01
9.600000e-07	-3.613452e-09	-4.336075e-10	-2.622431e+01	-2.814732e+01
9.700000e-07	-3.580912e-09	-4.322555e-10	-2.598815e+01	-2.797816e+01
9.800000e-07	-3.548088e-09	-4.311887e-10	-2.574993e+01	-2.780667e+01
9.900000e-07	-3.514940e-09	-4.305725e-10	-2.550937e+01	-2.763263e+01
1.000000e-06	-3.481441e-09	-4.302377e-10	-2.526625e+01	-2.745580e+01
1.010000e-06	-3.447559e-09	-4.272682e-10	-2.502035e+01	-2.727601e+01
1.020000e-06	-3.413272e-09	-4.204368e-10	-2.477152e+01	-2.709308e+01
1.030000e-06	-3.378581e-09	-4.129339e-10	-2.451976e+01	-2.690686e+01
1.040000e-06	-3.343523e-09	-4.085087e-10	-2.426533e+01	-2.671724e+01
1.050000e-06	-3.308147e-09	-4.073390e-10	-2.400859e+01	-2.652413e+01
1.060000e-06	-3.272507e-09	-4.065164e-10	-2.374993e+01	-2.632745e+01
1.070000e-06	-3.236665e-09	-4.052136e-10	-2.348981e+01	-2.612718e+01
1.080000e-06	-3.200672e-09	-4.047072e-10	-2.322859e+01	-2.592331e+01
1.090000e-06	-3.164554e-09	-4.037145e-10	-2.296648e+01	-2.571586e+01
1.100000e-06	-3.128308e-09	-4.003063e-10	-2.270342e+01	-2.550487e+01
1.110000e-06	-3.091907e-09	-3.946689e-10	-2.243924e+01	-2.529040e+01
1.120000e-06	-3.055328e-09	-3.886917e-10	-2.217378e+01	-2.507256e+01
1.130000e-06	-3.018548e-09	-3.843046e-10	-2.190685e+01	-2.485147e+01
1.140000e-06	-2.981545e-09	-3.803538e-10	-2.163830e+01	-2.462724e+01
1.150000e-06	-2.944312e-09	-3.765651e-10	-2.136808e+01	-2.440005e+01
1.160000e-06	-2.906860e-09	-3.744088e-10	-2.109628e+01	-2.417006e+01
1.170000e-06	-2.869206e-09	-3.745727e-10	-2.082301e+01	-2.393744e+01
1.180000e-06	-2.831357e-09	-3.748178e-10	-2.054833e+01	-2.370240e+01
1.190000e-06	-2.793316e-09	-3.736772e-10	-2.027225e+01	-2.346512e+01
1.200000e-06	-2.755083e-09	-3.714492e-10	-1.999478e+01	-2.322583e+01
1.210000e-06	-2.716654e-09	-3.682836e-10	-1.971588e+01	-2.298471e+01
1.220000e-06	-2.678023e-09	-3.635548e-10	-1.943552e+01	-2.274198e+01
1.230000e-06	-2.639187e-09	-3.575219e-10	-1.915367e+01	-2.249784e+01
1.240000e-06	-2.600155e-09	-3.513929e-10	-1.887040e+01	-2.225249e+01
1.250000e-06	-2.560938e-09	-3.463028e-10	-1.858578e+01	-2.200610e+01
1.260000e-06	-2.521546e-09	-3.409344e-10	-1.829990e+01	-2.175886e+01
1.270000e-06	-2.481990e-09	-3.361034e-10	-1.801283e+01	-2.151093e+01
1.280000e-06	-2.442291e-09	-3.332180e-10	-1.772471e+01	-2.126245e+01
1.290000e-06	-2.402472e-09	-3.304766e-10	-1.743573e+01	-2.101355e+01
1.300000e-06	-2.362549e-09	-3.260458e-10	-1.714599e+01	-2.076433e+01
1.310000e-06	-2.322530e-09	-3.199845e-10	-1.685556e+01	-2.051490e+01
1.320000e-06	-2.282420e-09	-3.128354e-10	-1.656446e+01	-2.026531e+01
1.330000e-06	-2.242216e-09	-3.054988e-10	-1.627269e+01	-2.001560e+01
1.340000e-06	-2.201905e-09	-2.991182e-10	-1.598013e+01	-1.976581e+01
1.350000e-06	-2.161466e-09	-2.936731e-10	-1.568665e+01	-1.951592e+01
1.360000e-06	-2.120879e-09	-2.890446e-10	-1.539209e+01	-1.926591e+01
1.370000e-06	-2.080128e-09	-2.852058e-10	-1.509634e+01	-1.901573e+01
1.380000e-06	-2.039204e-09	-2.813437e-10	-1.479935e+01	-1.876531e+01
1.390000e-06	-1.998095e-09	-2.761044e-10	-1.450100e+01	-1.851457e+01
1.400000e-06	-1.956787e-09	-2.697223e-10	-1.420121e+01	-1.826338e+01
1.410000e-06	-1.915272e-09	-2.643932e-10	-1.389992e+01	-1.801161e+01
1.420000e-06	-1.873544e-09	-2.611836e-10	-1.359709e+01	-1.775912e+01
1.430000e-06	-1.831596e-09	-2.578702e-10	-1.329266e+01	-1.750574e+01
1.440000e-06	-1.789419e-09	-2.527481e-10	-1.298656e+01	-1.725130e+01
1.450000e-06	-1.747009e-09	-2.460495e-10	-1.267877e+01	-1.699560e+01
1.460000e-06	-1.704372e-09	-2.393300e-10	-1.236934e+01	-1.673845e+01
1.470000e-06	-1.661527e-09	-2.337594e-10	-1.205839e+01	-1.647963e+01
1.480000e-06	-1.618485e-09	-2.296778e-10	-1.174603e+01	-1.621895e+01
1.490000e-06	-1.575260e-09	-2.268328e-10	-1.143233e+01	-1.595618e+01
1.500000e-06	-1.531872e-09	-2.248643e-10	-1.111744e+01	-1.569111e+01
1.510000e-06	-1.488349e-09	-2.241760e-10	-1.080157e+01	-1.542354e+01
1.520000e-06	-1.444714e-09	-2.234209e-10	-1.048490e+01	-1.515326e+01
1.530000e-06	-1.400986e-09	-2.197141e-10	-1.016755e+01	-1.488007e+01
1.540000e-06	-1.357183e-09	-2.125338e-10	-9.849649e+00	-1.460378e+01
1.550000e-06	-1.313315e-09	-2.038094e-10	-9.531281e+00	-1.432422e+01
1.560000e-06	-1.269388e-09	-1.960429e-10	-9.212487e+00	-1.404122e+01
1.570000e-06	-1.225410e-09	-1.911539e-10	-8.893318e+00	-1.375462e+01
1.580000e-06	-1.181385e-09	-1.893432e-10	-8.573810e+00	-1.346430e+01
1.590000e-06	-1.137317e-09	-1.887309e-10	-8.253986e+00	-1.317014e+01
1.600000e-06	-1.093203e-09	-1.872794e-10	-7.933833e+00	-1.287203e+01
1.610000e-06	-1.049041e-09	-1.837376e-10	-7.613331e+00	-1.256990e+01
1.620000e-06	-1.004832e-09	-1.775878e-10	-7.292490e+00	-1.226368e+01
1.630000e-06	-9.605780e-10	-1.686336e-10	-6.971319e+00	-1.195334e+01
1.640000e-06	-9.162799e-10	-1.578426e-10	-6.649829e+00	-1.163884e+01
1.650000e-06	-8.719417e-10	-1.480691e-10	-6.328047e+00	-1.132019e+01
1.660000e-06	-8.275682e-10	-1.416423e-10	-6.006011e+00	-1.099739e+01
1.670000e-06	-7.831593e-10	-1.397980e-10	-5.683717e+00	-1.067049e+01
1.680000e-06	-7.387159e-10	-1.413042e-10	-5.361173e+00	-1.033952e+01
1.690000e-06	-6.942396e-10	-1.413517e-10	-5.038389e+00	-1.000455e+01
1.700000e-06	-6.497262e-10	-1.375367e-10	-4.715337e+00	-9.665661e+00
1.710000e-06	-6.051750e-10	-1.305421e-10	-4.392010e+00	-9.322939e+00
1.720000e-06	-5.605859e-10	-1.213000e-10	-4.068409e+00	-8.976484e+00
1.730000e-06	-5.159630e-10	-1.112922e-10	-3.744562e+00	-8.626408e+00
1.740000e-06	-4.713059e-10	-1.022146e-10	-3.420467e+00	-8.272826e+00
1.750000e-06	-4.266078e-10	-9.636939e-11	-3.096075e+00	-7.915860e+00
1.760000e-06	-3.818716e-10	-9.475159e-11	-2.771406e+00	-7.555633e+00
1.770000e-06	-3.371032e-10	-9.487407e-11	-2.446504e+00	-7.192271e+00
1.780000e-06	-2.923063e-10	-9.294505e-11	-2.121395e+00	-6.825899e+00
1.790000e-06	-2.474853e-10	-8.718668e-11	-1.796110e+00	-6.456638e+00
1.800000e-06	-2.026486e-10	-7.891263e-11	-1.470712e+00	-6.084603e+00
1.810000e-06	-1.578093e-10	-7.081611e-11	-1.145295e+00	-5.709905e+00
1.820000e-06	-1.129745e-10	-6.373909e-11	-8.199108e-01	-5.332645e+00
1.830000e-06	-6.814523e-11	-5.767492e-11	-4.945663e-01	-4.952913e+00
1.840000e-06	-2.332166e-11	-5.244189e-11	-1.692635e-01	-4.570790e+00
1.850000e-06	2.150057e-11	-4.798079e-11	1.560297e-01	-4.186344e+00
1.860000e-06	6.632256e-11	-4.339179e-11	4.813211e-01	-3.799628e+00
1.870000e-06	1.111442e-10	-3.805190e-11	8.066098e-01	-3.410684e+00
1.880000e-06	1.559644e-10	-3.229339e-11	1.131888e+00	-3.019535e+00
1.890000e-06	2.007792e-10	-2.644720e-11	1.457128e+00	-2.626194e+00
1.900000e-06	2.455839e-10	-2.162913e-11	1.782294e+00	-2.230656e+00
1.910000e-06	2.903714e-10	-1.698417e-11	2.107334e+00	-1.832902e+00
1.920000e-06	3.351366e-10	-1.043047e-11	2.432214e+00	-1.432899e+00
1.930000e-06	3.798745e-10	-2.672331e-12	2.756895e+00	-1.030601e+00
1.940000e-06	4.245808e-10	5.030197e-12	3.081347e+00	-6.259474e-01
1.950000e-06	4.692481e-10	1.209079e-11	3.405516e+00	-2.188688e-01
1.960000e-06	5.138708e-10	1.865308e-11	3.729361e+00	1.907157e-01
1.970000e-06	5.584506e-10	2.509876e-11	4.052895e+00	6.028952e-01
1.980000e-06	6.029888e-10	3.085333e-11	4.376127e+00	1.017765e+00
1.990000e-06	6.474874e-10	3.546621e-11	4.699072e+00	1.435427e+00
2.000000e-06	6.919492e-10	4.003900e-11	5.021750e+00	1.855983e+00
2.010000e-06	7.363748e-10	4.688728e-11	5.344165e+00	2.279538e+00
2.020000e-06	7.807682e-10	5.612595e-11	5.666347e+00	2.706195e+00
2.030000e-06	8.251290e-10	6.478702e-11	5.988291e+00	3.136053e+00
2.040000e-06	8.694537e-10	7.185948e-11	6.309975e+00	3.569204e+00
2.050000e-06	9.137387e-10	7.813220e-11	6.631370e+00	4.005734e+00
2.060000e-06	9.579825e-10	8.357599e-11	6.952466e+00	4.445716e+00
2.070000e-06	1.002188e-09	8.877527e-11	7.273282e+00	4.889213e+00
2.080000e-06	1.046354e-09	9.383420e-11	7.593818e+00	5.336271e+00
2.090000e-06	1.090483e-09	9.980989e-11	7.914079e+00	5.786920e+00
2.100000e-06	1.134571e-09	1.073129e-10	8.234045e+00	6.241172e+00
2.110000e-06	1.178616e-09	1.156021e-10	8.553701e+00	6.699019e+00
2.120000e-06	1.222616e-09	1.243972e-10	8.873025e+00	7.160430e+00
2.130000e-06	1.266568e-09	1.333143e-10	9.192005e+00	7.625352e+00
2.140000e-06	1.310471e-09	1.413681e-10	9.510630e+00	8.093709e+00
2.150000e-06	1.354315e-09	1.487664e-10	9.828822e+00	8.565398e+00
2.160000e-06	1.398089e-09	1.552422e-10	1.014651e+01	9.040293e+00
2.170000e-06	1.441779e-09	1.599889e-10	1.046359e+01	9.518241e+00
2.180000e-06	1.485369e-09	1.647925e-10	1.077993e+01	9.999065e+00
2.190000e-06	1.528840e-09	1.708459e-10	1.109542e+01	1.048256e+01
2.200000e-06	1.572166e-09	1.775417e-10	1.140986e+01	1.096850e+01
2.210000e-06	1.615320e-09	1.855853e-10	1.172304e+01	1.145663e+01
2.220000e-06	1.658284e-09	1.953280e-10	1.203485e+01	1.194668e+01
2.230000e-06	1.701041e-09	2.048913e-10	1.234515e+01	1.243836e+01
2.240000e-06	1.743575e-09	2.128204e-10	1.265383e+01	1.293133e+01
2.250000e-06	1.785868e-09	2.191969e-10	1.296077e+01	1.342527e+01
2.260000e-06	1.827920e-09	2.248310e-10	1.326596e+01	1.391983e+01
2.270000e-06	1.869734e-09	2.296171e-10	1.356942e+01	1.441464e+01
2.280000e-06	1.911314e-09	2.335158e-10	1.387118e+01	1.490933e+01
2.290000e-06	1.952676e-09	2.374859e-10	1.417136e+01	1.540350e+01
2.300000e-06	1.993835e-09	2.430071e-10	1.447007e+01	1.589676e+01
2.310000e-06	2.034800e-09	2.505997e-10	1.476737e+01	1.638871e+01
2.320000e-06	2.075583e-09	2.593731e-10	1.506335e+01	1.687894e+01
2.330000e-06	2.116203e-09	2.692127e-10	1.535814e+01	1.736707e+01
2.340000e-06	2.156680e-09	2.791322e-10	1.565190e+01	1.785269e+01
2.350000e-06	2.197034e-09	2.866313e-10	1.594476e+01	1.833540e+01
2.360000e-06	2.237282e-09	2.907793e-10	1.623686e+01	1.881483e+01
2.370000e-06	2.277437e-09	2.935053e-10	1.652828e+01	1.929060e+01
2.380000e-06	2.317501e-09	2.971088e-10	1.681905e+01	1.976236e+01
2.390000e-06	2.357474e-09	3.018737e-10	1.710914e+01	2.022976e+01
2.400000e-06	2.397346e-09	3.080279e-10	1.739851e+01	2.069247e+01
2.410000e-06	2.437095e-09	3.155690e-10	1.768699e+01	2.115018e+01
2.420000e-06	2.476703e-09	3.230318e-10	1.797444e+01	2.160262e+01
2.430000e-06	2.516149e-09	3.299143e-10	1.826071e+01	2.204951e+01
2.440000e-06	2.555410e-09	3.360351e-10	1.854565e+01	2.249062e+01
2.450000e-06	2.594478e-09	3.404459e-10	1.882918e+01	2.292573e+01
2.460000e-06	2.633342e-09	3.433255e-10	1.911124e+01	2.335465e+01
2.470000e-06	2.672006e-09	3.460379e-10	1.939183e+01	2.377721e+01
2.480000e-06	2.710479e-09	3.504499e-10	1.967105e+01	2.419328e+01
2.490000e-06	2.748771e-09	3.570169e-10	1.994895e+01	2.460274e+01
2.500000e-06	2.786891e-09	3.641562e-10	2.022560e+01	2.500549e+01
2.510000e-06	2.824838e-09	3.717030e-10	2.050100e+01	2.540148e+01
2.520000e-06	2.862602e-09	3.794275e-10	2.077507e+01	2.579066e+01
2.530000e-06	2.900169e-09	3.854923e-10	2.104771e+01	2.617302e+01
2.540000e-06	2.937517e-09	3.893703e-10	2.131876e+01	2.654855e+01
2.550000e-06	2.974633e-09	3.927652e-10	2.158813e+01	2.691729e+01
2.560000e-06	3.011519e-09	3.971377e-10	2.185582e+01	2.727926e+01
2.570000e-06	3.048192e-09	4.023004e-10	2.212197e+01	2.763453e+01
2.580000e-06	3.084680e-09	4.084275e-10	2.238678e+01	2.798316e+01
2.590000e-06	3.121015e-09	4.146936e-10	2.265048e+01	2.832525e+01
2.600000e-06	3.157221e-09	4.194607e-10	2.291324e+01	2.866089e+01
2.610000e-06	3.193317e-09	4.222382e-10	2.317520e+01	2.899017e+01
2.620000e-06	3.229295e-09	4.235671e-10	2.343631e+01	2.931321e+01
2.630000e-06	3.265127e-09	4.252085e-10	2.369636e+01	2.963013e+01
2.640000e-06	3.300763e-09	4.282952e-10	2.395499e+01	2.994102e+01
2.650000e-06	3.336144e-09	4.331563e-10	2.421176e+01	3.024603e+01
2.660000e-06	3.371202e-09	4.402057e-10	2.446619e+01	3.054524e+01
2.670000e-06	3.405878e-09	4.474328e-10	2.471785e+01	3.083878e+01
2.680000e-06	3.440137e-09	4.523820e-10	2.496648e+01	3.112675e+01
2.690000e-06	3.473966e-09	4.549763e-10	2.521199e+01	3.140925e+01
2.700000e-06	3.507383e-09	4.560520e-10	2.545451e+01	3.168636e+01
2.710000e-06	3.540429e-09	4.569638e-10	2.569433e+01	3.195817e+01
2.720000e-06	3.573166e-09	4.602441e-10	2.593192e+01	3.222474e+01
2.730000e-06	3.605661e-09	4.671191e-10	2.616775e+01	3.248614e+01
2.740000e-06	3.637966e-09	4.754562e-10	2.640220e+01	3.274241e+01
2.750000e-06	3.670119e-09	4.832829e-10	2.663555e+01	3.299358e+01
2.760000e-06	3.702129e-09	4.893883e-10	2.686786e+01	3.323968e+01
2.770000e-06	3.733973e-09	4.925679e-10	2.709897e+01	3.348072e+01
2.780000e-06	3.765600e-09	4.936038e-10	2.732850e+01	3.371669e+01
2.790000e-06	3.796962e-09	4.940204e-10	2.755610e+01	3.394759e+01
2.800000e-06	3.828020e-09	4.955523e-10	2.778150e+01	3.417339e+01
2.810000e-06	3.858767e-09	4.993330e-10	2.800465e+01	3.439406e+01
2.820000e-06	3.889232e-09	5.042233e-10	2.822575e+01	3.460956e+01
2.830000e-06	3.919448e-09	5.094065e-10	2.844504e+01	3.481984e+01
2.840000e-06	3.949441e-09	5.145998e-10	2.866270e+01	3.502484e+01
2.850000e-06	3.979208e-09	5.180004e-10	2.887874e+01	3.522452e+01
2.860000e-06	4.008730e-09	5.181551e-10	2.909299e+01	3.541880e+01
2.870000e-06	4.037972e-09	5.157291e-10	2.930522e+01	3.560763e+01
2.880000e-06	4.066914e-09	5.139182e-10	2.951526e+01	3.579094e+01
2.890000e-06	4.095571e-09	5.158790e-10	2.972323e+01	3.596867e+01
2.900000e-06	4.123991e-09	5.206234e-10	2.992949e+01	3.614077e+01
2.910000e-06	4.152226e-09	5.268956e-10	3.013440e+01	3.630720e+01
2.920000e-06	4.180305e-09	5.342838e-10	3.033819e+01	3.646789e+01
2.930000e-06	4.208218e-09	5.405330e-10	3.054076e+01	3.662283e+01
2.940000e-06	4.235904e-09	5.431883e-10	3.074169e+01	3.677199e+01
2.950000e-06	4.263260e-09	5.418682e-10	3.094022e+01	3.691535e+01
2.960000e-06	4.290180e-09	5.391423e-10	3.113559e+01	3.705291e+01
2.970000e-06	4.316586e-09	5.392914e-10	3.132723e+01	3.718469e+01
2.980000e-06	4.342444e-09	5.438351e-10	3.151489e+01	3.731072e+01
2.990000e-06	4.367788e-09	5.491912e-10	3.169883e+01	3.743103e+01
3.000000e-06	4.392694e-09	5.529958e-10	3.187958e+01	3.754568e+01
3.010000e-06	4.417259e-09	5.560364e-10	3.205785e+01	3.765475e+01
3.020000e-06	4.441565e-09	5.579814e-10	3.223426e+01	3.775832e+01
3.030000e-06	4.465650e-09	5.578044e-10	3.240905e+01	3.785649e+01
3.040000e-06	4.489505e-09	5.564509e-10	3.258217e+01	3.794939e+01
3.050000e-06	4.513085e-09	5.566653e-10	3.275331e+01	3.803715e+01
3.060000e-06	4.536340e-09	5.601764e-10	3.292208e+01	3.811990e+01
3.070000e-06	4.559251e-09	5.652348e-10	3.308835e+01	3.819782e+01
3.080000e-06	4.581834e-09	5.682277e-10	3.325224e+01	3.827106e+01
3.090000e-06	4.604126e-09	5.683939e-10	3.341402e+01	3.833981e+01
3.100000e-06	4.626144e-09	5.676744e-10	3.357382e+01	3.840424e+01
3.110000e-06	4.647871e-09	5.665806e-10	3.373150e+01	3.846457e+01
3.120000e-06	4.669273e-09	5.655772e-10	3.388683e+01	3.852097e+01
3.130000e-06	4.690326e-09	5.665875e-10	3.403962e+01	3.857366e+01
3.140000e-06	4.711046e-09	5.699092e-10	3.418999e+01	3.862283e+01
3.150000e-06	4.731492e-09	5.730855e-10	3.433838e+01	3.866868e+01
3.160000e-06	4.751726e-09	5.736687e-10	3.448522e+01	3.871142e+01
3.170000e-06	4.771774e-09	5.717607e-10	3.463072e+01	3.875123e+01
3.180000e-06	4.791611e-09	5.691163e-10	3.477469e+01	3.878830e+01
3.190000e-06	4.811163e-09	5.663691e-10	3.491658e+01	3.882281e+01
3.200000e-06	4.830339e-09	5.635797e-10	3.505575e+01	3.885493e+01
3.210000e-06	4.849080e-09	5.628603e-10	3.519176e+01	3.888481e+01
3.220000e-06	4.867374e-09	5.654815e-10	3.532453e+01	3.891260e+01
3.230000e-06	4.885263e-09	5.701372e-10	3.545436e+01	3.893843e+01
3.240000e-06	4.902814e-09	5.738853e-10	3.558173e+01	3.896241e+01
3.250000e-06	4.920083e-09	5.750324e-10	3.570706e+01	3.898464e+01
3.260000e-06	4.937083e-09	5.747423e-10	3.583043e+01	3.900519e+01
3.270000e-06	4.953777e-09	5.733253e-10	3.595159e+01	3.902414e+01
3.280000e-06	4.970106e-09	5.704254e-10	3.607009e+01	3.904152e+01
3.290000e-06	4.985995e-09	5.684205e-10	3.618541e+01	3.905737e+01
3.300000e-06	5.001407e-09	5.700816e-10	3.629726e+01	3.907170e+01
3.310000e-06	5.016360e-09	5.737543e-10	3.640578e+01	3.908449e+01
3.320000e-06	5.030905e-09	5.753130e-10	3.651134e+01	3.909574e+01
3.330000e-06	5.045102e-09	5.747574e-10	3.661437e+01	3.910540e+01
3.340000e-06	5.058963e-09	5.753395e-10	3.671497e+01	3.911342e+01
3.350000e-06	5.072469e-09	5.771199e-10	3.681299e+01	3.911974e+01
3.360000e-06	5.085597e-09	5.780340e-10	3.690826e+01	3.912429e+01
3.370000e-06	5.098346e-09	5.786258e-10	3.700079e+01	3.912697e+01
3.380000e-06	5.110756e-09	5.812102e-10	3.709085e+01	3.912772e+01
3.390000e-06	5.122849e-09	5.850536e-10	3.717862e+01	3.912642e+01
3.400000e-06	5.134599e-09	5.864086e-10	3.726389e+01	3.912298e+01
3.410000e-06	5.145922e-09	5.843127e-10	3.734606e+01	3.911731e+01
3.420000e-06	5.156713e-09	5.814414e-10	3.742438e+01	3.910930e+01
3.430000e-06	5.166896e-09	5.796592e-10	3.749828e+01	3.909887e+01
3.440000e-06	5.176455e-09	5.792508e-10	3.756766e+01	3.908593e+01
3.450000e-06	5.185471e-09	5.794848e-10	3.763309e+01	3.907040e+01
3.460000e-06	5.194075e-09	5.803579e-10	3.769553e+01	3.905222e+01
3.470000e-06	5.202384e-09	5.820420e-10	3.775583e+01	3.903133e+01
3.480000e-06	5.210457e-09	5.834072e-10	3.781442e+01	3.900769e+01
3.490000e-06	5.218280e-09	5.835877e-10	3.787120e+01	3.898129e+01
3.500000e-06	5.225798e-09	5.832614e-10	3.792576e+01	3.895211e+01
3.510000e-06	5.232951e-09	5.838392e-10	3.797768e+01	3.892017e+01
3.520000e-06	5.239722e-09	5.845010e-10	3.802681e+01	3.888551e+01
3.530000e-06	5.246133e-09	5.848625e-10	3.807334e+01	3.884818e+01
3.540000e-06	5.252204e-09	5.865966e-10	3.811740e+01	3.880826e+01
3.550000e-06	5.257921e-09	5.895067e-10	3.815889e+01	3.876586e+01
3.560000e-06	5.263252e-09	5.916177e-10	3.819758e+01	3.872110e+01
3.570000e-06	5.268193e-09	5.917038e-10	3.823344e+01	3.867412e+01
3.580000e-06	5.272792e-09	5.906821e-10	3.826681e+01	3.862510e+01
3.590000e-06	5.277122e-09	5.905596e-10	3.829824e+01	3.857422e+01
3.600000e-06	5.281232e-09	5.916369e-10	3.832806e+01	3.852169e+01
3.610000e-06	5.285103e-09	5.931868e-10	3.835616e+01	3.846774e+01
3.620000e-06	5.288657e-09	5.947918e-10	3.838195e+01	3.841260e+01
3.630000e-06	5.291773e-09	5.963306e-10	3.840457e+01	3.835655e+01
3.640000e-06	5.294343e-09	5.972245e-10	3.842322e+01	3.829985e+01
3.650000e-06	5.296312e-09	5.964154e-10	3.843751e+01	3.824277e+01
3.660000e-06	5.297699e-09	5.945798e-10	3.844758e+01	3.818561e+01
3.670000e-06	5.298594e-09	5.935752e-10	3.845407e+01	3.812866e+01
3.680000e-06	5.299117e-09	5.942979e-10	3.845787e+01	3.807221e+01
3.690000e-06	5.299369e-09	5.957670e-10	3.845970e+01	3.801655e+01
3.700000e-06	5.299386e-09	5.969389e-10	3.845982e+01	3.796197e+01
3.710000e-06	5.299133e-09	5.982832e-10	3.845798e+01	3.790875e+01
3.720000e-06	5.298545e-09	5.996680e-10	3.845372e+01	3.785715e+01
3.730000e-06	5.297578e-09	5.999292e-10	3.844670e+01	3.780743e+01
3.740000e-06	5.296241e-09	5.986267e-10	3.843700e+01	3.775982e+01
3.750000e-06	5.294577e-09	5.955655e-10	3.842492e+01	3.771454e+01
3.760000e-06	5.292615e-09	5.894893e-10	3.841068e+01	3.767177e+01
3.770000e-06	5.290347e-09	5.809733e-10	3.839422e+01	3.763169e+01
3.780000e-06	5.287718e-09	5.747818e-10	3.837514e+01	3.759443e+01
3.790000e-06	5.284650e-09	5.795120e-10	3.835287e+01	3.756009e+01
3.800000e-06	5.281127e-09	5.910910e-10	3.832731e+01	3.752876e+01
3.810000e-06	5.277274e-09	5.900774e-10	3.829934e+01	3.750046e+01
3.820000e-06	5.273250e-09	5.736825e-10	3.827014e+01	3.747521e+01
3.830000e-06	5.269045e-09	5.699117e-10	3.823962e+01	3.745297e+01
3.840000e-06	5.264419e-09	5.805343e-10	3.820606e+01	3.743366e+01
3.850000e-06	5.259184e-09	5.804253e-10	3.816806e+01	3.741719e+01
3.860000e-06	5.253436e-09	5.631788e-10	3.812634e+01	3.740339e+01
3.870000e-06	5.247323e-09	5.590389e-10	3.808198e+01	3.739210e+01
3.880000e-06	5.240774e-09	5.800519e-10	3.803445e+01	3.738309e+01
3.890000e-06	5.233684e-09	5.801989e-10	3.798300e+01	3.737611e+01
3.900000e-06	5.226154e-09	5.595998e-10	3.792835e+01	3.737086e+01
3.910000e-06	5.218321e-09	5.590673e-10	3.787150e+01	3.736703e+01
3.920000e-06	5.210193e-09	5.738134e-10	3.781251e+01	3.736428e+01
3.930000e-06	5.201735e-09	5.562525e-10	3.775113e+01	3.736222e+01
3.940000e-06	5.192972e-09	5.316891e-10	3.768753e+01	3.736045e+01
3.950000e-06	5.183898e-09	5.525753e-10	3.762168e+01	3.735856e+01
3.960000e-06	5.174439e-09	5.789003e-10	3.755303e+01	3.735612e+01
3.970000e-06	5.164587e-09	5.556499e-10	3.748153e+01	3.735266e+01
3.980000e-06	5.154394e-09	5.341979e-10	3.740756e+01	3.734774e+01
3.990000e-06	5.143844e-09	5.650479e-10	3.733099e+01	3.734088e+01
4.000000e-06	5.132892e-09	5.822895e-10	3.725151e+01	3.733163e+01
4.010000e-06	5.121555e-09	5.542733e-10	3.716923e+01	3.731951e+01
4.020000e-06	5.109853e-09	5.537155e-10	3.708430e+01	3.730407e+01
4.030000e-06	5.097763e-09	5.955385e-10	3.699656e+01	3.728486e+01
4.040000e-06	5.085281e-09	5.953285e-10	3.690598e+01	3.726146e+01
4.050000e-06	5.072372e-09	5.593259e-10	3.681229e+01	3.723344e+01
4.060000e-06	5.058901e-09	5.642772e-10	3.671453e+01	3.720042e+01
4.070000e-06	5.044761e-09	5.874964e-10	3.661191e+01	3.716203e+01
4.080000e-06	5.030030e-09	5.693643e-10	3.650500e+01	3.711794e+01
4.090000e-06	5.014860e-09	5.487635e-10	3.639491e+01	3.706784e+01
4.100000e-06	4.999344e-09	5.586981e-10	3.628230e+01	3.701147e+01
4.110000e-06	4.983555e-09	5.602273e-10	3.616771e+01	3.694858e+01
4.120000e-06	4.967529e-09	5.473331e-10	3.605141e+01	3.687900e+01
4.130000e-06	4.951220e-09	5.492229e-10	3.593304e+01	3.680256e+01
4.140000e-06	4.934561e-09	5.474622e-10	3.581214e+01	3.671917e+01
4.150000e-06	4.917534e-09	5.355138e-10	3.568857e+01	3.662876e+01
4.160000e-06	4.900162e-09	5.416735e-10	3.556250e+01	3.653129e+01
4.170000e-06	4.882481e-09	5.524357e-10	3.543417e+01	3.642681e+01
4.180000e-06	4.864498e-09	5.398733e-10	3.530366e+01	3.631537e+01
4.190000e-06	4.846187e-09	5.300961e-10	3.517078e+01	3.619709e+01
4.200000e-06	4.827516e-09	5.409747e-10	3.503527e+01	3.607211e+01
4.210000e-06	4.808487e-09	5.429524e-10	3.489717e+01	3.594062e+01
4.220000e-06	4.789149e-09	5.289489e-10	3.475683e+01	3.580285e+01
4.230000e-06	4.769565e-09	5.217308e-10	3.461470e+01	3.565907e+01
4.240000e-06	4.749780e-09	5.268716e-10	3.447111e+01	3.550958e+01
4.250000e-06	4.729797e-09	5.300587e-10	3.432609e+01	3.535469e+01
4.260000e-06	4.709568e-09	5.244473e-10	3.417927e+01	3.519477e+01
4.270000e-06	4.688991e-09	5.167327e-10	3.402994e+01	3.503019e+01
4.280000e-06	4.667958e-09	5.163085e-10	3.387729e+01	3.486134e+01
4.290000e-06	4.646385e-09	5.166786e-10	3.372073e+01	3.468865e+01
4.300000e-06	4.624244e-09	5.120037e-10	3.356004e+01	3.451252e+01
4.310000e-06	4.601567e-09	5.066386e-10	3.339547e+01	3.433339e+01
4.320000e-06	4.578441e-09	5.028619e-10	3.322764e+01	3.415171e+01
4.330000e-06	4.554979e-09	5.019045e-10	3.305736e+01	3.396789e+01
4.340000e-06	4.531270e-09	5.053132e-10	3.288530e+01	3.378237e+01
4.350000e-06	4.507358e-09	5.008536e-10	3.271176e+01	3.359556e+01
4.360000e-06	4.483231e-09	4.891035e-10	3.253666e+01	3.340788e+01
4.370000e-06	4.458843e-09	4.880878e-10	3.235966e+01	3.321972e+01
4.380000e-06	4.434145e-09	4.942169e-10	3.218042e+01	3.303144e+01
4.390000e-06	4.409113e-09	4.895348e-10	3.199875e+01	3.284340e+01
4.400000e-06	4.383759e-09	4.821524e-10	3.181475e+01	3.265591e+01
4.410000e-06	4.358108e-09	4.832431e-10	3.162859e+01	3.246927e+01
4.420000e-06	4.332175e-09	4.852518e-10	3.144039e+01	3.228374e+01
4.430000e-06	4.305965e-09	4.809581e-10	3.125017e+01	3.209954e+01
4.440000e-06	4.279451e-09	4.723830e-10	3.105774e+01	3.191688e+01
4.450000e-06	4.252607e-09	4.665001e-10	3.086293e+01	3.173591e+01
4.460000e-06	4.225445e-09	4.688417e-10	3.066580e+01	3.155674e+01
4.470000e-06	4.198012e-09	4.723986e-10	3.046671e+01	3.137947e+01
4.480000e-06	4.170370e-09	4.689373e-10	3.026610e+01	3.120414e+01
4.490000e-06	4.142553e-09	4.635109e-10	3.006422e+01	3.103075e+01
4.500000e-06	4.114565e-09	4.610392e-10	2.986110e+01	3.085929e+01
4.510000e-06	4.086363e-09	4.587293e-10	2.965643e+01	3.068968e+01
4.520000e-06	4.057869e-09	4.538024e-10	2.944963e+01	3.052183e+01
4.530000e-06	4.028994e-09	4.485237e-10	2.924007e+01	3.035561e+01
4.540000e-06	3.999673e-09	4.472205e-10	2.902728e+01	3.019087e+01
4.550000e-06	3.969877e-09	4.493975e-10	2.881104e+01	3.002741e+01
4.560000e-06	3.939613e-09	4.478713e-10	2.859140e+01	2.986503e+01
4.570000e-06	3.908920e-09	4.414676e-10	2.836865e+01	2.970349e+01
4.580000e-06	3.877859e-09	4.371161e-10	2.814323e+01	2.954253e+01
4.590000e-06	3.846505e-09	4.373332e-10	2.791568e+01	2.938190e+01
4.600000e-06	3.814922e-09	4.355685e-10	2.768647e+01	2.922130e+01
4.610000e-06	3.783158e-09	4.293737e-10	2.745595e+01	2.906046e+01
4.620000e-06	3.751226e-09	4.242151e-10	2.722420e+01	2.889907e+01
4.630000e-06	3.719108e-09	4.248710e-10	2.699111e+01	2.873684e+01
4.640000e-06	3.686774e-09	4.268624e-10	2.675645e+01	2.857347e+01
4.650000e-06	3.654195e-09	4.245929e-10	2.652001e+01	2.840867e+01
4.660000e-06	3.621351e-09	4.198841e-10	2.628164e+01	2.824216e+01
4.670000e-06	3.588242e-09	4.180593e-10	2.604136e+01	2.807367e+01
4.680000e-06	3.554892e-09	4.177699e-10	2.579933e+01	2.790293e+01
4.690000e-06	3.521326e-09	4.143935e-10	2.555573e+01	2.772971e+01
4.700000e-06	3.487548e-09	4.085189e-10	2.531059e+01	2.755378e+01
4.710000e-06	3.453553e-09	4.061169e-10	2.506386e+01	2.737494e+01
4.720000e-06	3.419330e-09	4.083554e-10	2.481550e+01	2.719302e+01
4.730000e-06	3.384866e-09	4.085020e-10	2.456537e+01	2.700786e+01
4.740000e-06	3.350140e-09	4.034476e-10	2.431336e+01	2.681933e+01
4.750000e-06	3.315147e-09	3.981162e-10	2.405940e+01	2.662733e+01
4.760000e-06	3.279904e-09	3.960080e-10	2.380363e+01	2.643179e+01
4.770000e-06	3.244456e-09	3.943328e-10	2.354637e+01	2.623267e+01
4.780000e-06	3.208849e-09	3.912793e-10	2.328795e+01	2.602994e+01
4.790000e-06	3.173115e-09	3.889345e-10	2.302861e+01	2.582362e+01
4.800000e-06	3.137268e-09	3.885642e-10	2.276845e+01	2.561374e+01
4.810000e-06	3.101301e-09	3.876390e-10	2.250743e+01	2.540037e+01
4.820000e-06	3.065191e-09	3.831170e-10	2.224536e+01	2.518358e+01
4.830000e-06	3.028898e-09	3.758298e-10	2.198197e+01	2.496350e+01
4.840000e-06	2.992371e-09	3.707460e-10	2.171688e+01	2.474025e+01
4.850000e-06	2.955559e-09	3.688855e-10	2.144972e+01	2.451397e+01
4.860000e-06	2.918427e-09	3.664913e-10	2.118024e+01	2.428483e+01
4.870000e-06	2.880940e-09	3.629233e-10	2.090818e+01	2.405301e+01
4.880000e-06	2.843077e-09	3.611476e-10	2.063340e+01	2.381870e+01
4.890000e-06	2.804839e-09	3.611634e-10	2.035589e+01	2.358209e+01
4.900000e-06	2.766245e-09	3.590582e-10	2.007580e+01	2.334339e+01
4.910000e-06	2.727337e-09	3.533381e-10	1.979343e+01	2.310280e+01
4.920000e-06	2.688166e-09	3.483826e-10	1.950914e+01	2.286053e+01
4.930000e-06	2.648784e-09	3.459540e-10	1.922333e+01	2.261679e+01
4.940000e-06	2.609241e-09	3.429425e-10	1.893635e+01	2.237176e+01
4.950000e-06	2.569575e-09	3.381598e-10	1.864848e+01	2.212565e+01
4.960000e-06	2.529808e-09	3.348117e-10	1.835988e+01	2.187862e+01
4.970000e-06	2.489951e-09	3.349743e-10	1.807062e+01	2.163085e+01
4.980000e-06	2.450000e-09	3.350579e-10	1.778068e+01	2.138248e+01
4.990000e-06	2.409950e-09	3.312413e-10	1.749001e+01	2.113365e+01
5.000000e-06	2.369782e-09	3.267812e-10	1.719850e+01	2.088448e+01
5.010000e-06	2.329483e-09	3.247329e-10	1.690603e+01	2.063506e+01
5.020000e-06	2.289033e-09	3.215754e-10	1.661247e+01	2.038546e+01
5.030000e-06	2.248419e-09	3.139732e-10	1.631772e+01	2.013574e+01
5.040000e-06	2.207626e-09	3.046392e-10	1.602167e+01	1.988592e+01
5.050000e-06	2.166653e-09	2.994421e-10	1.572431e+01	1.963602e+01
5.060000e-06	2.125509e-09	2.990818e-10	1.542571e+01	1.938600e+01
5.070000e-06	2.084208e-09	2.978382e-10	1.512597e+01	1.913584e+01
5.080000e-06	2.042767e-09	2.945581e-10	1.482522e+01	1.888546e+01
5.090000e-06	2.001198e-09	2.934235e-10	1.452354e+01	1.863478e+01
5.100000e-06	1.959504e-09	2.947178e-10	1.422095e+01	1.838370e+01
5.110000e-06	1.917688e-09	2.925298e-10	1.391747e+01	1.813209e+01
5.120000e-06	1.875756e-09	2.848661e-10	1.361315e+01	1.787981e+01
5.130000e-06	1.833707e-09	2.776152e-10	1.330798e+01	1.762670e+01
5.140000e-06	1.791531e-09	2.735123e-10	1.300190e+01	1.737258e+01
5.150000e-06	1.749226e-09	2.702932e-10	1.269487e+01	1.711726e+01
5.160000e-06	1.706792e-09	2.663022e-10	1.238691e+01	1.686056e+01
5.170000e-06	1.664224e-09	2.634528e-10	1.207798e+01	1.660227e+01
5.180000e-06	1.621511e-09	2.629437e-10	1.176799e+01	1.634218e+01
5.190000e-06	1.578648e-09	2.621607e-10	1.145692e+01	1.608007e+01
5.200000e-06	1.535646e-09	2.568775e-10	1.114484e+01	1.581574e+01
5.210000e-06	1.492524e-09	2.479986e-10	1.083188e+01	1.554897e+01
5.220000e-06	1.449295e-09	2.421077e-10	1.051815e+01	1.527956e+01
5.230000e-06	1.405975e-09	2.398863e-10	1.020376e+01	1.500730e+01
5.240000e-06	1.362575e-09	2.366397e-10	9.888787e+00	1.473201e+01
5.250000e-06	1.319101e-09	2.324807e-10	9.573282e+00	1.445350e+01
5.260000e-06	1.275563e-09	2.305046e-10	9.257309e+00	1.417160e+01
5.270000e-06	1.231969e-09	2.296170e-10	8.940926e+00	1.388616e+01
5.280000e-06	1.188327e-09	2.257739e-10	8.624194e+00	1.359704e+01
5.290000e-06	1.144640e-09	2.191361e-10	8.307142e+00	1.330411e+01
5.300000e-06	1.100911e-09	2.131912e-10	7.989780e+00	1.300726e+01
5.310000e-06	1.057139e-09	2.088733e-10	7.672111e+00	1.270642e+01
5.320000e-06	1.013325e-09	2.030311e-10	7.354129e+00	1.240151e+01
5.330000e-06	9.694726e-10	1.962267e-10	7.035876e+00	1.209248e+01
5.340000e-06	9.255899e-10	1.924927e-10	6.717401e+00	1.177931e+01
5.350000e-06	8.816798e-10	1.926336e-10	6.398727e+00	1.146198e+01
5.360000e-06	8.377462e-10	1.923191e-10	6.079881e+00	1.114050e+01
5.370000e-06	7.937880e-10	1.880654e-10	5.760858e+00	1.081489e+01
5.380000e-06	7.498044e-10	1.827535e-10	5.441650e+00	1.048521e+01
5.390000e-06	7.057907e-10	1.790179e-10	5.122224e+00	1.015150e+01
5.400000e-06	6.617415e-10	1.747384e-10	4.802541e+00	9.813849e+00
5.410000e-06	6.176561e-10	1.678615e-10	4.482595e+00	9.472330e+00
5.420000e-06	5.735384e-10	1.613406e-10	4.162414e+00	9.127045e+00
5.430000e-06	5.293969e-10	1.576693e-10	3.842060e+00	8.778100e+00
5.440000e-06	4.852393e-10	1.549075e-10	3.521591e+00	8.425611e+00
5.450000e-06	4.410637e-10	1.498522e-10	3.200990e+00	8.069696e+00
5.460000e-06	3.968639e-10	1.425905e-10	2.880213e+00	7.710479e+00
5.470000e-06	3.526373e-10	1.358036e-10	2.559243e+00	7.348086e+00
5.480000e-06	3.083766e-10	1.288964e-10	2.238025e+00	6.982642e+00
5.490000e-06	2.640834e-10	1.206817e-10	1.916571e+00	6.614268e+00
5.500000e-06	2.197702e-10	1.141380e-10	1.594972e+00	6.243083e+00
5.510000e-06	1.754529e-10	1.109700e-10	1.273343e+00	5.869200e+00
5.520000e-06	1.311446e-10	1.085171e-10	9.517796e-01	5.492721e+00
5.530000e-06	8.684500e-11	1.034370e-10	6.302789e-01	5.113742e+00
5.540000e-06	4.255502e-11	9.659648e-11	3.088484e-01	4.732347e+00
5.550000e-06	-1.729050e-12	9.074214e-11	-1.253933e-02	4.348607e+00
5.560000e-06	-4.601751e-11	8.512657e-11	-3.339589e-01	3.962582e+00
5.570000e-06	-9.031548e-11	7.915064e-11	-6.554476e-01	3.574315e+00
5.580000e-06	-1.346181e-10	7.328445e-11	-9.769696e-01	3.183839e+00
5.590000e-06	-1.789124e-10	6.967667e-11	-1.298432e+00	2.791168e+00
5.600000e-06	-2.231924e-10	6.774152e-11	-1.619790e+00	2.396302e+00
5.610000e-06	-2.674583e-10	6.426213e-11	-1.941046e+00	1.999229e+00
5.620000e-06	-3.117071e-10	5.774971e-11	-2.262178e+00	1.599919e+00
5.630000e-06	-3.559323e-10	4.893986e-11	-2.583138e+00	1.198330e+00
5.640000e-06	-4.001293e-10	4.002638e-11	-2.903895e+00	7.944072e-01
5.650000e-06	-4.442954e-10	3.096276e-11	-3.224426e+00	3.880837e-01
5.660000e-06	-4.884304e-10	2.288430e-11	-3.544732e+00	-2.071798e-02
5.670000e-06	-5.325367e-10	1.759638e-11	-3.864830e+00	-4.320844e-01
5.680000e-06	-5.766138e-10	1.352000e-11	-4.184716e+00	-8.461092e-01
5.690000e-06	-6.206607e-10	8.078985e-12	-4.504383e+00	-1.262892e+00
5.700000e-06	-6.646825e-10	5.619868e-13	-4.823869e+00	-1.682535e+00
5.710000e-06	-7.086795e-10	-7.250316e-12	-5.143173e+00	-2.105142e+00
5.720000e-06	-7.526484e-10	-1.339158e-11	-5.462274e+00	-2.530818e+00
5.730000e-06	-7.965883e-10	-1.863865e-11	-5.781165e+00	-2.959663e+00
5.740000e-06	-8.404996e-10	-2.415146e-11	-6.099848e+00	-3.391771e+00
5.750000e-06	-8.843843e-10	-2.927933e-11	-6.418338e+00	-3.827231e+00
5.760000e-06	-9.282420e-10	-3.444182e-11	-6.736633e+00	-4.266120e+00
5.770000e-06	-9.720705e-10	-4.173611e-11	-7.054715e+00	-4.708506e+00
5.780000e-06	-1.015868e-09	-5.062002e-11	-7.372572e+00	-5.154438e+00
5.790000e-06	-1.059629e-09	-5.868365e-11	-7.690166e+00	-5.603955e+00
5.800000e-06	-1.103347e-09	-6.523702e-11	-8.007448e+00	-6.057072e+00
5.810000e-06	-1.147018e-09	-7.195528e-11	-8.324385e+00	-6.513790e+00
5.820000e-06	-1.190636e-09	-7.915629e-11	-8.640936e+00	-6.974084e+00
5.830000e-06	-1.234198e-09	-8.637360e-11	-8.957086e+00	-7.437911e+00
5.840000e-06	-1.277702e-09	-9.426703e-11	-9.272812e+00	-7.905200e+00
5.850000e-06	-1.321140e-09	-1.027021e-10	-9.588063e+00	-8.375858e+00
5.860000e-06	-1.364506e-09	-1.115580e-10	-9.902785e+00	-8.849767e+00
5.870000e-06	-1.407786e-09	-1.210517e-10	-1.021689e+01	-9.326784e+00
5.880000e-06	-1.450966e-09	-1.297235e-10	-1.053026e+01	-9.806737e+00
5.890000e-06	-1.494035e-09	-1.372981e-10	-1.084283e+01	-1.028943e+01
5.900000e-06	-1.536983e-09	-1.444509e-10	-1.115452e+01	-1.077465e+01
5.910000e-06	-1.579798e-09	-1.523214e-10	-1.146525e+01	-1.126215e+01
5.920000e-06	-1.622477e-09	-1.598117e-10	-1.177499e+01	-1.175166e+01
5.930000e-06	-1.665020e-09	-1.667709e-10	-1.208374e+01	-1.224289e+01
5.940000e-06	-1.707433e-09	-1.748861e-10	-1.239154e+01	-1.273553e+01
5.950000e-06	-1.749718e-09	-1.844203e-10	-1.269842e+01	-1.322925e+01
5.960000e-06	-1.791880e-09	-1.930327e-10	-1.300441e+01	-1.372371e+01
5.970000e-06	-1.833928e-09	-1.998684e-10	-1.330957e+01	-1.421854e+01
5.980000e-06	-1.875865e-09	-2.071255e-10	-1.361393e+01	-1.471337e+01
5.990000e-06	-1.917697e-09	-2.144779e-10	-1.391752e+01	-1.520781e+01
6.000000e-06	-1.959420e-09	-2.202631e-10	-1.422032e+01	-1.570147e+01
6.010000e-06	-2.001023e-09	-2.249419e-10	-1.452225e+01	-1.619396e+01
6.020000e-06	-2.042492e-09	-2.310261e-10	-1.482321e+01	-1.668487e+01
6.030000e-06	-2.083813e-09	-2.400636e-10	-1.512309e+01	-1.717380e+01
6.040000e-06	-2.124971e-09	-2.499627e-10	-1.542179e+01	-1.766035e+01
6.050000e-06	-2.165953e-09	-2.573103e-10	-1.571921e+01	-1.814413e+01
6.060000e-06	-2.206748e-09	-2.638366e-10	-1.601528e+01	-1.862475e+01
6.070000e-06	-2.247353e-09	-2.719649e-10	-1.630996e+01	-1.910183e+01
6.080000e-06	-2.287782e-09	-2.805828e-10	-1.660338e+01	-1.957501e+01
6.090000e-06	-2.328055e-09	-2.864203e-10	-1.689566e+01	-2.004395e+01
6.100000e-06	-2.368192e-09	-2.907862e-10	-1.718695e+01	-2.050830e+01
6.110000e-06	-2.408215e-09	-2.985083e-10	-1.747741e+01	-2.096776e+01
6.120000e-06	-2.448143e-09	-3.099321e-10	-1.776718e+01	-2.142203e+01
6.130000e-06	-2.487992e-09	-3.202587e-10	-1.805638e+01	-2.187084e+01
6.140000e-06	-2.527763e-09	-3.274874e-10	-1.834502e+01	-2.231395e+01
6.150000e-06	-2.567448e-09	-3.340958e-10	-1.863303e+01	-2.275112e+01
6.160000e-06	-2.607026e-09	-3.415943e-10	-1.892026e+01	-2.318216e+01
6.170000e-06	-2.646468e-09	-3.483437e-10	-1.920652e+01	-2.360690e+01
6.180000e-06	-2.685733e-09	-3.540709e-10	-1.949147e+01	-2.402518e+01
6.190000e-06	-2.724776e-09	-3.605575e-10	-1.977482e+01	-2.443689e+01
6.200000e-06	-2.763555e-09	-3.688742e-10	-2.005626e+01	-2.484192e+01
6.210000e-06	-2.802023e-09	-3.774889e-10	-2.033543e+01	-2.524021e+01
6.220000e-06	-2.840147e-09	-3.847993e-10	-2.061212e+01	-2.563170e+01
6.230000e-06	-2.877911e-09	-3.916804e-10	-2.088619e+01	-2.601636e+01
6.240000e-06	-2.915311e-09	-3.991816e-10	-2.115761e+01	-2.639420e+01
6.250000e-06	-2.952356e-09	-4.066118e-10	-2.142646e+01	-2.676523e+01
6.260000e-06	-2.989075e-09	-4.123045e-10	-2.169294e+01	-2.712948e+01
6.270000e-06	-3.025519e-09	-4.171793e-10	-2.195743e+01	-2.748701e+01
6.280000e-06	-3.061743e-09	-4.246167e-10	-2.222032e+01	-2.783788e+01
6.290000e-06	-3.097796e-09	-4.342026e-10	-2.248198e+01	-2.818217e+01
6.300000e-06	-3.133716e-09	-4.413873e-10	-2.274266e+01	-2.851998e+01
6.310000e-06	-3.169522e-09	-4.456611e-10	-2.300253e+01	-2.885140e+01
6.320000e-06	-3.205214e-09	-4.498672e-10	-2.326156e+01	-2.917654e+01
6.330000e-06	-3.240764e-09	-4.548591e-10	-2.351956e+01	-2.949551e+01
6.340000e-06	-3.276131e-09	-4.580765e-10	-2.377623e+01	-2.980843e+01
6.350000e-06	-3.311272e-09	-4.613683e-10	-2.403126e+01	-3.011542e+01
6.360000e-06	-3.346156e-09	-4.702435e-10	-2.428443e+01	-3.041658e+01
6.370000e-06	-3.380772e-09	-4.828477e-10	-2.453565e+01	-3.071203e+01
6.380000e-06	-3.415131e-09	-4.924526e-10	-2.478501e+01	-3.100188e+01
6.390000e-06	-3.449255e-09	-4.961535e-10	-2.503266e+01	-3.128622e+01
6.400000e-06	-3.483157e-09	-4.967864e-10	-2.527870e+01	-3.156515e+01
6.410000e-06	-3.516847e-09	-4.986451e-10	-2.552320e+01	-3.183875e+01
6.420000e-06	-3.550309e-09	-5.007933e-10	-2.576605e+01	-3.210709e+01
6.430000e-06	-3.583513e-09	-5.021176e-10	-2.600703e+01	-3.237023e+01
6.440000e-06	-3.616435e-09	-5.062089e-10	-2.624596e+01	-3.262824e+01
6.450000e-06	-3.649065e-09	-5.143516e-10	-2.648276e+01	-3.288114e+01
6.460000e-06	-3.681427e-09	-5.235213e-10	-2.671763e+01	-3.312896e+01
6.470000e-06	-3.713565e-09	-5.306919e-10	-2.695087e+01	-3.337171e+01
6.480000e-06	-3.745523e-09	-5.345592e-10	-2.718280e+01	-3.360940e+01
6.490000e-06	-3.777324e-09	-5.372041e-10	-2.741359e+01	-3.384203e+01
6.500000e-06	-3.808957e-09	-5.379531e-10	-2.764317e+01	-3.406956e+01
6.510000e-06	-3.840375e-09	-5.352034e-10	-2.787118e+01	-3.429198e+01
6.520000e-06	-3.871519e-09	-5.310652e-10	-2.809721e+01	-3.450923e+01
6.530000e-06	-3.902317e-09	-5.291394e-10	-2.832072e+01	-3.472129e+01
6.540000e-06	-3.932704e-09	-5.325763e-10	-2.854125e+01	-3.492809e+01
6.550000e-06	-3.962635e-09	-5.419876e-10	-2.875847e+01	-3.512958e+01
6.560000e-06	-3.992092e-09	-5.548021e-10	-2.897225e+01	-3.532569e+01
6.570000e-06	-4.021097e-09	-5.661291e-10	-2.918275e+01	-3.551637e+01
6.580000e-06	-4.049705e-09	-5.727814e-10	-2.939037e+01	-3.570156e+01
6.590000e-06	-4.077993e-09	-5.721389e-10	-2.959567e+01	-3.588119e+01
6.600000e-06	-4.106047e-09	-5.636952e-10	-2.979927e+01	-3.605521e+01
6.610000e-06	-4.133928e-09	-5.540086e-10	-3.000161e+01	-3.622356e+01
6.620000e-06	-4.161648e-09	-5.511912e-10	-3.020279e+01	-3.638620e+01
6.630000e-06	-4.189174e-09	-5.566114e-10	-3.040255e+01	-3.654309e+01
6.640000e-06	-4.216446e-09	-5.671412e-10	-3.060048e+01	-3.669420e+01
6.650000e-06	-4.243410e-09	-5.782953e-10	-3.079617e+01	-3.683953e+01
6.660000e-06	-4.270046e-09	-5.863848e-10	-3.098948e+01	-3.697905e+01
6.670000e-06	-4.296367e-09	-5.894060e-10	-3.118050e+01	-3.711279e+01
6.680000e-06	-4.322394e-09	-5.863889e-10	-3.136939e+01	-3.724076e+01
6.690000e-06	-4.348135e-09	-5.798634e-10	-3.155620e+01	-3.736300e+01
6.700000e-06	-4.373571e-09	-5.756724e-10	-3.174080e+01	-3.747956e+01
6.710000e-06	-4.398677e-09	-5.762814e-10	-3.192300e+01	-3.759051e+01
6.720000e-06	-4.423439e-09	-5.809590e-10	-3.210271e+01	-3.769593e+01
6.730000e-06	-4.447881e-09	-5.880940e-10	-3.228010e+01	-3.779592e+01
6.740000e-06	-4.472061e-09	-5.956727e-10	-3.245558e+01	-3.789060e+01
6.750000e-06	-4.496035e-09	-6.008944e-10	-3.262957e+01	-3.798008e+01
6.760000e-06	-4.519832e-09	-6.011935e-10	-3.280228e+01	-3.806452e+01
6.770000e-06	-4.543434e-09	-5.970582e-10	-3.297357e+01	-3.814406e+01
6.780000e-06	-4.566771e-09	-5.921515e-10	-3.314294e+01	-3.821888e+01
6.790000e-06	-4.589750e-09	-5.886561e-10	-3.330970e+01	-3.828913e+01
6.800000e-06	-4.612282e-09	-5.864851e-10	-3.347322e+01	-3.835502e+01
6.810000e-06	-4.634307e-09	-5.865109e-10	-3.363307e+01	-3.841673e+01
6.820000e-06	-4.655793e-09	-5.897626e-10	-3.378900e+01	-3.847445e+01
6.830000e-06	-4.676763e-09	-5.951635e-10	-3.394119e+01	-3.852839e+01
6.840000e-06	-4.697295e-09	-5.995769e-10	-3.409020e+01	-3.857874e+01
6.850000e-06	-4.717498e-09	-6.007567e-10	-3.423682e+01	-3.862571e+01
6.860000e-06	-4.737467e-09	-5.991567e-10	-3.438174e+01	-3.866950e+01
6.870000e-06	-4.757244e-09	-5.971413e-10	-3.452527e+01	-3.871031e+01
6.880000e-06	-4.776804e-09	-5.958437e-10	-3.466723e+01	-3.874831e+01
6.890000e-06	-4.796076e-09	-5.950762e-10	-3.480710e+01	-3.878369e+01
6.900000e-06	-4.815000e-09	-5.947849e-10	-3.494444e+01	-3.881663e+01
6.910000e-06	-4.833561e-09	-5.959541e-10	-3.507914e+01	-3.884728e+01
6.920000e-06	-4.851790e-09	-5.986145e-10	-3.521143e+01	-3.887580e+01
6.930000e-06	-4.869724e-09	-6.013696e-10	-3.534158e+01	-3.890231e+01
6.940000e-06	-4.887370e-09	-6.029415e-10	-3.546965e+01	-3.892693e+01
6.950000e-06	-4.904693e-09	-6.033941e-10	-3.559537e+01	-3.894977e+01
6.960000e-06	-4.921654e-09	-6.032039e-10	-3.571846e+01	-3.897092e+01
6.970000e-06	-4.938252e-09	-6.014992e-10	-3.583892e+01	-3.899044e+01
6.980000e-06	-4.954535e-09	-5.978859e-10	-3.595709e+01	-3.900839e+01
6.990000e-06	-4.970570e-09	-5.944830e-10	-3.607347e+01	-3.902479e+01
7.000000e-06	-4.986392e-09	-5.941488e-10	-3.618829e+01	-3.903967e+01
7.010000e-06	-5.001960e-09	-5.972626e-10	-3.630128e+01	-3.905302e+01
7.020000e-06	-5.017159e-09	-6.011570e-10	-3.641158e+01	-3.906483e+01
7.030000e-06	-5.031841e-09	-6.034692e-10	-3.651814e+01	-3.907507e+01
7.040000e-06	-5.045912e-09	-6.030905e-10	-3.662025e+01	-3.908369e+01
7.050000e-06	-5.059367e-09	-5.994551e-10	-3.671790e+01	-3.909063e+01
7.060000e-06	-5.072279e-09	-5.937495e-10	-3.681161e+01	-3.909582e+01
7.070000e-06	-5.084750e-09	-5.893089e-10	-3.690212e+01	-3.909919e+01
7.080000e-06	-5.096870e-09	-5.877188e-10	-3.699008e+01	-3.910063e+01
7.090000e-06	-5.108670e-09	-5.877792e-10	-3.707572e+01	-3.910007e+01
7.100000e-06	-5.120127e-09	-5.881968e-10	-3.715887e+01	-3.909741e+01
7.110000e-06	-5.131201e-09	-5.886496e-10	-3.723923e+01	-3.909254e+01
7.120000e-06	-5.141876e-09	-5.903333e-10	-3.731671e+01	-3.908537e+01
7.130000e-06	-5.152180e-09	-5.915928e-10	-3.739149e+01	-3.907580e+01
7.140000e-06	-5.162157e-09	-5.893130e-10	-3.746389e+01	-3.906375e+01
7.150000e-06	-5.171818e-09	-5.851837e-10	-3.753400e+01	-3.904914e+01
7.160000e-06	-5.181122e-09	-5.826334e-10	-3.760153e+01	-3.903190e+01
7.170000e-06	-5.190033e-09	-5.827355e-10	-3.766620e+01	-3.901196e+01
7.180000e-06	-5.198564e-09	-5.839297e-10	-3.772811e+01	-3.898929e+01
7.190000e-06	-5.206782e-09	-5.850498e-10	-3.778776e+01	-3.896386e+01
7.200000e-06	-5.214762e-09	-5.862655e-10	-3.784567e+01	-3.893565e+01
7.210000e-06	-5.222532e-09	-5.859606e-10	-3.790206e+01	-3.890467e+01
7.220000e-06	-5.230055e-09	-5.832189e-10	-3.795666e+01	-3.887096e+01
7.230000e-06	-5.237232e-09	-5.796872e-10	-3.800874e+01	-3.883456e+01
7.240000e-06	-5.243949e-09	-5.779083e-10	-3.805749e+01	-3.879554e+01
7.250000e-06	-5.250114e-09	-5.774492e-10	-3.810223e+01	-3.875401e+01
7.260000e-06	-5.255684e-09	-5.758755e-10	-3.814265e+01	-3.871006e+01
7.270000e-06	-5.260679e-09	-5.740060e-10	-3.817890e+01	-3.866386e+01
7.280000e-06	-5.265196e-09	-5.741118e-10	-3.821169e+01	-3.861554e+01
7.290000e-06	-5.269367e-09	-5.750544e-10	-3.824196e+01	-3.856531e+01
7.300000e-06	-5.273287e-09	-5.740475e-10	-3.827041e+01	-3.851335e+01
7.310000e-06	-5.276981e-09	-5.709457e-10	-3.829722e+01	-3.845989e+01
7.320000e-06	-5.280395e-09	-5.673434e-10	-3.832199e+01	-3.840518e+01
7.330000e-06	-5.283451e-09	-5.643052e-10	-3.834417e+01	-3.834945e+01
7.340000e-06	-5.286117e-09	-5.620541e-10	-3.836352e+01	-3.829298e+01
7.350000e-06	-5.288424e-09	-5.611092e-10	-3.838026e+01	-3.823605e+01
7.360000e-06	-5.290425e-09	-5.614377e-10	-3.839478e+01	-3.817894e+01
7.370000e-06	-5.292137e-09	-5.614729e-10	-3.840721e+01	-3.812193e+01
7.380000e-06	-5.293477e-09	-5.596763e-10	-3.841694e+01	-3.806534e+01
7.390000e-06	-5.294346e-09	-5.561123e-10	-3.842325e+01	-3.800943e+01
7.400000e-06	-5.294842e-09	-5.521464e-10	-3.842684e+01	-3.795451e+01
