1.057250e+02
9.490706e+01
1.021899e+02
9.554467e+01
8.560559e+01
9.034900e+01
8.966073e+01
7.214326e+01
9.425014e+01
7.360516e+01
8.416894e+01
9.496682e+01
7.483129e+01
8.825857e+01
1.037350e+02
8.157197e+01
7.757834e+01
8.207396e+01
8.364849e+01
9.162710e+01
8.258595e+01
7.110851e+01
8.490976e+01
5.448785e+01
7.265593e+01
7.203361e+01
7.108549e+01
6.489697e+01
8.117982e+01
6.545497e+01
6.765799e+01
7.507208e+01
6.591909e+01
7.752953e+01
7.481774e+01
8.151173e+01
6.692647e+01
8.256015e+01
7.039393e+01
7.563984e+01
5.425582e+01
8.041102e+01
7.922838e+01
8.053438e+01
6.201957e+01
6.231250e+01
3.824254e+01
7.114719e+01
6.618965e+01
6.555302e+01
7.430475e+01
6.204671e+01
7.653229e+01
6.453603e+01
7.219112e+01
6.836847e+01
7.217160e+01
6.503455e+01
6.321986e+01
8.060068e+01
8.478811e+01
6.378898e+01
6.307692e+01
6.458863e+01
6.958753e+01
6.518314e+01
6.237340e+01
6.348395e+01
6.531226e+01
6.371274e+01
7.453735e+01
7.883565e+01
7.284200e+01
6.418795e+01
6.782722e+01
7.670352e+01
6.922000e+01
8.478068e+01
6.159924e+01
7.433088e+01
6.792714e+01
5.804682e+01
6.182037e+01
5.493376e+01
6.563161e+01
5.122308e+01
5.701917e+01
5.626393e+01
6.814394e+01
6.127686e+01
6.220051e+01
5.629618e+01
6.562314e+01
6.496410e+01
6.194387e+01
5.402805e+01
3.951919e+01
4.919117e+01
4.029907e+01
4.991533e+01
2.858334e+01
4.173588e+01
4.793010e+01
6.536237e+01
5.521172e+01
6.194720e+01
4.471625e+01
4.535672e+01
3.969842e+01
3.126422e+01
4.157724e+01
3.091049e+01
4.269316e+01
3.269032e+01
3.236250e+01
2.648161e+01
4.087438e+01
4.187972e+01
2.850464e+01
2.571088e+01
3.808924e+01
2.980505e+01
3.346052e+01
3.975590e+01
2.306402e+01
4.502823e+01
2.479768e+01
3.054192e+01
4.635632e+01
3.117534e+01
5.005051e+01
4.215502e+01
4.554211e+01
4.349050e+01
2.650119e+01
4.621435e+01
4.344429e+01
3.226964e+01
9.027767e+00
3.254897e+01
2.534704e+01
1.479438e+01
4.372246e+01
2.559260e+01
2.556547e+01
3.625600e+01
5.438321e+01
1.743340e+01
3.050590e+01
2.707955e+01
4.609074e+01
3.240584e+01
2.576862e+01
1.746016e+01
3.172352e+01
2.999877e+01
3.599309e+01
2.976551e+01
2.779277e+01
3.013820e+01
1.877073e+01
3.420586e+01
1.554856e+01
1.081623e+01
3.640966e+01
1.720644e+01
1.429477e+01
3.223627e+01
2.256289e+01
5.905511e+00
1.241935e+01
5.198666e+00
1.616166e+01
1.596429e+01
1.228627e+01
3.720319e+00
6.271040e-01
7.492688e+00
1.361164e+01
3.270772e-01
1.514941e+01
1.533280e+01
1.611289e+01
1.918875e+00
1.010459e+01
1.785633e+01
1.029095e+01
1.691752e+01
8.756895e+00
1.587295e+01
1.546988e+01
1.404556e+01
1.422730e+01
8.421135e+00
2.413370e+01
7.090178e+00
9.149215e-02
1.520018e+01
5.743005e+00
4.217294e+00
2.757530e+00
2.306085e+01
4.948393e+00
1.363307e+01
3.341423e+00
4.507002e-01
5.702264e+00
5.032951e+00
4.268193e+00
1.229398e+00
1.184858e+01
1.852129e+01
2.274889e-01
7.193189e+00
1.623098e+01
1.853653e-01
3.435990e+01
1.224954e+01
1.216474e+01
5.420222e+00
1.933577e+01
1.214646e+01
7.777771e+00
5.109394e+00
3.553042e+00
1.025281e+01
7.104905e+00
6.308816e+00
1.303930e+01
6.300963e+00
1.827725e+01
1.163841e+01
2.665520e+01
2.668718e+01
2.792513e+01
1.356011e+01
2.926422e+01
6.618623e+00
3.003806e+01
3.436604e+01
1.991563e+01
1.962910e+01
1.311260e+01
4.367561e+01
1.505077e+00
1.873774e+00
1.222615e+00
6.897704e+00
2.252060e+01
2.798538e+01
1.681022e+01
3.359854e+01
3.077811e+01
6.465780e-01
1.720394e+01
2.454775e+01
1.271554e+01
1.262722e+01
1.934546e+01
1.508596e+01
3.338353e+01
6.964954e+00
1.990594e-01
2.045739e+01
5.384743e+00
1.942295e+01
5.136923e+00
3.082374e+01
1.169900e+01
3.153210e+01
1.748212e+01
2.099857e+01
1.116319e+01
5.598061e-02
1.074716e+01
5.311745e+00
2.519901e+01
1.588511e+01
2.208399e+01
1.577598e+01
1.733916e+01
1.547143e+01
1.538013e+01
1.727296e+01
9.996100e+00
1.962047e+01
9.544191e+00
9.739512e+00
2.330736e+01
1.525259e+00
1.068189e+00
8.344474e+00
6.187932e+00
1.956441e+00
1.813142e+01
9.216487e+00
5.420914e+00
1.030299e+01
2.187849e+01
2.235018e+01
5.021518e+00
1.585540e+01
1.835384e-01
1.075228e+01
3.671497e+00
1.004435e+01
2.554362e+01
3.679423e+01
1.382278e+01
1.469734e+01
2.226058e+01
1.107230e+01
2.142898e+01
9.292319e+00
3.152213e+01
2.126811e+01
2.474711e+01
1.242097e+01
1.379063e+01
9.944404e+00
4.015105e+01
1.639027e+01
3.329753e+01
1.706969e+01
2.169706e+01
2.117192e+01
5.027504e+01
2.271641e+01
2.834410e+01
1.667042e+01
2.631546e+01
4.428945e+01
2.220473e+01
2.057969e+01
4.770226e+00
2.321727e+01
1.725772e+01
2.051866e+01
3.462357e+01
3.012489e+01
2.663350e+01
2.565146e+01
1.577052e+01
1.046887e+01
2.692074e+01
2.415898e+01
3.393139e+01
4.378818e+01
3.651592e+01
3.427039e+01
4.762642e+01
3.151884e+01
3.602500e+01
8.200994e+00
3.092490e+01
3.150571e+01
5.102806e+01
9.266094e+00
3.202884e+01
3.834246e+01
3.051213e+01
2.624083e+01
3.494609e+01
2.891770e+01
3.904532e+01
2.858037e+01
2.158052e+01
2.575396e+01
3.499364e+01
3.842409e+01
3.198438e+01
2.729221e+01
2.701926e+01
2.951373e+01
5.572636e+01
2.140609e+01
2.664398e+01
4.004895e+01
3.137618e+01
3.515915e+01
1.613872e+01
2.213756e+01
1.347874e+01
2.883349e+01
1.231322e+01
3.919830e+01
3.782271e+01
3.175206e+01
2.005614e+01
2.786768e+01
3.032106e+01
2.934433e+01
2.257637e+01
4.627588e+01
3.539111e+01
3.859231e+01
4.032356e+01
1.619720e+01
2.275057e+01
2.081782e+01
1.168266e+01
2.873500e+01
2.779844e+01
1.967393e+01
1.274345e+01
2.043979e+01
5.120064e+00
2.245848e+01
1.615455e+01
6.001686e+01
3.237474e+01
3.130415e+01
1.752726e+01
3.049206e+01
3.406806e+01
2.796880e+01
2.601689e+01
1.343174e+01
2.414745e+01
4.891336e+01
1.792727e+01
4.219064e+01
3.527075e+01
2.148940e+01
3.981144e+01
3.729526e+01
1.040162e+01
1.490869e+01
2.721433e+01
1.082359e+01
3.391818e+01
2.431110e+01
2.734001e+01
2.310270e+01
2.198332e+01
8.535204e+00
3.662786e+01
2.310195e+01
3.314417e+01
2.266242e+00
3.499449e+01
4.506861e+01
5.152706e+00
1.259860e+01
1.769991e+01
4.050015e+01
1.116594e+01
4.100939e+01
9.790014e+00
2.722450e+01
4.989465e+00
1.416578e+01
3.437915e+00
5.859668e+00
1.628418e+01
3.087832e+01
1.024494e+01
1.911402e+01
6.517650e+00
8.907069e+00
2.521629e+01
2.572131e+01
1.902264e+01
1.745203e+01
3.111778e+01
1.016677e+01
3.048718e+01
1.537881e+01
2.453445e+01
1.393796e+01
2.182853e+01
4.822652e+00
2.015877e+01
3.243756e+01
2.901550e+01
2.222189e+01
1.706915e+01
1.724391e+01
2.001568e+01
3.776228e+01
2.523083e+01
2.664668e+01
4.047849e+01
3.140523e+01
1.968039e+01
2.412563e+01
1.544922e+01
8.873312e-01
3.151503e+01
1.441128e+01
9.511930e+00
1.284244e+01
2.258178e+01
9.768950e+00
6.509595e+00
4.270469e+00
3.423819e+01
1.298551e+01
3.899121e+01
9.270517e+00
5.482866e+00
1.775408e+01
1.650979e+01
2.032040e+01
1.338595e+00
3.274165e+01
3.886478e+00
1.383209e+01
1.078520e+01
2.648162e+01
3.319032e+01
3.188378e+01
8.001743e+00
1.615631e+01
1.738287e+01
6.654421e+00
1.104892e+01
1.760157e+01
5.719031e+00
6.011806e+00
7.357231e+00
1.660578e+01
6.896890e+00
1.565685e+00
3.782556e+01
2.697314e+01
3.370999e+01
2.035871e+01
1.290845e+01
2.101751e+00
1.796022e+01
1.441138e+01
7.835267e+00
2.017765e+01
3.193693e+00
2.320154e+01
1.313844e+01
5.197912e+00
4.705798e+01
3.377591e+01
2.098427e+01
2.676427e+01
6.256545e-01
1.296674e+01
1.359551e+01
7.729613e+00
1.048783e+01
6.876110e+00
5.106540e+00
1.005680e+01
1.972880e+01
1.820627e+00
2.345696e+01
5.375052e+00
3.567675e+00
3.072577e+00
2.785084e+01
8.124859e-01
6.284120e-01
8.163155e+00
5.515568e+00
1.543021e+01
3.669804e+00
6.704898e+00
1.042215e+01
7.784398e+00
2.899885e+01
2.230398e+00
1.482822e+01
5.518237e+00
1.808383e+01
1.455555e+00
1.106973e+01
5.368687e+00
4.291043e+00
1.552087e+01
8.250364e+00
1.343441e+01
3.972029e-01
1.226663e+01
2.095595e+01
8.206819e+00
1.939816e+01
3.319505e+00
1.293984e+00
2.918050e+01
3.007220e+01
9.966899e+00
2.359602e-01
6.998175e+00
4.471678e+00
1.900168e-01
6.167398e+00
2.614955e+00
9.509725e+00
1.058575e+01
3.549035e+00
3.702232e+00
7.485190e+00
4.165657e-01
1.078663e+01
1.915086e+01
2.101133e+00
6.407751e+00
1.376183e+01
1.994336e+01
1.201453e+01
1.102287e+01
9.800809e+00
1.018099e+01
1.835089e+00
3.410420e+00
8.407106e+00
9.561846e+00
1.562244e+01
1.522328e+01
1.172742e+01
8.912047e-01
2.863561e+00
5.516616e+00
1.153107e+01
1.211451e+01
4.094660e-01
2.017085e+00
2.639983e+01
4.439994e+00
8.433466e+00
1.105250e+01
2.567203e+00
4.849775e-01
8.817946e-01
1.730830e+01
4.797453e+00
6.331585e+00
8.846034e+00
2.808307e+01
2.072445e+01
3.996288e-01
2.312618e+01
1.067028e+01
4.952452e+00
1.389662e+00
3.710320e+00
1.096946e+01
1.473217e+01
3.317742e+01
1.606356e+01
5.413853e+00
1.815145e+01
3.601381e+01
1.055160e+00
2.901350e+01
4.084725e+00
2.553398e+01
5.206447e+00
1.143868e+01
2.366310e+01
8.871883e+00
1.495606e-01
1.113946e+00
1.376487e+01
9.391625e+00
2.841312e+01
3.761233e+01
2.666633e+01
4.087011e+00
4.711136e-01
8.735776e+00
6.728311e+00
2.428872e+00
1.470738e+01
1.733844e+01
1.663136e+01
2.066029e+01
5.685691e-02
1.872496e+00
1.580727e+00
9.094474e-01
2.583305e+01
2.978376e+01
2.870276e+00
1.024547e+01
2.850967e-01
1.830456e+01
2.977892e+01
5.580469e+00
1.810915e+01
3.024937e+01
3.033043e+01
2.806488e+01
2.092642e+01
3.643405e+01
3.246950e+01
1.584396e+01
1.066442e+01
6.600312e+00
2.045822e+01
2.365075e+01
3.223587e+01
2.366101e+00
2.186642e+01
1.081006e+01
3.118591e+01
3.119850e+01
1.980609e+01
2.705003e+01
1.319010e+01
6.975296e-01
3.827099e+01
2.657678e+01
2.591552e+01
2.385392e+01
2.390222e+01
8.685051e+00
1.775896e+01
2.357862e+01
2.901739e+01
2.021698e+01
4.275031e+01
2.322378e+01
1.661820e+01
2.612349e+01
1.589483e+01
1.626186e+00
1.807012e+01
2.374718e+01
1.738490e+01
7.642080e+00
2.807671e+01
2.127366e+01
3.511323e+01
6.155227e+00
1.814598e+01
3.480015e+01
3.210104e+01
3.150954e+01
4.218603e+01
2.776576e+01
4.243481e+01
2.956105e+01
2.968391e+01
3.759744e+01
2.485848e+01
2.795021e+01
2.991982e+01
4.895410e+00
1.706966e+01
3.695124e+01
3.872757e+01
3.375879e+01
3.873393e+01
2.931414e+01
2.748234e+01
3.029443e+00
3.109541e+01
1.775705e+01
4.536531e+01
2.032399e+01
2.302063e+01
2.427173e+01
2.704716e+01
3.175826e+01
1.258919e+01
3.986125e+01
4.433046e+01
2.269677e+01
5.097216e+01
1.966074e+01
3.972350e+01
2.754271e+01
1.063321e+01
4.127061e+01
4.316255e+01
1.943674e+01
3.567765e+01
4.251277e+01
5.029597e+01
1.798813e+01
3.759931e+01
3.818057e+01
3.410643e+01
4.182844e+01
5.485918e+01
3.832754e+01
4.007910e+01
5.567500e+01
4.819358e+01
2.354417e+01
1.517436e+01
2.482462e+01
3.029615e+01
2.970336e+01
2.417943e+01
1.178081e+02
6.681180e+00
1.289513e+01
1.843327e+01
3.924117e+01
4.745756e+01
4.336789e+01
4.614194e+01
3.622200e+01
2.348288e+01
2.363373e+01
1.994161e+01
1.986796e+01
4.324358e+01
2.575125e+01
3.072193e+01
2.914358e+01
4.837403e+01
4.758220e+01
5.849215e+01
3.596838e+01
5.253272e+01
4.575095e+01
4.471374e+01
4.879277e+01
3.608937e+01
6.859186e+01
6.323596e+01
3.619969e+01
4.730422e+01
3.317003e+01
4.260847e+01
4.071957e+01
4.652890e+01
4.428546e+01
3.460265e+01
3.828050e+01
3.427480e+01
4.324720e+01
3.999215e+01
3.808037e+01
5.747769e+01
3.206303e+01
5.565677e+01
3.419566e+01
1.983356e+01
2.536136e+01
3.455934e+01
