# Temperatura_=_23.769545454545458
# Concentracion g/m^3_=_1720.0
# C_Vs_to_Am_M_A/Vsm_=_65563218390.804596
# pendiente_HvsI_1/m_=_3716.3
# ordenada_HvsI_A/m_=_1297.0
# frecuencia_Hz_=_135006.09478237983
# Promedio de 22 ciclos

Tiempo_(s)	Campo_(V.s)	Magnetizacion_(V.s)	Campo_(kA/m)	Magnetizacion_(A/m)
0.000000e+00	-5.300238e-09	-7.962048e-10	-3.843169e+01	-5.027169e+01
1.000000e-08	-5.300282e-09	-7.961514e-10	-3.843202e+01	-5.025901e+01
2.000000e-08	-5.300115e-09	-7.916000e-10	-3.843081e+01	-5.024582e+01
3.000000e-08	-5.299717e-09	-7.872439e-10	-3.842792e+01	-5.023219e+01
4.000000e-08	-5.299000e-09	-7.858247e-10	-3.842272e+01	-5.021819e+01
5.000000e-08	-5.297871e-09	-7.845664e-10	-3.841453e+01	-5.020389e+01
6.000000e-08	-5.296222e-09	-7.821084e-10	-3.840258e+01	-5.018934e+01
7.000000e-08	-5.293932e-09	-7.862876e-10	-3.838598e+01	-5.017458e+01
8.000000e-08	-5.290985e-09	-8.010132e-10	-3.836461e+01	-5.015965e+01
9.000000e-08	-5.287452e-09	-7.944618e-10	-3.833899e+01	-5.014456e+01
1.000000e-07	-5.283451e-09	-7.641290e-10	-3.830998e+01	-5.012932e+01
1.100000e-07	-5.279197e-09	-7.689158e-10	-3.827914e+01	-5.011394e+01
1.200000e-07	-5.274801e-09	-7.786896e-10	-3.824726e+01	-5.009839e+01
1.300000e-07	-5.270157e-09	-7.955944e-10	-3.821359e+01	-5.008265e+01
1.400000e-07	-5.265114e-09	-7.584052e-10	-3.817702e+01	-5.006669e+01
1.500000e-07	-5.259682e-09	-7.625157e-10	-3.813763e+01	-5.005045e+01
1.600000e-07	-5.253932e-09	-7.928885e-10	-3.809594e+01	-5.003387e+01
1.700000e-07	-5.247823e-09	-7.889894e-10	-3.805164e+01	-5.001687e+01
1.800000e-07	-5.241306e-09	-7.638470e-10	-3.800439e+01	-4.999939e+01
1.900000e-07	-5.234406e-09	-7.513913e-10	-3.795436e+01	-4.998131e+01
2.000000e-07	-5.227206e-09	-7.741812e-10	-3.790216e+01	-4.996255e+01
2.100000e-07	-5.219739e-09	-7.506381e-10	-3.784801e+01	-4.994298e+01
2.200000e-07	-5.211967e-09	-7.446444e-10	-3.779166e+01	-4.992251e+01
2.300000e-07	-5.203898e-09	-7.506128e-10	-3.773315e+01	-4.990099e+01
2.400000e-07	-5.195523e-09	-7.611039e-10	-3.767242e+01	-4.987832e+01
2.500000e-07	-5.186710e-09	-7.242209e-10	-3.760852e+01	-4.985434e+01
2.600000e-07	-5.177362e-09	-7.179452e-10	-3.754074e+01	-4.982894e+01
2.700000e-07	-5.167492e-09	-7.208138e-10	-3.746917e+01	-4.980198e+01
2.800000e-07	-5.157105e-09	-7.174867e-10	-3.739385e+01	-4.977332e+01
2.900000e-07	-5.146179e-09	-6.968809e-10	-3.731463e+01	-4.974283e+01
3.000000e-07	-5.134762e-09	-7.101092e-10	-3.723185e+01	-4.971038e+01
3.100000e-07	-5.122934e-09	-7.253392e-10	-3.714609e+01	-4.967584e+01
3.200000e-07	-5.110744e-09	-7.152327e-10	-3.705769e+01	-4.963909e+01
3.300000e-07	-5.098190e-09	-7.007970e-10	-3.696667e+01	-4.960001e+01
3.400000e-07	-5.085255e-09	-7.063379e-10	-3.687288e+01	-4.955850e+01
3.500000e-07	-5.071942e-09	-7.106006e-10	-3.677634e+01	-4.951445e+01
3.600000e-07	-5.058252e-09	-7.061422e-10	-3.667708e+01	-4.946777e+01
3.700000e-07	-5.044197e-09	-7.044285e-10	-3.657517e+01	-4.941837e+01
3.800000e-07	-5.029718e-09	-7.032444e-10	-3.647018e+01	-4.936619e+01
3.900000e-07	-5.014733e-09	-7.021738e-10	-3.636153e+01	-4.931116e+01
4.000000e-07	-4.999204e-09	-7.089079e-10	-3.624893e+01	-4.925323e+01
4.100000e-07	-4.983126e-09	-7.124750e-10	-3.613235e+01	-4.919237e+01
4.200000e-07	-4.966598e-09	-6.972645e-10	-3.601251e+01	-4.912854e+01
4.300000e-07	-4.949718e-09	-6.968412e-10	-3.589011e+01	-4.906172e+01
4.400000e-07	-4.932539e-09	-7.037886e-10	-3.576555e+01	-4.899193e+01
4.500000e-07	-4.915086e-09	-7.122571e-10	-3.563900e+01	-4.891915e+01
4.600000e-07	-4.897350e-09	-7.009114e-10	-3.551040e+01	-4.884342e+01
4.700000e-07	-4.879325e-09	-7.024333e-10	-3.537970e+01	-4.876476e+01
4.800000e-07	-4.860952e-09	-7.029363e-10	-3.524647e+01	-4.868320e+01
4.900000e-07	-4.842165e-09	-7.091113e-10	-3.511025e+01	-4.859880e+01
5.000000e-07	-4.822978e-09	-6.983021e-10	-3.497113e+01	-4.851161e+01
5.100000e-07	-4.803467e-09	-6.939505e-10	-3.482966e+01	-4.842170e+01
5.200000e-07	-4.783663e-09	-6.912970e-10	-3.468606e+01	-4.832914e+01
5.300000e-07	-4.763615e-09	-7.013102e-10	-3.454069e+01	-4.823399e+01
5.400000e-07	-4.743371e-09	-7.000607e-10	-3.439390e+01	-4.813635e+01
5.500000e-07	-4.722898e-09	-6.995326e-10	-3.424545e+01	-4.803630e+01
5.600000e-07	-4.702130e-09	-6.949352e-10	-3.409486e+01	-4.793392e+01
5.700000e-07	-4.681016e-09	-6.970207e-10	-3.394177e+01	-4.782929e+01
5.800000e-07	-4.659554e-09	-6.916986e-10	-3.378615e+01	-4.772250e+01
5.900000e-07	-4.637784e-09	-6.860292e-10	-3.362830e+01	-4.761364e+01
6.000000e-07	-4.615730e-09	-6.797957e-10	-3.346839e+01	-4.750279e+01
6.100000e-07	-4.593371e-09	-6.847811e-10	-3.330626e+01	-4.739002e+01
6.200000e-07	-4.570688e-09	-6.910512e-10	-3.314179e+01	-4.727541e+01
6.300000e-07	-4.547666e-09	-6.870969e-10	-3.297486e+01	-4.715901e+01
6.400000e-07	-4.524299e-09	-6.771870e-10	-3.280542e+01	-4.704090e+01
6.500000e-07	-4.500605e-09	-6.748409e-10	-3.263362e+01	-4.692112e+01
6.600000e-07	-4.476657e-09	-6.755682e-10	-3.245997e+01	-4.679972e+01
6.700000e-07	-4.452523e-09	-6.693814e-10	-3.228498e+01	-4.667672e+01
6.800000e-07	-4.428177e-09	-6.636441e-10	-3.210845e+01	-4.655216e+01
6.900000e-07	-4.403559e-09	-6.613615e-10	-3.192995e+01	-4.642605e+01
7.000000e-07	-4.378600e-09	-6.655922e-10	-3.174897e+01	-4.629838e+01
7.100000e-07	-4.353238e-09	-6.656055e-10	-3.156508e+01	-4.616917e+01
7.200000e-07	-4.327411e-09	-6.629563e-10	-3.137780e+01	-4.603838e+01
7.300000e-07	-4.301071e-09	-6.570347e-10	-3.118681e+01	-4.590600e+01
7.400000e-07	-4.274270e-09	-6.586188e-10	-3.099248e+01	-4.577198e+01
7.500000e-07	-4.247040e-09	-6.563031e-10	-3.079504e+01	-4.563629e+01
7.600000e-07	-4.219432e-09	-6.524132e-10	-3.059486e+01	-4.549886e+01
7.700000e-07	-4.191567e-09	-6.466529e-10	-3.039281e+01	-4.535965e+01
7.800000e-07	-4.163518e-09	-6.491803e-10	-3.018942e+01	-4.521856e+01
7.900000e-07	-4.135301e-09	-6.487955e-10	-2.998483e+01	-4.507554e+01
8.000000e-07	-4.106885e-09	-6.476729e-10	-2.977878e+01	-4.493049e+01
8.100000e-07	-4.078196e-09	-6.411087e-10	-2.957076e+01	-4.478334e+01
8.200000e-07	-4.049200e-09	-6.401079e-10	-2.936051e+01	-4.463398e+01
8.300000e-07	-4.019894e-09	-6.396241e-10	-2.914802e+01	-4.448234e+01
8.400000e-07	-3.990277e-09	-6.382860e-10	-2.893327e+01	-4.432830e+01
8.500000e-07	-3.960390e-09	-6.309544e-10	-2.871656e+01	-4.417179e+01
8.600000e-07	-3.930289e-09	-6.267799e-10	-2.849829e+01	-4.401270e+01
8.700000e-07	-3.899968e-09	-6.242580e-10	-2.827844e+01	-4.385095e+01
8.800000e-07	-3.869423e-09	-6.234425e-10	-2.805696e+01	-4.368645e+01
8.900000e-07	-3.838627e-09	-6.197712e-10	-2.783366e+01	-4.351911e+01
9.000000e-07	-3.807521e-09	-6.178876e-10	-2.760811e+01	-4.334885e+01
9.100000e-07	-3.776105e-09	-6.181384e-10	-2.738032e+01	-4.317562e+01
9.200000e-07	-3.744431e-09	-6.175895e-10	-2.715065e+01	-4.299933e+01
9.300000e-07	-3.712562e-09	-6.121587e-10	-2.691957e+01	-4.281995e+01
9.400000e-07	-3.680540e-09	-6.046238e-10	-2.668738e+01	-4.263741e+01
9.500000e-07	-3.648360e-09	-6.011083e-10	-2.645405e+01	-4.245168e+01
9.600000e-07	-3.616006e-09	-6.009225e-10	-2.621945e+01	-4.226273e+01
9.700000e-07	-3.583437e-09	-6.013022e-10	-2.598330e+01	-4.207055e+01
9.800000e-07	-3.550609e-09	-5.998806e-10	-2.574526e+01	-4.187513e+01
9.900000e-07	-3.517473e-09	-5.999936e-10	-2.550500e+01	-4.167647e+01
1.000000e-06	-3.483982e-09	-5.994359e-10	-2.526215e+01	-4.147459e+01
1.010000e-06	-3.450088e-09	-5.956455e-10	-2.501639e+01	-4.126950e+01
1.020000e-06	-3.415773e-09	-5.860364e-10	-2.476758e+01	-4.106125e+01
1.030000e-06	-3.381063e-09	-5.796477e-10	-2.451590e+01	-4.084987e+01
1.040000e-06	-3.345976e-09	-5.780830e-10	-2.426149e+01	-4.063542e+01
1.050000e-06	-3.310546e-09	-5.802035e-10	-2.400459e+01	-4.041795e+01
1.060000e-06	-3.274852e-09	-5.791738e-10	-2.374577e+01	-4.019753e+01
1.070000e-06	-3.238976e-09	-5.792866e-10	-2.348563e+01	-3.997424e+01
1.080000e-06	-3.202952e-09	-5.785092e-10	-2.322442e+01	-3.974815e+01
1.090000e-06	-3.166796e-09	-5.755394e-10	-2.296226e+01	-3.951934e+01
1.100000e-06	-3.130515e-09	-5.657463e-10	-2.269919e+01	-3.928790e+01
1.110000e-06	-3.094086e-09	-5.576084e-10	-2.243505e+01	-3.905392e+01
1.120000e-06	-3.057477e-09	-5.545207e-10	-2.216959e+01	-3.881747e+01
1.130000e-06	-3.020671e-09	-5.541625e-10	-2.190271e+01	-3.857865e+01
1.140000e-06	-2.983639e-09	-5.502698e-10	-2.163420e+01	-3.833754e+01
1.150000e-06	-2.946370e-09	-5.470467e-10	-2.136397e+01	-3.809422e+01
1.160000e-06	-2.908898e-09	-5.458066e-10	-2.109226e+01	-3.784875e+01
1.170000e-06	-2.871215e-09	-5.449018e-10	-2.081902e+01	-3.760122e+01
1.180000e-06	-2.833331e-09	-5.391927e-10	-2.054433e+01	-3.735167e+01
1.190000e-06	-2.795261e-09	-5.307997e-10	-2.026829e+01	-3.710017e+01
1.200000e-06	-2.756994e-09	-5.241681e-10	-1.999081e+01	-3.684676e+01
1.210000e-06	-2.718541e-09	-5.206350e-10	-1.971199e+01	-3.659146e+01
1.220000e-06	-2.679880e-09	-5.168498e-10	-1.943166e+01	-3.633430e+01
1.230000e-06	-2.641021e-09	-5.117090e-10	-1.914990e+01	-3.607528e+01
1.240000e-06	-2.601988e-09	-5.067643e-10	-1.886688e+01	-3.581441e+01
1.250000e-06	-2.562757e-09	-5.014426e-10	-1.858241e+01	-3.555167e+01
1.260000e-06	-2.523326e-09	-4.965031e-10	-1.829650e+01	-3.528703e+01
1.270000e-06	-2.483733e-09	-4.903259e-10	-1.800942e+01	-3.502044e+01
1.280000e-06	-2.443989e-09	-4.836361e-10	-1.772123e+01	-3.475185e+01
1.290000e-06	-2.404110e-09	-4.782179e-10	-1.743208e+01	-3.448118e+01
1.300000e-06	-2.364143e-09	-4.745425e-10	-1.714227e+01	-3.420836e+01
1.310000e-06	-2.324090e-09	-4.713962e-10	-1.685185e+01	-3.393330e+01
1.320000e-06	-2.283940e-09	-4.686246e-10	-1.656073e+01	-3.365587e+01
1.330000e-06	-2.243691e-09	-4.660551e-10	-1.626888e+01	-3.337597e+01
1.340000e-06	-2.203335e-09	-4.633326e-10	-1.597627e+01	-3.309346e+01
1.350000e-06	-2.162835e-09	-4.581925e-10	-1.568260e+01	-3.280821e+01
1.360000e-06	-2.122181e-09	-4.522386e-10	-1.538782e+01	-3.252008e+01
1.370000e-06	-2.081384e-09	-4.455937e-10	-1.509200e+01	-3.222890e+01
1.380000e-06	-2.040430e-09	-4.398640e-10	-1.479505e+01	-3.193452e+01
1.390000e-06	-1.999301e-09	-4.335738e-10	-1.449682e+01	-3.163677e+01
1.400000e-06	-1.957965e-09	-4.291189e-10	-1.419710e+01	-3.133549e+01
1.410000e-06	-1.916430e-09	-4.263354e-10	-1.389594e+01	-3.103052e+01
1.420000e-06	-1.874695e-09	-4.244372e-10	-1.359332e+01	-3.072167e+01
1.430000e-06	-1.832725e-09	-4.193212e-10	-1.328900e+01	-3.040879e+01
1.440000e-06	-1.790526e-09	-4.132032e-10	-1.298302e+01	-3.009172e+01
1.450000e-06	-1.748089e-09	-4.086397e-10	-1.267531e+01	-2.977028e+01
1.460000e-06	-1.705400e-09	-4.057476e-10	-1.236578e+01	-2.944433e+01
1.470000e-06	-1.662487e-09	-4.010983e-10	-1.205462e+01	-2.911372e+01
1.480000e-06	-1.619395e-09	-3.950201e-10	-1.174216e+01	-2.877831e+01
1.490000e-06	-1.576136e-09	-3.895549e-10	-1.142850e+01	-2.843797e+01
1.500000e-06	-1.532713e-09	-3.852351e-10	-1.111364e+01	-2.809257e+01
1.510000e-06	-1.489154e-09	-3.797012e-10	-1.079779e+01	-2.774202e+01
1.520000e-06	-1.445490e-09	-3.731714e-10	-1.048118e+01	-2.738622e+01
1.530000e-06	-1.401728e-09	-3.688228e-10	-1.016387e+01	-2.702507e+01
1.540000e-06	-1.357872e-09	-3.655224e-10	-9.845873e+00	-2.665851e+01
1.550000e-06	-1.313942e-09	-3.601679e-10	-9.527340e+00	-2.628648e+01
1.560000e-06	-1.269961e-09	-3.534363e-10	-9.208436e+00	-2.590895e+01
1.570000e-06	-1.225939e-09	-3.483269e-10	-8.889230e+00	-2.552587e+01
1.580000e-06	-1.181876e-09	-3.451023e-10	-8.569735e+00	-2.513723e+01
1.590000e-06	-1.137755e-09	-3.410137e-10	-8.249812e+00	-2.474302e+01
1.600000e-06	-1.093581e-09	-3.339929e-10	-7.929515e+00	-2.434327e+01
1.610000e-06	-1.049373e-09	-3.276363e-10	-7.608960e+00	-2.393798e+01
1.620000e-06	-1.005126e-09	-3.235258e-10	-7.288130e+00	-2.352720e+01
1.630000e-06	-9.608281e-10	-3.205566e-10	-6.966927e+00	-2.311096e+01
1.640000e-06	-9.164858e-10	-3.161506e-10	-6.645404e+00	-2.268932e+01
1.650000e-06	-8.721028e-10	-3.095341e-10	-6.323585e+00	-2.226235e+01
1.660000e-06	-8.276704e-10	-3.014074e-10	-6.001408e+00	-2.183010e+01
1.670000e-06	-7.832073e-10	-2.927076e-10	-5.679008e+00	-2.139266e+01
1.680000e-06	-7.387091e-10	-2.823699e-10	-5.356354e+00	-2.095011e+01
1.690000e-06	-6.941777e-10	-2.738198e-10	-5.033460e+00	-2.050253e+01
1.700000e-06	-6.496285e-10	-2.689841e-10	-4.710436e+00	-2.005001e+01
1.710000e-06	-6.050381e-10	-2.670506e-10	-4.387113e+00	-1.959263e+01
1.720000e-06	-5.603985e-10	-2.628461e-10	-4.063434e+00	-1.913048e+01
1.730000e-06	-5.157364e-10	-2.549281e-10	-3.739592e+00	-1.866363e+01
1.740000e-06	-4.710452e-10	-2.459320e-10	-3.415539e+00	-1.819218e+01
1.750000e-06	-4.263086e-10	-2.374517e-10	-3.091157e+00	-1.771619e+01
1.760000e-06	-3.815327e-10	-2.275602e-10	-2.766490e+00	-1.723573e+01
1.770000e-06	-3.367275e-10	-2.186678e-10	-2.441610e+00	-1.675087e+01
1.780000e-06	-2.918960e-10	-2.141121e-10	-2.116540e+00	-1.626164e+01
1.790000e-06	-2.470292e-10	-2.116667e-10	-1.791214e+00	-1.576810e+01
1.800000e-06	-2.021469e-10	-2.071672e-10	-1.465776e+00	-1.527029e+01
1.810000e-06	-1.572810e-10	-1.982263e-10	-1.140456e+00	-1.476821e+01
1.820000e-06	-1.124261e-10	-1.875403e-10	-8.152158e-01	-1.426188e+01
1.830000e-06	-6.755881e-11	-1.782205e-10	-4.898858e-01	-1.375130e+01
1.840000e-06	-2.268300e-11	-1.694043e-10	-1.644941e-01	-1.323647e+01
1.850000e-06	2.218986e-11	-1.598186e-10	1.608757e-01	-1.271734e+01
1.860000e-06	6.705802e-11	-1.513781e-10	4.862115e-01	-1.219390e+01
1.870000e-06	1.119228e-10	-1.452798e-10	8.115229e-01	-1.166609e+01
1.880000e-06	1.568053e-10	-1.401920e-10	1.136963e+00	-1.113386e+01
1.890000e-06	2.016684e-10	-1.320420e-10	1.462263e+00	-1.059715e+01
1.900000e-06	2.464952e-10	-1.205958e-10	1.787300e+00	-1.005588e+01
1.910000e-06	2.913104e-10	-1.101964e-10	2.112251e+00	-9.509963e+00
1.920000e-06	3.361064e-10	-1.023373e-10	2.437065e+00	-8.959324e+00
1.930000e-06	3.808734e-10	-9.447117e-11	2.761667e+00	-8.403867e+00
1.940000e-06	4.256214e-10	-8.606381e-11	3.086133e+00	-7.843499e+00
1.950000e-06	4.703322e-10	-7.875058e-11	3.410328e+00	-7.278125e+00
1.960000e-06	5.149991e-10	-7.264963e-11	3.734205e+00	-6.707650e+00
1.970000e-06	5.596372e-10	-6.528833e-11	4.057873e+00	-6.131982e+00
1.980000e-06	6.042215e-10	-5.541518e-11	4.381151e+00	-5.551032e+00
1.990000e-06	6.487600e-10	-4.368223e-11	4.704096e+00	-4.964719e+00
2.000000e-06	6.932713e-10	-3.369645e-11	5.026845e+00	-4.372968e+00
2.010000e-06	7.377435e-10	-2.510534e-11	5.349310e+00	-3.775716e+00
2.020000e-06	7.821721e-10	-1.612068e-11	5.671460e+00	-3.172911e+00
2.030000e-06	8.265753e-10	-7.818996e-12	5.993425e+00	-2.564514e+00
2.040000e-06	8.709517e-10	-2.112899e-12	6.315196e+00	-1.950505e+00
2.050000e-06	9.152790e-10	2.930163e-12	6.636611e+00	-1.330878e+00
2.060000e-06	9.595690e-10	1.212105e-11	6.957756e+00	-7.056476e-01
2.070000e-06	1.003834e-09	2.629330e-11	7.278721e+00	-7.484935e-02
2.080000e-06	1.048059e-09	4.098994e-11	7.599393e+00	5.614595e-01
2.090000e-06	1.092237e-09	5.234131e-11	7.919726e+00	1.203198e+00
2.100000e-06	1.136368e-09	6.025842e-11	8.239715e+00	1.850263e+00
2.110000e-06	1.180454e-09	6.646485e-11	8.559380e+00	2.502522e+00
2.120000e-06	1.224495e-09	7.257677e-11	8.878724e+00	3.159820e+00
2.130000e-06	1.268496e-09	7.930414e-11	9.197774e+00	3.821975e+00
2.140000e-06	1.312464e-09	8.843119e-11	9.516584e+00	4.488777e+00
2.150000e-06	1.356381e-09	1.003346e-10	9.835023e+00	5.159991e+00
2.160000e-06	1.400212e-09	1.119374e-10	1.015284e+01	5.835354e+00
2.170000e-06	1.443950e-09	1.212516e-10	1.046998e+01	6.514579e+00
2.180000e-06	1.487581e-09	1.286223e-10	1.078634e+01	7.197351e+00
2.190000e-06	1.531070e-09	1.366796e-10	1.110168e+01	7.883331e+00
2.200000e-06	1.574406e-09	1.451634e-10	1.141591e+01	8.572158e+00
2.210000e-06	1.617582e-09	1.526684e-10	1.172898e+01	9.263446e+00
2.220000e-06	1.660570e-09	1.615657e-10	1.204068e+01	9.956791e+00
2.230000e-06	1.703343e-09	1.729413e-10	1.235082e+01	1.065177e+01
2.240000e-06	1.745895e-09	1.847593e-10	1.265937e+01	1.134793e+01
2.250000e-06	1.788224e-09	1.938249e-10	1.296628e+01	1.204483e+01
2.260000e-06	1.830296e-09	2.012681e-10	1.327135e+01	1.274198e+01
2.270000e-06	1.872108e-09	2.088658e-10	1.357452e+01	1.343891e+01
2.280000e-06	1.913711e-09	2.164403e-10	1.387618e+01	1.413512e+01
2.290000e-06	1.955122e-09	2.239604e-10	1.417645e+01	1.483012e+01
2.300000e-06	1.996323e-09	2.329776e-10	1.447519e+01	1.552340e+01
2.310000e-06	2.037321e-09	2.449345e-10	1.477247e+01	1.621445e+01
2.320000e-06	2.078145e-09	2.589409e-10	1.506848e+01	1.690278e+01
2.330000e-06	2.118808e-09	2.708876e-10	1.536332e+01	1.758787e+01
2.340000e-06	2.159322e-09	2.800329e-10	1.565709e+01	1.826924e+01
2.350000e-06	2.199712e-09	2.882402e-10	1.594995e+01	1.894639e+01
2.360000e-06	2.239997e-09	2.967267e-10	1.624206e+01	1.961886e+01
2.370000e-06	2.280197e-09	3.047744e-10	1.653355e+01	2.028616e+01
2.380000e-06	2.320315e-09	3.121071e-10	1.682444e+01	2.094785e+01
2.390000e-06	2.360331e-09	3.208619e-10	1.711460e+01	2.160351e+01
2.400000e-06	2.400234e-09	3.313739e-10	1.740393e+01	2.225270e+01
2.410000e-06	2.440008e-09	3.415481e-10	1.769233e+01	2.289504e+01
2.420000e-06	2.479651e-09	3.487123e-10	1.797978e+01	2.353015e+01
2.430000e-06	2.519118e-09	3.538206e-10	1.826595e+01	2.415767e+01
2.440000e-06	2.558380e-09	3.598686e-10	1.855064e+01	2.477730e+01
2.450000e-06	2.597469e-09	3.669099e-10	1.883407e+01	2.538871e+01
2.460000e-06	2.636364e-09	3.736504e-10	1.911610e+01	2.599164e+01
2.470000e-06	2.675045e-09	3.814424e-10	1.939657e+01	2.658583e+01
2.480000e-06	2.713515e-09	3.914991e-10	1.967551e+01	2.717107e+01
2.490000e-06	2.751818e-09	4.027128e-10	1.995324e+01	2.774715e+01
2.500000e-06	2.789960e-09	4.117144e-10	2.022981e+01	2.831392e+01
2.510000e-06	2.827918e-09	4.191318e-10	2.050504e+01	2.887123e+01
2.520000e-06	2.865696e-09	4.276705e-10	2.077897e+01	2.941896e+01
2.530000e-06	2.903278e-09	4.367247e-10	2.105147e+01	2.995703e+01
2.540000e-06	2.940643e-09	4.450068e-10	2.132240e+01	3.048536e+01
2.550000e-06	2.977782e-09	4.521140e-10	2.159169e+01	3.100394e+01
2.560000e-06	3.014682e-09	4.600724e-10	2.185926e+01	3.151272e+01
2.570000e-06	3.051360e-09	4.696367e-10	2.212520e+01	3.201174e+01
2.580000e-06	3.087876e-09	4.767571e-10	2.238998e+01	3.250099e+01
2.590000e-06	3.124256e-09	4.814807e-10	2.265377e+01	3.298055e+01
2.600000e-06	3.160507e-09	4.865113e-10	2.291663e+01	3.345046e+01
2.610000e-06	3.196640e-09	4.932977e-10	2.317863e+01	3.391081e+01
2.620000e-06	3.232649e-09	5.017716e-10	2.343972e+01	3.436169e+01
2.630000e-06	3.268511e-09	5.111487e-10	2.369976e+01	3.480322e+01
2.640000e-06	3.304181e-09	5.209307e-10	2.395840e+01	3.523550e+01
2.650000e-06	3.339595e-09	5.288941e-10	2.421518e+01	3.565867e+01
2.660000e-06	3.374663e-09	5.345574e-10	2.446946e+01	3.607287e+01
2.670000e-06	3.409336e-09	5.387077e-10	2.472087e+01	3.647825e+01
2.680000e-06	3.443625e-09	5.437277e-10	2.496950e+01	3.687494e+01
2.690000e-06	3.477470e-09	5.504773e-10	2.521490e+01	3.726311e+01
2.700000e-06	3.510884e-09	5.573003e-10	2.545719e+01	3.764290e+01
2.710000e-06	3.543956e-09	5.640391e-10	2.569699e+01	3.801449e+01
2.720000e-06	3.576716e-09	5.718706e-10	2.593453e+01	3.837801e+01
2.730000e-06	3.609244e-09	5.793888e-10	2.617039e+01	3.873363e+01
2.740000e-06	3.641591e-09	5.831966e-10	2.640493e+01	3.908151e+01
2.750000e-06	3.673781e-09	5.837053e-10	2.663834e+01	3.942178e+01
2.760000e-06	3.705836e-09	5.836471e-10	2.687077e+01	3.975460e+01
2.770000e-06	3.737731e-09	5.875191e-10	2.710204e+01	4.008011e+01
2.780000e-06	3.769397e-09	5.954995e-10	2.733165e+01	4.039844e+01
2.790000e-06	3.800768e-09	6.025817e-10	2.755912e+01	4.070973e+01
2.800000e-06	3.831831e-09	6.073094e-10	2.778435e+01	4.101409e+01
2.810000e-06	3.862611e-09	6.110458e-10	2.800754e+01	4.131166e+01
2.820000e-06	3.893117e-09	6.137521e-10	2.822874e+01	4.160255e+01
2.830000e-06	3.923367e-09	6.142947e-10	2.844808e+01	4.188685e+01
2.840000e-06	3.953389e-09	6.147051e-10	2.866577e+01	4.216469e+01
2.850000e-06	3.983177e-09	6.188016e-10	2.888176e+01	4.243615e+01
2.860000e-06	4.012699e-09	6.266635e-10	2.909582e+01	4.270132e+01
2.870000e-06	4.041951e-09	6.326725e-10	2.930792e+01	4.296031e+01
2.880000e-06	4.070915e-09	6.340943e-10	2.951794e+01	4.321318e+01
2.890000e-06	4.099592e-09	6.335123e-10	2.972588e+01	4.346002e+01
2.900000e-06	4.128034e-09	6.348709e-10	2.993211e+01	4.370091e+01
2.910000e-06	4.156293e-09	6.378890e-10	3.013701e+01	4.393593e+01
2.920000e-06	4.184402e-09	6.405667e-10	3.034083e+01	4.416515e+01
2.930000e-06	4.212350e-09	6.435257e-10	3.054348e+01	4.438864e+01
2.940000e-06	4.240070e-09	6.481175e-10	3.074447e+01	4.460647e+01
2.950000e-06	4.267438e-09	6.536807e-10	3.094292e+01	4.481872e+01
2.960000e-06	4.294359e-09	6.576068e-10	3.113812e+01	4.502546e+01
2.970000e-06	4.320774e-09	6.604721e-10	3.132965e+01	4.522676e+01
2.980000e-06	4.346640e-09	6.624896e-10	3.151720e+01	4.542270e+01
2.990000e-06	4.371976e-09	6.632146e-10	3.170091e+01	4.561335e+01
3.000000e-06	4.396871e-09	6.634610e-10	3.188143e+01	4.579880e+01
3.010000e-06	4.421439e-09	6.647468e-10	3.205957e+01	4.597912e+01
3.020000e-06	4.445763e-09	6.691570e-10	3.223594e+01	4.615440e+01
3.030000e-06	4.469869e-09	6.750614e-10	3.241073e+01	4.632473e+01
3.040000e-06	4.493740e-09	6.788864e-10	3.258382e+01	4.649019e+01
3.050000e-06	4.517324e-09	6.805520e-10	3.275483e+01	4.665088e+01
3.060000e-06	4.540574e-09	6.822141e-10	3.292341e+01	4.680690e+01
3.070000e-06	4.563483e-09	6.840516e-10	3.308952e+01	4.695833e+01
3.080000e-06	4.586077e-09	6.837784e-10	3.325335e+01	4.710528e+01
3.090000e-06	4.608398e-09	6.814758e-10	3.341520e+01	4.724784e+01
3.100000e-06	4.630443e-09	6.816947e-10	3.357505e+01	4.738613e+01
3.110000e-06	4.652180e-09	6.865724e-10	3.373266e+01	4.752025e+01
3.120000e-06	4.673585e-09	6.921409e-10	3.388787e+01	4.765029e+01
3.130000e-06	4.694638e-09	6.945583e-10	3.404052e+01	4.777637e+01
3.140000e-06	4.715356e-09	6.953462e-10	3.419074e+01	4.789858e+01
3.150000e-06	4.735807e-09	6.977161e-10	3.433903e+01	4.801703e+01
3.160000e-06	4.756057e-09	7.009227e-10	3.448587e+01	4.813182e+01
3.170000e-06	4.776144e-09	7.009367e-10	3.463152e+01	4.824304e+01
3.180000e-06	4.796013e-09	6.984127e-10	3.477559e+01	4.835080e+01
3.190000e-06	4.815557e-09	6.989620e-10	3.491730e+01	4.845519e+01
3.200000e-06	4.834716e-09	7.027949e-10	3.505622e+01	4.855630e+01
3.210000e-06	4.853453e-09	7.059295e-10	3.519208e+01	4.865420e+01
3.220000e-06	4.871768e-09	7.076588e-10	3.532488e+01	4.874899e+01
3.230000e-06	4.889699e-09	7.108577e-10	3.545490e+01	4.884074e+01
3.240000e-06	4.907301e-09	7.157015e-10	3.558253e+01	4.892951e+01
3.250000e-06	4.924645e-09	7.180426e-10	3.570829e+01	4.901537e+01
3.260000e-06	4.941737e-09	7.164645e-10	3.583222e+01	4.909838e+01
3.270000e-06	4.958523e-09	7.139778e-10	3.595394e+01	4.917859e+01
3.280000e-06	4.974930e-09	7.134317e-10	3.607290e+01	4.925605e+01
3.290000e-06	4.990858e-09	7.140611e-10	3.618840e+01	4.933080e+01
3.300000e-06	5.006301e-09	7.143751e-10	3.630038e+01	4.940288e+01
3.310000e-06	5.021287e-09	7.167082e-10	3.640904e+01	4.947232e+01
3.320000e-06	5.035843e-09	7.217732e-10	3.651458e+01	4.953913e+01
3.330000e-06	5.050041e-09	7.268012e-10	3.661753e+01	4.960334e+01
3.340000e-06	5.063909e-09	7.276817e-10	3.671809e+01	4.966497e+01
3.350000e-06	5.077433e-09	7.244554e-10	3.681615e+01	4.972403e+01
3.360000e-06	5.090575e-09	7.206923e-10	3.691144e+01	4.978052e+01
3.370000e-06	5.103328e-09	7.190762e-10	3.700391e+01	4.983446e+01
3.380000e-06	5.115743e-09	7.202084e-10	3.709393e+01	4.988584e+01
3.390000e-06	5.127848e-09	7.231164e-10	3.718171e+01	4.993466e+01
3.400000e-06	5.139613e-09	7.277763e-10	3.726701e+01	4.998093e+01
3.410000e-06	5.150927e-09	7.332263e-10	3.734905e+01	5.002465e+01
3.420000e-06	5.161679e-09	7.369672e-10	3.742702e+01	5.006582e+01
3.430000e-06	5.171830e-09	7.371279e-10	3.750062e+01	5.010445e+01
3.440000e-06	5.181375e-09	7.345923e-10	3.756983e+01	5.014053e+01
3.450000e-06	5.190366e-09	7.324461e-10	3.763502e+01	5.017409e+01
3.460000e-06	5.198950e-09	7.313031e-10	3.769727e+01	5.020512e+01
3.470000e-06	5.207262e-09	7.306698e-10	3.775753e+01	5.023365e+01
3.480000e-06	5.215334e-09	7.317549e-10	3.781607e+01	5.025970e+01
3.490000e-06	5.223148e-09	7.349094e-10	3.787272e+01	5.028330e+01
3.500000e-06	5.230654e-09	7.385487e-10	3.792715e+01	5.030447e+01
3.510000e-06	5.237793e-09	7.402899e-10	3.797891e+01	5.032325e+01
3.520000e-06	5.244543e-09	7.387099e-10	3.802786e+01	5.033970e+01
3.530000e-06	5.250943e-09	7.363231e-10	3.807426e+01	5.035385e+01
3.540000e-06	5.257016e-09	7.346894e-10	3.811830e+01	5.036578e+01
3.550000e-06	5.262716e-09	7.324416e-10	3.815963e+01	5.037553e+01
3.560000e-06	5.268021e-09	7.312467e-10	3.819809e+01	5.038318e+01
3.570000e-06	5.272957e-09	7.319332e-10	3.823388e+01	5.038881e+01
3.580000e-06	5.277570e-09	7.338483e-10	3.826734e+01	5.039250e+01
3.590000e-06	5.281909e-09	7.359151e-10	3.829880e+01	5.039434e+01
3.600000e-06	5.286018e-09	7.368600e-10	3.832859e+01	5.039442e+01
3.610000e-06	5.289907e-09	7.365570e-10	3.835679e+01	5.039284e+01
3.620000e-06	5.293495e-09	7.355398e-10	3.838281e+01	5.038969e+01
3.630000e-06	5.296615e-09	7.335225e-10	3.840543e+01	5.038509e+01
3.640000e-06	5.299156e-09	7.319183e-10	3.842386e+01	5.037913e+01
3.650000e-06	5.301091e-09	7.319296e-10	3.843789e+01	5.037193e+01
3.660000e-06	5.302449e-09	7.322231e-10	3.844773e+01	5.036359e+01
3.670000e-06	5.303320e-09	7.321873e-10	3.845405e+01	5.035421e+01
3.680000e-06	5.303834e-09	7.332271e-10	3.845778e+01	5.034391e+01
3.690000e-06	5.304093e-09	7.352076e-10	3.845966e+01	5.033279e+01
3.700000e-06	5.304120e-09	7.361597e-10	3.845985e+01	5.032094e+01
3.710000e-06	5.303881e-09	7.342654e-10	3.845812e+01	5.030845e+01
3.720000e-06	5.303293e-09	7.304597e-10	3.845386e+01	5.029543e+01
3.730000e-06	5.302310e-09	7.264410e-10	3.844672e+01	5.028193e+01
3.740000e-06	5.300969e-09	7.244860e-10	3.843700e+01	5.026805e+01
3.750000e-06	5.299314e-09	7.253184e-10	3.842500e+01	5.025385e+01
3.760000e-06	5.297355e-09	7.265048e-10	3.841080e+01	5.023938e+01
3.770000e-06	5.295075e-09	7.147905e-10	3.839426e+01	5.022468e+01
3.780000e-06	5.292424e-09	7.025479e-10	3.837505e+01	5.020980e+01
3.790000e-06	5.289327e-09	7.253570e-10	3.835259e+01	5.019476e+01
3.800000e-06	5.285766e-09	7.509484e-10	3.832677e+01	5.017957e+01
3.810000e-06	5.281903e-09	7.378691e-10	3.829876e+01	5.016423e+01
3.820000e-06	5.277917e-09	7.106480e-10	3.826986e+01	5.014874e+01
3.830000e-06	5.273747e-09	7.121960e-10	3.823962e+01	5.013307e+01
3.840000e-06	5.269105e-09	7.494242e-10	3.820596e+01	5.011718e+01
3.850000e-06	5.263862e-09	7.246906e-10	3.816794e+01	5.010104e+01
3.860000e-06	5.258098e-09	6.998760e-10	3.812615e+01	5.008457e+01
3.870000e-06	5.251915e-09	7.224562e-10	3.808132e+01	5.006772e+01
3.880000e-06	5.245308e-09	7.536799e-10	3.803341e+01	5.005041e+01
3.890000e-06	5.238182e-09	7.349527e-10	3.798174e+01	5.003254e+01
3.900000e-06	5.230634e-09	7.022644e-10	3.792701e+01	5.001401e+01
3.910000e-06	5.222797e-09	7.365896e-10	3.787018e+01	4.999472e+01
3.920000e-06	5.214658e-09	7.403042e-10	3.781117e+01	4.997456e+01
3.930000e-06	5.206191e-09	7.125217e-10	3.774978e+01	4.995341e+01
3.940000e-06	5.197410e-09	6.983821e-10	3.768611e+01	4.993113e+01
3.950000e-06	5.188301e-09	7.642115e-10	3.762006e+01	4.990761e+01
3.960000e-06	5.178811e-09	7.830374e-10	3.755125e+01	4.988270e+01
3.970000e-06	5.168945e-09	7.668675e-10	3.747971e+01	4.985627e+01
3.980000e-06	5.158727e-09	7.681713e-10	3.740562e+01	4.982819e+01
3.990000e-06	5.148138e-09	8.036560e-10	3.732884e+01	4.979833e+01
4.000000e-06	5.137150e-09	7.891713e-10	3.724917e+01	4.976655e+01
4.010000e-06	5.125781e-09	7.550523e-10	3.716673e+01	4.973272e+01
4.020000e-06	5.114048e-09	7.690515e-10	3.708166e+01	4.969673e+01
4.030000e-06	5.101916e-09	7.911702e-10	3.699369e+01	4.965844e+01
4.040000e-06	5.089371e-09	7.746790e-10	3.690272e+01	4.961776e+01
4.050000e-06	5.076368e-09	7.593351e-10	3.680844e+01	4.957457e+01
4.060000e-06	5.062794e-09	7.735694e-10	3.671002e+01	4.952878e+01
4.070000e-06	5.048575e-09	7.730019e-10	3.660692e+01	4.948030e+01
4.080000e-06	5.033778e-09	7.598357e-10	3.649963e+01	4.942906e+01
4.090000e-06	5.018550e-09	7.593532e-10	3.638921e+01	4.937500e+01
4.100000e-06	5.003020e-09	7.627748e-10	3.627660e+01	4.931805e+01
4.110000e-06	4.987257e-09	7.606212e-10	3.616231e+01	4.925818e+01
4.120000e-06	4.971247e-09	7.753036e-10	3.604622e+01	4.919534e+01
4.130000e-06	4.954924e-09	7.708227e-10	3.592787e+01	4.912954e+01
4.140000e-06	4.938243e-09	7.561676e-10	3.580691e+01	4.906074e+01
4.150000e-06	4.921172e-09	7.444988e-10	3.568313e+01	4.898897e+01
4.160000e-06	4.903757e-09	7.552298e-10	3.555685e+01	4.891423e+01
4.170000e-06	4.886061e-09	7.457988e-10	3.542854e+01	4.883655e+01
4.180000e-06	4.868062e-09	7.409001e-10	3.529803e+01	4.875596e+01
4.190000e-06	4.849730e-09	7.407710e-10	3.516511e+01	4.867251e+01
4.200000e-06	4.831035e-09	7.544279e-10	3.502955e+01	4.858625e+01
4.210000e-06	4.811983e-09	7.539822e-10	3.489141e+01	4.849725e+01
4.220000e-06	4.792629e-09	7.493634e-10	3.475107e+01	4.840557e+01
4.230000e-06	4.773032e-09	7.365697e-10	3.460898e+01	4.831128e+01
4.240000e-06	4.753244e-09	7.354903e-10	3.446549e+01	4.821447e+01
4.250000e-06	4.733268e-09	7.308995e-10	3.432064e+01	4.811522e+01
4.260000e-06	4.713026e-09	7.249128e-10	3.417388e+01	4.801361e+01
4.270000e-06	4.692400e-09	7.235120e-10	3.402432e+01	4.790972e+01
4.280000e-06	4.671284e-09	7.341263e-10	3.387121e+01	4.780365e+01
4.290000e-06	4.649629e-09	7.394669e-10	3.371419e+01	4.769548e+01
4.300000e-06	4.627399e-09	7.419012e-10	3.355300e+01	4.758528e+01
4.310000e-06	4.604624e-09	7.352606e-10	3.338786e+01	4.747315e+01
4.320000e-06	4.581427e-09	7.238582e-10	3.321966e+01	4.735914e+01
4.330000e-06	4.557930e-09	7.163386e-10	3.304928e+01	4.724334e+01
4.340000e-06	4.534220e-09	7.109959e-10	3.287737e+01	4.712579e+01
4.350000e-06	4.510322e-09	7.025032e-10	3.270408e+01	4.700656e+01
4.360000e-06	4.486203e-09	7.035777e-10	3.252920e+01	4.688570e+01
4.370000e-06	4.461802e-09	7.149936e-10	3.235227e+01	4.676323e+01
4.380000e-06	4.437052e-09	7.186806e-10	3.217281e+01	4.663919e+01
4.390000e-06	4.411958e-09	7.164659e-10	3.199085e+01	4.651359e+01
4.400000e-06	4.386546e-09	7.113616e-10	3.180659e+01	4.638644e+01
4.410000e-06	4.360852e-09	7.059224e-10	3.162029e+01	4.625774e+01
4.420000e-06	4.334900e-09	6.976179e-10	3.143211e+01	4.612748e+01
4.430000e-06	4.308664e-09	6.915935e-10	3.124188e+01	4.599563e+01
4.440000e-06	4.282118e-09	6.849227e-10	3.104939e+01	4.586217e+01
4.450000e-06	4.255244e-09	6.881801e-10	3.085453e+01	4.572704e+01
4.460000e-06	4.228060e-09	6.937065e-10	3.065742e+01	4.559020e+01
4.470000e-06	4.200625e-09	6.978322e-10	3.045849e+01	4.545158e+01
4.480000e-06	4.172992e-09	6.954365e-10	3.025813e+01	4.531113e+01
4.490000e-06	4.145200e-09	6.939582e-10	3.005660e+01	4.516877e+01
4.500000e-06	4.117226e-09	6.877464e-10	2.985377e+01	4.502441e+01
4.510000e-06	4.089016e-09	6.846161e-10	2.964922e+01	4.487797e+01
4.520000e-06	4.060497e-09	6.801703e-10	2.944243e+01	4.472936e+01
4.530000e-06	4.031576e-09	6.790747e-10	2.923273e+01	4.457849e+01
4.540000e-06	4.002185e-09	6.794287e-10	2.901962e+01	4.442527e+01
4.550000e-06	3.972296e-09	6.829010e-10	2.880289e+01	4.426960e+01
4.560000e-06	3.941939e-09	6.820157e-10	2.858278e+01	4.411139e+01
4.570000e-06	3.911170e-09	6.791778e-10	2.835968e+01	4.395054e+01
4.580000e-06	3.880054e-09	6.733635e-10	2.813406e+01	4.378698e+01
4.590000e-06	3.848658e-09	6.701873e-10	2.790640e+01	4.362060e+01
4.600000e-06	3.817046e-09	6.681238e-10	2.767719e+01	4.345134e+01
4.610000e-06	3.785273e-09	6.662396e-10	2.744680e+01	4.327912e+01
4.620000e-06	3.753337e-09	6.618079e-10	2.721524e+01	4.310387e+01
4.630000e-06	3.721195e-09	6.583655e-10	2.698218e+01	4.292553e+01
4.640000e-06	3.688816e-09	6.569698e-10	2.674740e+01	4.274406e+01
4.650000e-06	3.656201e-09	6.567283e-10	2.651091e+01	4.255941e+01
4.660000e-06	3.623326e-09	6.561261e-10	2.627254e+01	4.237156e+01
4.670000e-06	3.590192e-09	6.536983e-10	2.603229e+01	4.218048e+01
4.680000e-06	3.556824e-09	6.510823e-10	2.579033e+01	4.198615e+01
4.690000e-06	3.523245e-09	6.493331e-10	2.554686e+01	4.178859e+01
4.700000e-06	3.489451e-09	6.484736e-10	2.530182e+01	4.158779e+01
4.710000e-06	3.455413e-09	6.433127e-10	2.505501e+01	4.138379e+01
4.720000e-06	3.421138e-09	6.369268e-10	2.480649e+01	4.117660e+01
4.730000e-06	3.386622e-09	6.314250e-10	2.455621e+01	4.096627e+01
4.740000e-06	3.351848e-09	6.308870e-10	2.430407e+01	4.075286e+01
4.750000e-06	3.316811e-09	6.307122e-10	2.405001e+01	4.053640e+01
4.760000e-06	3.281527e-09	6.297838e-10	2.379417e+01	4.031698e+01
4.770000e-06	3.246056e-09	6.267033e-10	2.353697e+01	4.009465e+01
4.780000e-06	3.210452e-09	6.250567e-10	2.327881e+01	3.986950e+01
4.790000e-06	3.174718e-09	6.203581e-10	2.301971e+01	3.964160e+01
4.800000e-06	3.138854e-09	6.136616e-10	2.275966e+01	3.941105e+01
4.810000e-06	3.102878e-09	6.058992e-10	2.249880e+01	3.917791e+01
4.820000e-06	3.066771e-09	6.020256e-10	2.223699e+01	3.894229e+01
4.830000e-06	3.030451e-09	5.992277e-10	2.197364e+01	3.870427e+01
4.840000e-06	2.993860e-09	5.965191e-10	2.170832e+01	3.846392e+01
4.850000e-06	2.956959e-09	5.937644e-10	2.144075e+01	3.822134e+01
4.860000e-06	2.919707e-09	5.919830e-10	2.117064e+01	3.797659e+01
4.870000e-06	2.882105e-09	5.886880e-10	2.089799e+01	3.772975e+01
4.880000e-06	2.844126e-09	5.836879e-10	2.062261e+01	3.748088e+01
4.890000e-06	2.805757e-09	5.769274e-10	2.034440e+01	3.723003e+01
4.900000e-06	2.767055e-09	5.723523e-10	2.006378e+01	3.697726e+01
4.910000e-06	2.728068e-09	5.697771e-10	1.978108e+01	3.672259e+01
4.920000e-06	2.688829e-09	5.668795e-10	1.949657e+01	3.646606e+01
4.930000e-06	2.649398e-09	5.633961e-10	1.921065e+01	3.620767e+01
4.940000e-06	2.609833e-09	5.611748e-10	1.892376e+01	3.594743e+01
4.950000e-06	2.570158e-09	5.595848e-10	1.863609e+01	3.568532e+01
4.960000e-06	2.530390e-09	5.549606e-10	1.834773e+01	3.542133e+01
4.970000e-06	2.490536e-09	5.478033e-10	1.805875e+01	3.515540e+01
4.980000e-06	2.450595e-09	5.408791e-10	1.776914e+01	3.488749e+01
4.990000e-06	2.410552e-09	5.354968e-10	1.747879e+01	3.461753e+01
5.000000e-06	2.370383e-09	5.300625e-10	1.718753e+01	3.434545e+01
5.010000e-06	2.330043e-09	5.246374e-10	1.689502e+01	3.407115e+01
5.020000e-06	2.289531e-09	5.201481e-10	1.660127e+01	3.379454e+01
5.030000e-06	2.248868e-09	5.192025e-10	1.630643e+01	3.351548e+01
5.040000e-06	2.208034e-09	5.186348e-10	1.601034e+01	3.323387e+01
5.050000e-06	2.167013e-09	5.163957e-10	1.571291e+01	3.294957e+01
5.060000e-06	2.125808e-09	5.116329e-10	1.541413e+01	3.266242e+01
5.070000e-06	2.084456e-09	5.062644e-10	1.511429e+01	3.237229e+01
5.080000e-06	2.042994e-09	5.005202e-10	1.481365e+01	3.207901e+01
5.090000e-06	2.001401e-09	4.945301e-10	1.451206e+01	3.178242e+01
5.100000e-06	1.959666e-09	4.886038e-10	1.420944e+01	3.148235e+01
5.110000e-06	1.917816e-09	4.856363e-10	1.390599e+01	3.117864e+01
5.120000e-06	1.875856e-09	4.825385e-10	1.360174e+01	3.087113e+01
5.130000e-06	1.833773e-09	4.774793e-10	1.329661e+01	3.055963e+01
5.140000e-06	1.791561e-09	4.725729e-10	1.299053e+01	3.024399e+01
5.150000e-06	1.749222e-09	4.697806e-10	1.268353e+01	2.992405e+01
5.160000e-06	1.706748e-09	4.670456e-10	1.237555e+01	2.959964e+01
5.170000e-06	1.664147e-09	4.622635e-10	1.206666e+01	2.927063e+01
5.180000e-06	1.621406e-09	4.556282e-10	1.175675e+01	2.893686e+01
5.190000e-06	1.578495e-09	4.507499e-10	1.144560e+01	2.859820e+01
5.200000e-06	1.535439e-09	4.482024e-10	1.113340e+01	2.825453e+01
5.210000e-06	1.492269e-09	4.437545e-10	1.082038e+01	2.790574e+01
5.220000e-06	1.449009e-09	4.374837e-10	1.050671e+01	2.755172e+01
5.230000e-06	1.405681e-09	4.326208e-10	1.019253e+01	2.719239e+01
5.240000e-06	1.362279e-09	4.284609e-10	9.877833e+00	2.682768e+01
5.250000e-06	1.318792e-09	4.224019e-10	9.562511e+00	2.645751e+01
5.260000e-06	1.275232e-09	4.162899e-10	9.246658e+00	2.608184e+01
5.270000e-06	1.231625e-09	4.139945e-10	8.930465e+00	2.570064e+01
5.280000e-06	1.187987e-09	4.142762e-10	8.614048e+00	2.531389e+01
5.290000e-06	1.144316e-09	4.123653e-10	8.297389e+00	2.492157e+01
5.300000e-06	1.100598e-09	4.058882e-10	7.980389e+00	2.452369e+01
5.310000e-06	1.056840e-09	3.965884e-10	7.663106e+00	2.412028e+01
5.320000e-06	1.013041e-09	3.862681e-10	7.345518e+00	2.371135e+01
5.330000e-06	9.692020e-10	3.762239e-10	7.027646e+00	2.329696e+01
5.340000e-06	9.253260e-10	3.687824e-10	6.709503e+00	2.287714e+01
5.350000e-06	8.814144e-10	3.650520e-10	6.391102e+00	2.245197e+01
5.360000e-06	8.374849e-10	3.643140e-10	6.072572e+00	2.202150e+01
5.370000e-06	7.935360e-10	3.630887e-10	5.753900e+00	2.158581e+01
5.380000e-06	7.495545e-10	3.589433e-10	5.434993e+00	2.114498e+01
5.390000e-06	7.055251e-10	3.506122e-10	5.115738e+00	2.069909e+01
5.400000e-06	6.614585e-10	3.388862e-10	4.796214e+00	2.024823e+01
5.410000e-06	6.173547e-10	3.257652e-10	4.476420e+00	1.979249e+01
5.420000e-06	5.732022e-10	3.153461e-10	4.156272e+00	1.933194e+01
5.430000e-06	5.290278e-10	3.096607e-10	3.835967e+00	1.886667e+01
5.440000e-06	4.848378e-10	3.071493e-10	3.515548e+00	1.839677e+01
5.450000e-06	4.406322e-10	3.051116e-10	3.195015e+00	1.792231e+01
5.460000e-06	3.964133e-10	3.015677e-10	2.874386e+00	1.744335e+01
5.470000e-06	3.521610e-10	2.940274e-10	2.553516e+00	1.695997e+01
5.480000e-06	3.078738e-10	2.824422e-10	2.232392e+00	1.647221e+01
5.490000e-06	2.635657e-10	2.685841e-10	1.911117e+00	1.598012e+01
5.500000e-06	2.192418e-10	2.552952e-10	1.589727e+00	1.548375e+01
5.510000e-06	1.749036e-10	2.457499e-10	1.268233e+00	1.498311e+01
5.520000e-06	1.305642e-10	2.404229e-10	9.467314e-01	1.447821e+01
5.530000e-06	8.623966e-11	2.367377e-10	6.253374e-01	1.396907e+01
5.540000e-06	4.193372e-11	2.324321e-10	3.040781e-01	1.345567e+01
5.550000e-06	-2.374257e-12	2.252919e-10	-1.719630e-02	1.293800e+01
5.560000e-06	-4.671711e-11	2.149947e-10	-3.387239e-01	1.241602e+01
5.570000e-06	-9.105596e-11	2.031938e-10	-6.602224e-01	1.188969e+01
5.580000e-06	-1.353793e-10	1.911439e-10	-9.816084e-01	1.135896e+01
5.590000e-06	-1.797172e-10	1.808558e-10	-1.303099e+00	1.082377e+01
5.600000e-06	-2.240437e-10	1.732881e-10	-1.624508e+00	1.028405e+01
5.610000e-06	-2.683413e-10	1.678669e-10	-1.945707e+00	9.739711e+00
5.620000e-06	-3.126065e-10	1.619190e-10	-2.266671e+00	9.190679e+00
5.630000e-06	-3.568554e-10	1.530247e-10	-2.587517e+00	8.636861e+00
5.640000e-06	-4.010857e-10	1.421509e-10	-2.908228e+00	8.078164e+00
5.650000e-06	-4.452718e-10	1.295714e-10	-3.228618e+00	7.514494e+00
5.660000e-06	-4.894261e-10	1.167031e-10	-3.548779e+00	6.945756e+00
5.670000e-06	-5.335489e-10	1.071364e-10	-3.868711e+00	6.371856e+00
5.680000e-06	-5.776245e-10	9.899326e-11	-4.188301e+00	5.792703e+00
5.690000e-06	-6.216782e-10	8.987832e-11	-4.507732e+00	5.208215e+00
5.700000e-06	-6.657140e-10	7.846559e-11	-4.827034e+00	4.618314e+00
5.710000e-06	-7.097219e-10	6.692711e-11	-5.146132e+00	4.022932e+00
5.720000e-06	-7.536977e-10	5.517418e-11	-5.464998e+00	3.422014e+00
5.730000e-06	-7.976333e-10	4.455513e-11	-5.783573e+00	2.815517e+00
5.740000e-06	-8.415254e-10	3.624833e-11	-6.101833e+00	2.203413e+00
5.750000e-06	-8.853879e-10	2.967879e-11	-6.419878e+00	1.585690e+00
5.760000e-06	-9.292338e-10	2.305474e-11	-6.737803e+00	9.623584e-01
5.770000e-06	-9.730492e-10	1.347224e-11	-7.055506e+00	3.334444e-01
5.780000e-06	-1.016825e-09	6.959562e-13	-7.372925e+00	-3.010018e-01
5.790000e-06	-1.060562e-09	-1.375566e-11	-7.690059e+00	-9.409078e-01
5.800000e-06	-1.104266e-09	-2.709284e-11	-8.006950e+00	-1.586177e+00
5.810000e-06	-1.147935e-09	-3.871975e-11	-8.323599e+00	-2.236688e+00
5.820000e-06	-1.191563e-09	-4.804456e-11	-8.639943e+00	-2.892294e+00
5.830000e-06	-1.235127e-09	-5.580459e-11	-8.955823e+00	-3.552821e+00
5.840000e-06	-1.278634e-09	-6.339151e-11	-9.271287e+00	-4.218070e+00
5.850000e-06	-1.322091e-09	-7.228968e-11	-9.586394e+00	-4.887814e+00
5.860000e-06	-1.365483e-09	-8.370339e-11	-9.901024e+00	-5.561799e+00
5.870000e-06	-1.408795e-09	-9.751844e-11	-1.021508e+01	-6.239746e+00
5.880000e-06	-1.452012e-09	-1.117836e-10	-1.052844e+01	-6.921350e+00
5.890000e-06	-1.495110e-09	-1.249213e-10	-1.084094e+01	-7.606281e+00
5.900000e-06	-1.538087e-09	-1.357740e-10	-1.115257e+01	-8.294184e+00
5.910000e-06	-1.580939e-09	-1.464258e-10	-1.146329e+01	-8.984683e+00
5.920000e-06	-1.623656e-09	-1.569019e-10	-1.177302e+01	-9.677378e+00
5.930000e-06	-1.666223e-09	-1.671914e-10	-1.208167e+01	-1.037185e+01
5.940000e-06	-1.708659e-09	-1.781485e-10	-1.238937e+01	-1.106767e+01
5.950000e-06	-1.750989e-09	-1.912229e-10	-1.269631e+01	-1.176437e+01
5.960000e-06	-1.793198e-09	-2.047661e-10	-1.300236e+01	-1.246149e+01
5.970000e-06	-1.835274e-09	-2.167820e-10	-1.330745e+01	-1.315856e+01
5.980000e-06	-1.877240e-09	-2.286240e-10	-1.361174e+01	-1.385508e+01
5.990000e-06	-1.919097e-09	-2.408777e-10	-1.391524e+01	-1.455055e+01
6.000000e-06	-1.960836e-09	-2.517296e-10	-1.421789e+01	-1.524448e+01
6.010000e-06	-2.002461e-09	-2.605239e-10	-1.451971e+01	-1.593636e+01
6.020000e-06	-2.043964e-09	-2.681177e-10	-1.482065e+01	-1.662568e+01
6.030000e-06	-2.085339e-09	-2.755976e-10	-1.512066e+01	-1.731194e+01
6.040000e-06	-2.126538e-09	-2.849794e-10	-1.541939e+01	-1.799464e+01
6.050000e-06	-2.167556e-09	-2.951296e-10	-1.571681e+01	-1.867329e+01
6.060000e-06	-2.208404e-09	-3.059540e-10	-1.601299e+01	-1.934742e+01
6.070000e-06	-2.249056e-09	-3.188900e-10	-1.630775e+01	-2.001654e+01
6.080000e-06	-2.289522e-09	-3.332453e-10	-1.660117e+01	-2.068021e+01
6.090000e-06	-2.329824e-09	-3.460507e-10	-1.689340e+01	-2.133798e+01
6.100000e-06	-2.369968e-09	-3.539188e-10	-1.718448e+01	-2.198943e+01
6.110000e-06	-2.409991e-09	-3.602422e-10	-1.747469e+01	-2.263416e+01
6.120000e-06	-2.449918e-09	-3.667717e-10	-1.776420e+01	-2.327179e+01
6.130000e-06	-2.489753e-09	-3.739833e-10	-1.805304e+01	-2.390195e+01
6.140000e-06	-2.529503e-09	-3.835961e-10	-1.834126e+01	-2.452432e+01
6.150000e-06	-2.569171e-09	-3.968470e-10	-1.862890e+01	-2.513858e+01
6.160000e-06	-2.608741e-09	-4.141182e-10	-1.891581e+01	-2.574444e+01
6.170000e-06	-2.648192e-09	-4.294569e-10	-1.920187e+01	-2.634166e+01
6.180000e-06	-2.687482e-09	-4.383365e-10	-1.948676e+01	-2.692999e+01
6.190000e-06	-2.726557e-09	-4.428990e-10	-1.977009e+01	-2.750923e+01
6.200000e-06	-2.765388e-09	-4.481604e-10	-2.005165e+01	-2.807921e+01
6.210000e-06	-2.803935e-09	-4.549442e-10	-2.033115e+01	-2.863977e+01
6.220000e-06	-2.842149e-09	-4.628265e-10	-2.060824e+01	-2.919079e+01
6.230000e-06	-2.879997e-09	-4.732680e-10	-2.088267e+01	-2.973218e+01
6.240000e-06	-2.917475e-09	-4.861980e-10	-2.115442e+01	-3.026386e+01
6.250000e-06	-2.954597e-09	-5.006237e-10	-2.142359e+01	-3.078578e+01
6.260000e-06	-2.991400e-09	-5.133802e-10	-2.169045e+01	-3.129792e+01
6.270000e-06	-3.027915e-09	-5.225347e-10	-2.195521e+01	-3.180028e+01
6.280000e-06	-3.064181e-09	-5.296912e-10	-2.221817e+01	-3.229288e+01
6.290000e-06	-3.100248e-09	-5.351705e-10	-2.247969e+01	-3.277575e+01
6.300000e-06	-3.136160e-09	-5.402494e-10	-2.274010e+01	-3.324896e+01
6.310000e-06	-3.171953e-09	-5.468013e-10	-2.299963e+01	-3.371257e+01
6.320000e-06	-3.207635e-09	-5.559407e-10	-2.325836e+01	-3.416668e+01
6.330000e-06	-3.243184e-09	-5.665538e-10	-2.351612e+01	-3.461140e+01
6.340000e-06	-3.278572e-09	-5.771165e-10	-2.377272e+01	-3.504684e+01
6.350000e-06	-3.313726e-09	-5.851589e-10	-2.402761e+01	-3.547311e+01
6.360000e-06	-3.348621e-09	-5.917776e-10	-2.428064e+01	-3.589037e+01
6.370000e-06	-3.383258e-09	-5.977948e-10	-2.453178e+01	-3.629875e+01
6.380000e-06	-3.417640e-09	-6.030828e-10	-2.478108e+01	-3.669840e+01
6.390000e-06	-3.451792e-09	-6.068670e-10	-2.502872e+01	-3.708947e+01
6.400000e-06	-3.485711e-09	-6.096527e-10	-2.527467e+01	-3.747211e+01
6.410000e-06	-3.519409e-09	-6.142709e-10	-2.551901e+01	-3.784649e+01
6.420000e-06	-3.552880e-09	-6.217490e-10	-2.576171e+01	-3.821275e+01
6.430000e-06	-3.586100e-09	-6.295392e-10	-2.600258e+01	-3.857106e+01
6.440000e-06	-3.619042e-09	-6.368461e-10	-2.624144e+01	-3.892157e+01
6.450000e-06	-3.651694e-09	-6.433088e-10	-2.647820e+01	-3.926443e+01
6.460000e-06	-3.684066e-09	-6.476196e-10	-2.671293e+01	-3.959978e+01
6.470000e-06	-3.716207e-09	-6.491784e-10	-2.694598e+01	-3.992778e+01
6.480000e-06	-3.748171e-09	-6.486918e-10	-2.717775e+01	-4.024855e+01
6.490000e-06	-3.779976e-09	-6.481287e-10	-2.740837e+01	-4.056223e+01
6.500000e-06	-3.811619e-09	-6.501895e-10	-2.763780e+01	-4.086895e+01
6.510000e-06	-3.843078e-09	-6.564268e-10	-2.786591e+01	-4.116883e+01
6.520000e-06	-3.874288e-09	-6.646444e-10	-2.809222e+01	-4.146199e+01
6.530000e-06	-3.905163e-09	-6.712975e-10	-2.831609e+01	-4.174853e+01
6.540000e-06	-3.935619e-09	-6.758192e-10	-2.853692e+01	-4.202857e+01
6.550000e-06	-3.965610e-09	-6.794506e-10	-2.875439e+01	-4.230220e+01
6.560000e-06	-3.995138e-09	-6.816305e-10	-2.896850e+01	-4.256951e+01
6.570000e-06	-4.024206e-09	-6.822711e-10	-2.917926e+01	-4.283061e+01
6.580000e-06	-4.052857e-09	-6.826715e-10	-2.938701e+01	-4.308556e+01
6.590000e-06	-4.081175e-09	-6.854162e-10	-2.959234e+01	-4.333445e+01
6.600000e-06	-4.109234e-09	-6.908432e-10	-2.979580e+01	-4.357737e+01
6.610000e-06	-4.137106e-09	-6.974290e-10	-2.999790e+01	-4.381439e+01
6.620000e-06	-4.164819e-09	-7.034143e-10	-3.019884e+01	-4.404559e+01
6.630000e-06	-4.192354e-09	-7.083493e-10	-3.039849e+01	-4.427103e+01
6.640000e-06	-4.219645e-09	-7.118579e-10	-3.059638e+01	-4.449079e+01
6.650000e-06	-4.246653e-09	-7.146551e-10	-3.079221e+01	-4.470494e+01
6.660000e-06	-4.273349e-09	-7.165475e-10	-3.098579e+01	-4.491356e+01
6.670000e-06	-4.299705e-09	-7.189007e-10	-3.117689e+01	-4.511672e+01
6.680000e-06	-4.325750e-09	-7.222402e-10	-3.136574e+01	-4.531449e+01
6.690000e-06	-4.351508e-09	-7.253934e-10	-3.155251e+01	-4.550694e+01
6.700000e-06	-4.376985e-09	-7.286603e-10	-3.173724e+01	-4.569417e+01
6.710000e-06	-4.402154e-09	-7.308797e-10	-3.191974e+01	-4.587624e+01
6.720000e-06	-4.426967e-09	-7.318365e-10	-3.209966e+01	-4.605324e+01
6.730000e-06	-4.451447e-09	-7.335406e-10	-3.227716e+01	-4.622526e+01
6.740000e-06	-4.475657e-09	-7.353401e-10	-3.245270e+01	-4.639238e+01
6.750000e-06	-4.499639e-09	-7.371431e-10	-3.262660e+01	-4.655470e+01
6.760000e-06	-4.523439e-09	-7.414526e-10	-3.279917e+01	-4.671231e+01
6.770000e-06	-4.547048e-09	-7.477111e-10	-3.297036e+01	-4.686530e+01
6.780000e-06	-4.570409e-09	-7.533920e-10	-3.313975e+01	-4.701378e+01
6.790000e-06	-4.593437e-09	-7.558020e-10	-3.330672e+01	-4.715784e+01
6.800000e-06	-4.616057e-09	-7.560730e-10	-3.347074e+01	-4.729759e+01
6.810000e-06	-4.638193e-09	-7.575001e-10	-3.363124e+01	-4.743313e+01
6.820000e-06	-4.659774e-09	-7.602033e-10	-3.378773e+01	-4.756456e+01
6.830000e-06	-4.680820e-09	-7.624966e-10	-3.394033e+01	-4.769199e+01
6.840000e-06	-4.701400e-09	-7.646294e-10	-3.408955e+01	-4.781552e+01
6.850000e-06	-4.721600e-09	-7.679457e-10	-3.423603e+01	-4.793526e+01
6.860000e-06	-4.741548e-09	-7.722421e-10	-3.438066e+01	-4.805129e+01
6.870000e-06	-4.761316e-09	-7.750276e-10	-3.452400e+01	-4.816374e+01
6.880000e-06	-4.780878e-09	-7.741312e-10	-3.466584e+01	-4.827268e+01
6.890000e-06	-4.800157e-09	-7.727933e-10	-3.480564e+01	-4.837822e+01
6.900000e-06	-4.819101e-09	-7.739267e-10	-3.494300e+01	-4.848045e+01
6.910000e-06	-4.837691e-09	-7.765406e-10	-3.507779e+01	-4.857945e+01
6.920000e-06	-4.855935e-09	-7.786281e-10	-3.521008e+01	-4.867530e+01
6.930000e-06	-4.873875e-09	-7.813535e-10	-3.534016e+01	-4.876808e+01
6.940000e-06	-4.891546e-09	-7.857158e-10	-3.546829e+01	-4.885787e+01
6.950000e-06	-4.908901e-09	-7.894554e-10	-3.559413e+01	-4.894473e+01
6.960000e-06	-4.925908e-09	-7.895162e-10	-3.571745e+01	-4.902871e+01
6.970000e-06	-4.942560e-09	-7.878543e-10	-3.583820e+01	-4.910988e+01
6.980000e-06	-4.958866e-09	-7.865833e-10	-3.595642e+01	-4.918829e+01
6.990000e-06	-4.974906e-09	-7.868358e-10	-3.607273e+01	-4.926397e+01
7.000000e-06	-4.990732e-09	-7.886577e-10	-3.618749e+01	-4.933696e+01
7.010000e-06	-5.006336e-09	-7.903911e-10	-3.630063e+01	-4.940730e+01
7.020000e-06	-5.021592e-09	-7.943336e-10	-3.641125e+01	-4.947501e+01
7.030000e-06	-5.036328e-09	-8.000867e-10	-3.651810e+01	-4.954012e+01
7.040000e-06	-5.050473e-09	-8.037017e-10	-3.662067e+01	-4.960264e+01
7.050000e-06	-5.064002e-09	-8.024892e-10	-3.671876e+01	-4.966258e+01
7.060000e-06	-5.076964e-09	-7.977136e-10	-3.681275e+01	-4.971995e+01
7.070000e-06	-5.089466e-09	-7.930028e-10	-3.690340e+01	-4.977476e+01
7.080000e-06	-5.101590e-09	-7.910992e-10	-3.699131e+01	-4.982702e+01
7.090000e-06	-5.113372e-09	-7.927732e-10	-3.707674e+01	-4.987672e+01
7.100000e-06	-5.124831e-09	-7.964004e-10	-3.715983e+01	-4.992387e+01
7.110000e-06	-5.135943e-09	-8.005993e-10	-3.724041e+01	-4.996846e+01
7.120000e-06	-5.146647e-09	-8.041934e-10	-3.731802e+01	-5.001051e+01
7.130000e-06	-5.156953e-09	-8.049775e-10	-3.739275e+01	-5.005001e+01
7.140000e-06	-5.166934e-09	-8.031635e-10	-3.746512e+01	-5.008697e+01
7.150000e-06	-5.176610e-09	-7.993430e-10	-3.753528e+01	-5.012139e+01
7.160000e-06	-5.185945e-09	-7.972966e-10	-3.760297e+01	-5.015329e+01
7.170000e-06	-5.194898e-09	-7.980013e-10	-3.766788e+01	-5.018268e+01
7.180000e-06	-5.203444e-09	-7.999122e-10	-3.772985e+01	-5.020958e+01
7.190000e-06	-5.211644e-09	-8.017899e-10	-3.778930e+01	-5.023402e+01
7.200000e-06	-5.219603e-09	-8.032068e-10	-3.784702e+01	-5.025602e+01
7.210000e-06	-5.227368e-09	-8.037897e-10	-3.790332e+01	-5.027563e+01
7.220000e-06	-5.234907e-09	-8.028549e-10	-3.795798e+01	-5.029288e+01
7.230000e-06	-5.242131e-09	-8.018086e-10	-3.801037e+01	-5.030782e+01
7.240000e-06	-5.248924e-09	-8.010556e-10	-3.805962e+01	-5.032051e+01
7.250000e-06	-5.255145e-09	-7.998991e-10	-3.810473e+01	-5.033100e+01
7.260000e-06	-5.260738e-09	-7.988619e-10	-3.814529e+01	-5.033938e+01
7.270000e-06	-5.265764e-09	-7.988306e-10	-3.818173e+01	-5.034570e+01
7.280000e-06	-5.270293e-09	-7.993354e-10	-3.821457e+01	-5.035006e+01
7.290000e-06	-5.274445e-09	-7.989946e-10	-3.824467e+01	-5.035253e+01
7.300000e-06	-5.278351e-09	-7.979652e-10	-3.827300e+01	-5.035322e+01
7.310000e-06	-5.282048e-09	-7.978982e-10	-3.829980e+01	-5.035221e+01
7.320000e-06	-5.285471e-09	-7.985070e-10	-3.832462e+01	-5.034960e+01
7.330000e-06	-5.288541e-09	-7.983252e-10	-3.834689e+01	-5.034550e+01
7.340000e-06	-5.291221e-09	-7.977275e-10	-3.836631e+01	-5.034001e+01
7.350000e-06	-5.293527e-09	-7.973879e-10	-3.838304e+01	-5.033323e+01
7.360000e-06	-5.295525e-09	-7.967569e-10	-3.839752e+01	-5.032529e+01
7.370000e-06	-5.297238e-09	-7.950064e-10	-3.840994e+01	-5.031627e+01
7.380000e-06	-5.298596e-09	-7.926730e-10	-3.841979e+01	-5.030630e+01
7.390000e-06	-5.299493e-09	-7.922388e-10	-3.842629e+01	-5.029546e+01
7.400000e-06	-5.299985e-09	-7.936692e-10	-3.842987e+01	-5.028387e+01
