# Temperatura_=_0.6962989840348331
# Concentracion g/m^3_=_2000.0
# C_Vs_to_Am_M_A/Vsm_=_65563218390.804596
# pendiente_HvsI_1/m_=_3716.3
# ordenada_HvsI_A/m_=_1297.0
# frecuencia_Hz_=_135020.35050897207
# Promedio de 1378 ciclos

Tiempo_(s)	Campo_(V.s)	Magnetizacion_(V.s)	Campo_(kA/m)	Magnetizacion_(A/m)
0.000000e+00	-5.264792e-09	-1.438510e-09	-3.842661e+01	-9.422267e+01
1.000000e-08	-5.264893e-09	-1.434914e-09	-3.842734e+01	-9.416690e+01
2.000000e-08	-5.264787e-09	-1.431787e-09	-3.842657e+01	-9.410906e+01
3.000000e-08	-5.264422e-09	-1.430400e-09	-3.842390e+01	-9.404941e+01
4.000000e-08	-5.263697e-09	-1.430992e-09	-3.841861e+01	-9.398825e+01
5.000000e-08	-5.262506e-09	-1.432767e-09	-3.840992e+01	-9.392584e+01
6.000000e-08	-5.260765e-09	-1.433059e-09	-3.839721e+01	-9.386243e+01
7.000000e-08	-5.258427e-09	-1.436458e-09	-3.838015e+01	-9.379825e+01
8.000000e-08	-5.255486e-09	-1.451890e-09	-3.835868e+01	-9.373351e+01
9.000000e-08	-5.251997e-09	-1.454078e-09	-3.833321e+01	-9.366841e+01
1.000000e-07	-5.248078e-09	-1.405932e-09	-3.830461e+01	-9.360311e+01
1.100000e-07	-5.243896e-09	-1.384864e-09	-3.827409e+01	-9.353775e+01
1.200000e-07	-5.239549e-09	-1.437651e-09	-3.824236e+01	-9.347243e+01
1.300000e-07	-5.234965e-09	-1.465296e-09	-3.820890e+01	-9.340723e+01
1.400000e-07	-5.229995e-09	-1.409449e-09	-3.817263e+01	-9.334221e+01
1.500000e-07	-5.224611e-09	-1.374294e-09	-3.813333e+01	-9.327736e+01
1.600000e-07	-5.218877e-09	-1.441516e-09	-3.809148e+01	-9.321269e+01
1.700000e-07	-5.212791e-09	-1.469576e-09	-3.804706e+01	-9.314812e+01
1.800000e-07	-5.206307e-09	-1.395062e-09	-3.799974e+01	-9.308357e+01
1.900000e-07	-5.199452e-09	-1.357052e-09	-3.794970e+01	-9.301892e+01
2.000000e-07	-5.192307e-09	-1.421143e-09	-3.789755e+01	-9.295402e+01
2.100000e-07	-5.184893e-09	-1.441869e-09	-3.784344e+01	-9.288868e+01
2.200000e-07	-5.177197e-09	-1.388153e-09	-3.778726e+01	-9.282267e+01
2.300000e-07	-5.169236e-09	-1.393399e-09	-3.772916e+01	-9.275577e+01
2.400000e-07	-5.160977e-09	-1.448390e-09	-3.766888e+01	-9.268768e+01
2.500000e-07	-5.152252e-09	-1.423420e-09	-3.760520e+01	-9.261812e+01
2.600000e-07	-5.142933e-09	-1.370405e-09	-3.753718e+01	-9.254675e+01
2.700000e-07	-5.133055e-09	-1.411080e-09	-3.746508e+01	-9.247324e+01
2.800000e-07	-5.122678e-09	-1.451824e-09	-3.738934e+01	-9.239722e+01
2.900000e-07	-5.111810e-09	-1.400545e-09	-3.731002e+01	-9.231831e+01
3.000000e-07	-5.100465e-09	-1.380968e-09	-3.722722e+01	-9.223614e+01
3.100000e-07	-5.088704e-09	-1.446595e-09	-3.714138e+01	-9.215030e+01
3.200000e-07	-5.076582e-09	-1.451592e-09	-3.705290e+01	-9.206039e+01
3.300000e-07	-5.064112e-09	-1.389974e-09	-3.696188e+01	-9.196600e+01
3.400000e-07	-5.051265e-09	-1.392064e-09	-3.686812e+01	-9.186675e+01
3.500000e-07	-5.038024e-09	-1.432634e-09	-3.677147e+01	-9.176222e+01
3.600000e-07	-5.024413e-09	-1.418044e-09	-3.667213e+01	-9.165204e+01
3.700000e-07	-5.010450e-09	-1.400750e-09	-3.657022e+01	-9.153583e+01
3.800000e-07	-4.996064e-09	-1.411842e-09	-3.646521e+01	-9.141322e+01
3.900000e-07	-4.981153e-09	-1.402455e-09	-3.635639e+01	-9.128388e+01
4.000000e-07	-4.965701e-09	-1.391667e-09	-3.624360e+01	-9.114748e+01
4.100000e-07	-4.949755e-09	-1.412636e-09	-3.612722e+01	-9.100373e+01
4.200000e-07	-4.933376e-09	-1.402024e-09	-3.600767e+01	-9.085234e+01
4.300000e-07	-4.916628e-09	-1.368766e-09	-3.588544e+01	-9.069309e+01
4.400000e-07	-4.899584e-09	-1.384723e-09	-3.576103e+01	-9.052575e+01
4.500000e-07	-4.882275e-09	-1.411754e-09	-3.563470e+01	-9.035014e+01
4.600000e-07	-4.864689e-09	-1.383687e-09	-3.550634e+01	-9.016611e+01
4.700000e-07	-4.846789e-09	-1.357076e-09	-3.537569e+01	-8.997355e+01
4.800000e-07	-4.828527e-09	-1.371499e-09	-3.524240e+01	-8.977237e+01
4.900000e-07	-4.809865e-09	-1.380282e-09	-3.510619e+01	-8.956254e+01
5.000000e-07	-4.790811e-09	-1.367152e-09	-3.496712e+01	-8.934403e+01
5.100000e-07	-4.771409e-09	-1.356271e-09	-3.482551e+01	-8.911687e+01
5.200000e-07	-4.751728e-09	-1.350974e-09	-3.468186e+01	-8.888112e+01
5.300000e-07	-4.731832e-09	-1.355501e-09	-3.453664e+01	-8.863687e+01
5.400000e-07	-4.711734e-09	-1.361930e-09	-3.438995e+01	-8.838424e+01
5.500000e-07	-4.691386e-09	-1.345143e-09	-3.424144e+01	-8.812338e+01
5.600000e-07	-4.670728e-09	-1.324178e-09	-3.409065e+01	-8.785446e+01
5.700000e-07	-4.649733e-09	-1.331080e-09	-3.393742e+01	-8.757770e+01
5.800000e-07	-4.628419e-09	-1.341650e-09	-3.378185e+01	-8.729332e+01
5.900000e-07	-4.606804e-09	-1.326750e-09	-3.362409e+01	-8.700156e+01
6.000000e-07	-4.584894e-09	-1.307895e-09	-3.346417e+01	-8.670269e+01
6.100000e-07	-4.562680e-09	-1.306440e-09	-3.330204e+01	-8.639700e+01
6.200000e-07	-4.540142e-09	-1.314691e-09	-3.313754e+01	-8.608477e+01
6.300000e-07	-4.517263e-09	-1.311415e-09	-3.297055e+01	-8.576630e+01
6.400000e-07	-4.494048e-09	-1.293470e-09	-3.280111e+01	-8.544190e+01
6.500000e-07	-4.470532e-09	-1.281189e-09	-3.262947e+01	-8.511188e+01
6.600000e-07	-4.446773e-09	-1.287620e-09	-3.245605e+01	-8.477654e+01
6.700000e-07	-4.422812e-09	-1.288383e-09	-3.228117e+01	-8.443618e+01
6.800000e-07	-4.398633e-09	-1.270648e-09	-3.210469e+01	-8.409110e+01
6.900000e-07	-4.374175e-09	-1.255335e-09	-3.192617e+01	-8.374158e+01
7.000000e-07	-4.349379e-09	-1.257467e-09	-3.174519e+01	-8.338789e+01
7.100000e-07	-4.324183e-09	-1.260609e-09	-3.156130e+01	-8.303029e+01
7.200000e-07	-4.298528e-09	-1.249710e-09	-3.137405e+01	-8.266900e+01
7.300000e-07	-4.272387e-09	-1.232403e-09	-3.118325e+01	-8.230425e+01
7.400000e-07	-4.245768e-09	-1.228166e-09	-3.098897e+01	-8.193623e+01
7.500000e-07	-4.218717e-09	-1.232439e-09	-3.079153e+01	-8.156511e+01
7.600000e-07	-4.191313e-09	-1.225610e-09	-3.059151e+01	-8.119102e+01
7.700000e-07	-4.163637e-09	-1.207974e-09	-3.038951e+01	-8.081408e+01
7.800000e-07	-4.135757e-09	-1.199825e-09	-3.018602e+01	-8.043439e+01
7.900000e-07	-4.107700e-09	-1.202940e-09	-2.998124e+01	-8.005199e+01
8.000000e-07	-4.079442e-09	-1.201219e-09	-2.977499e+01	-7.966692e+01
8.100000e-07	-4.050927e-09	-1.188292e-09	-2.956686e+01	-7.927918e+01
8.200000e-07	-4.022119e-09	-1.175312e-09	-2.935660e+01	-7.888874e+01
8.300000e-07	-3.993008e-09	-1.172090e-09	-2.914413e+01	-7.849556e+01
8.400000e-07	-3.963608e-09	-1.171441e-09	-2.892954e+01	-7.809954e+01
8.500000e-07	-3.933938e-09	-1.162318e-09	-2.871298e+01	-7.770059e+01
8.600000e-07	-3.904024e-09	-1.149769e-09	-2.849465e+01	-7.729858e+01
8.700000e-07	-3.873886e-09	-1.146037e-09	-2.827468e+01	-7.689336e+01
8.800000e-07	-3.843516e-09	-1.147771e-09	-2.805301e+01	-7.648475e+01
8.900000e-07	-3.812880e-09	-1.143442e-09	-2.782941e+01	-7.607257e+01
9.000000e-07	-3.781955e-09	-1.131964e-09	-2.760369e+01	-7.565662e+01
9.100000e-07	-3.750754e-09	-1.123034e-09	-2.737596e+01	-7.523667e+01
9.200000e-07	-3.719321e-09	-1.118825e-09	-2.714654e+01	-7.481251e+01
9.300000e-07	-3.687686e-09	-1.112408e-09	-2.691564e+01	-7.438390e+01
9.400000e-07	-3.655875e-09	-1.099979e-09	-2.668346e+01	-7.395060e+01
9.500000e-07	-3.623904e-09	-1.089600e-09	-2.645011e+01	-7.351238e+01
9.600000e-07	-3.591761e-09	-1.085688e-09	-2.621550e+01	-7.306897e+01
9.700000e-07	-3.559407e-09	-1.083006e-09	-2.597936e+01	-7.262016e+01
9.800000e-07	-3.526784e-09	-1.075823e-09	-2.574125e+01	-7.216571e+01
9.900000e-07	-3.493849e-09	-1.065737e-09	-2.550086e+01	-7.170539e+01
1.000000e-06	-3.460578e-09	-1.057282e-09	-2.525803e+01	-7.123898e+01
1.010000e-06	-3.426940e-09	-1.049631e-09	-2.501251e+01	-7.076629e+01
1.020000e-06	-3.392907e-09	-1.037804e-09	-2.476411e+01	-7.028712e+01
1.030000e-06	-3.358469e-09	-1.023582e-09	-2.451276e+01	-6.980130e+01
1.040000e-06	-3.323647e-09	-1.012681e-09	-2.425861e+01	-6.930866e+01
1.050000e-06	-3.288489e-09	-1.006857e-09	-2.400199e+01	-6.880908e+01
1.060000e-06	-3.253055e-09	-1.001997e-09	-2.374336e+01	-6.830242e+01
1.070000e-06	-3.217402e-09	-9.951937e-10	-2.348314e+01	-6.778858e+01
1.080000e-06	-3.181584e-09	-9.866742e-10	-2.322172e+01	-6.726749e+01
1.090000e-06	-3.145633e-09	-9.789078e-10	-2.295931e+01	-6.673907e+01
1.100000e-06	-3.109553e-09	-9.707167e-10	-2.269598e+01	-6.620328e+01
1.110000e-06	-3.073332e-09	-9.590007e-10	-2.243160e+01	-6.566010e+01
1.120000e-06	-3.036943e-09	-9.450714e-10	-2.216601e+01	-6.510951e+01
1.130000e-06	-3.000368e-09	-9.341107e-10	-2.189906e+01	-6.455153e+01
1.140000e-06	-2.963590e-09	-9.268832e-10	-2.163062e+01	-6.398617e+01
1.150000e-06	-2.926592e-09	-9.195909e-10	-2.136058e+01	-6.341348e+01
1.160000e-06	-2.889371e-09	-9.106148e-10	-2.108891e+01	-6.283349e+01
1.170000e-06	-2.851938e-09	-9.014409e-10	-2.081570e+01	-6.224627e+01
1.180000e-06	-2.814306e-09	-8.927014e-10	-2.054103e+01	-6.165187e+01
1.190000e-06	-2.776478e-09	-8.824594e-10	-2.026493e+01	-6.105037e+01
1.200000e-06	-2.738453e-09	-8.703537e-10	-1.998739e+01	-6.044184e+01
1.210000e-06	-2.700230e-09	-8.577293e-10	-1.970841e+01	-5.982635e+01
1.220000e-06	-2.661814e-09	-8.455293e-10	-1.942802e+01	-5.920397e+01
1.230000e-06	-2.623213e-09	-8.345370e-10	-1.914628e+01	-5.857475e+01
1.240000e-06	-2.584418e-09	-8.252026e-10	-1.886313e+01	-5.793876e+01
1.250000e-06	-2.545427e-09	-8.163553e-10	-1.857853e+01	-5.729603e+01
1.260000e-06	-2.506261e-09	-8.081180e-10	-1.829267e+01	-5.664659e+01
1.270000e-06	-2.466937e-09	-8.001399e-10	-1.800566e+01	-5.599047e+01
1.280000e-06	-2.427464e-09	-7.899308e-10	-1.771755e+01	-5.532765e+01
1.290000e-06	-2.387852e-09	-7.760443e-10	-1.742843e+01	-5.465812e+01
1.300000e-06	-2.348118e-09	-7.615683e-10	-1.713842e+01	-5.398182e+01
1.310000e-06	-2.308287e-09	-7.491250e-10	-1.684770e+01	-5.329869e+01
1.320000e-06	-2.268361e-09	-7.378977e-10	-1.655629e+01	-5.260864e+01
1.330000e-06	-2.228336e-09	-7.260502e-10	-1.626415e+01	-5.191155e+01
1.340000e-06	-2.188208e-09	-7.142824e-10	-1.597126e+01	-5.120727e+01
1.350000e-06	-2.147969e-09	-7.036999e-10	-1.567756e+01	-5.049563e+01
1.360000e-06	-2.107598e-09	-6.947830e-10	-1.538291e+01	-4.977642e+01
1.370000e-06	-2.067071e-09	-6.860152e-10	-1.508711e+01	-4.904942e+01
1.380000e-06	-2.026378e-09	-6.749548e-10	-1.479010e+01	-4.831437e+01
1.390000e-06	-1.985520e-09	-6.610429e-10	-1.449189e+01	-4.757100e+01
1.400000e-06	-1.944487e-09	-6.461805e-10	-1.419240e+01	-4.681900e+01
1.410000e-06	-1.903257e-09	-6.309455e-10	-1.389147e+01	-4.605803e+01
1.420000e-06	-1.861811e-09	-6.141281e-10	-1.358897e+01	-4.528775e+01
1.430000e-06	-1.820149e-09	-5.978724e-10	-1.328489e+01	-4.450778e+01
1.440000e-06	-1.778271e-09	-5.857475e-10	-1.297923e+01	-4.371774e+01
1.450000e-06	-1.736171e-09	-5.773660e-10	-1.267196e+01	-4.291723e+01
1.460000e-06	-1.693841e-09	-5.691872e-10	-1.236300e+01	-4.210583e+01
1.470000e-06	-1.651288e-09	-5.583922e-10	-1.205241e+01	-4.128312e+01
1.480000e-06	-1.608529e-09	-5.444359e-10	-1.174033e+01	-4.044867e+01
1.490000e-06	-1.565577e-09	-5.290547e-10	-1.142683e+01	-3.960206e+01
1.500000e-06	-1.522450e-09	-5.135754e-10	-1.111206e+01	-3.874285e+01
1.510000e-06	-1.479173e-09	-4.975268e-10	-1.079619e+01	-3.787063e+01
1.520000e-06	-1.435772e-09	-4.819149e-10	-1.047942e+01	-3.698498e+01
1.530000e-06	-1.392269e-09	-4.675552e-10	-1.016190e+01	-3.608551e+01
1.540000e-06	-1.348681e-09	-4.541174e-10	-9.843756e+00	-3.517185e+01
1.550000e-06	-1.305021e-09	-4.417755e-10	-9.525093e+00	-3.424362e+01
1.560000e-06	-1.261300e-09	-4.291907e-10	-9.205979e+00	-3.330051e+01
1.570000e-06	-1.217524e-09	-4.154404e-10	-8.886467e+00	-3.234220e+01
1.580000e-06	-1.173697e-09	-4.006170e-10	-8.566584e+00	-3.136843e+01
1.590000e-06	-1.129820e-09	-3.840283e-10	-8.246333e+00	-3.037897e+01
1.600000e-06	-1.085893e-09	-3.666139e-10	-7.925713e+00	-2.937361e+01
1.610000e-06	-1.041916e-09	-3.507325e-10	-7.604738e+00	-2.835222e+01
1.620000e-06	-9.978972e-10	-3.368819e-10	-7.283449e+00	-2.731468e+01
1.630000e-06	-9.538377e-10	-3.236200e-10	-6.961867e+00	-2.626093e+01
1.640000e-06	-9.097388e-10	-3.088429e-10	-6.639997e+00	-2.519097e+01
1.650000e-06	-8.656015e-10	-2.927169e-10	-6.317847e+00	-2.410485e+01
1.660000e-06	-8.214310e-10	-2.761837e-10	-5.995454e+00	-2.300265e+01
1.670000e-06	-7.772313e-10	-2.587540e-10	-5.672850e+00	-2.188454e+01
1.680000e-06	-7.330031e-10	-2.410978e-10	-5.350036e+00	-2.075072e+01
1.690000e-06	-6.887448e-10	-2.253234e-10	-5.027003e+00	-1.960146e+01
1.700000e-06	-6.444570e-10	-2.105521e-10	-4.703755e+00	-1.843708e+01
1.710000e-06	-6.001390e-10	-1.956157e-10	-4.380287e+00	-1.725795e+01
1.720000e-06	-5.557873e-10	-1.805402e-10	-4.056573e+00	-1.606451e+01
1.730000e-06	-5.114035e-10	-1.633195e-10	-3.732624e+00	-1.485725e+01
1.740000e-06	-4.669873e-10	-1.436634e-10	-3.408439e+00	-1.363670e+01
1.750000e-06	-4.225387e-10	-1.230788e-10	-3.084019e+00	-1.240346e+01
1.760000e-06	-3.780607e-10	-1.042070e-10	-2.759383e+00	-1.115817e+01
1.770000e-06	-3.335526e-10	-8.795925e-11	-2.434527e+00	-9.901514e+00
1.780000e-06	-2.890162e-10	-7.267490e-11	-2.109466e+00	-8.634227e+00
1.790000e-06	-2.444586e-10	-5.625521e-11	-1.784249e+00	-7.357081e+00
1.800000e-06	-1.998902e-10	-3.887791e-11	-1.458954e+00	-6.070890e+00
1.810000e-06	-1.553200e-10	-2.224653e-11	-1.133646e+00	-4.776500e+00
1.820000e-06	-1.107509e-10	-4.967180e-12	-8.083454e-01	-3.474788e+00
1.830000e-06	-6.618751e-11	1.361160e-11	-4.830863e-01	-2.166661e+00
1.840000e-06	-2.163166e-11	3.491188e-11	-1.578826e-01	-8.530470e-01
1.850000e-06	2.292207e-11	5.878069e-11	1.673056e-01	4.651042e-01
1.860000e-06	6.747714e-11	8.213941e-11	4.925037e-01	1.786828e+00
1.870000e-06	1.120315e-10	1.029190e-10	8.176961e-01	3.111149e+00
1.880000e-06	1.565839e-10	1.207883e-10	1.142875e+00	4.437084e+00
1.890000e-06	2.011324e-10	1.352847e-10	1.468025e+00	5.763646e+00
1.900000e-06	2.456708e-10	1.467526e-10	1.793101e+00	7.089849e+00
1.910000e-06	2.901947e-10	1.580175e-10	2.118072e+00	8.414713e+00
1.920000e-06	3.346977e-10	1.732823e-10	2.442890e+00	9.737265e+00
1.930000e-06	3.791743e-10	1.952979e-10	2.767516e+00	1.105655e+01
1.940000e-06	4.236206e-10	2.223440e-10	3.091920e+00	1.237161e+01
1.950000e-06	4.680345e-10	2.495248e-10	3.416088e+00	1.368154e+01
1.960000e-06	5.124123e-10	2.714956e-10	3.739993e+00	1.498543e+01
1.970000e-06	5.567506e-10	2.860831e-10	4.063609e+00	1.628240e+01
1.980000e-06	6.010515e-10	2.953841e-10	4.386953e+00	1.757162e+01
1.990000e-06	6.453203e-10	3.038772e-10	4.710063e+00	1.885226e+01
2.000000e-06	6.895592e-10	3.150528e-10	5.032953e+00	2.012354e+01
2.010000e-06	7.337674e-10	3.321386e-10	5.355621e+00	2.138472e+01
2.020000e-06	7.779459e-10	3.560954e-10	5.678072e+00	2.263510e+01
2.030000e-06	8.220946e-10	3.836274e-10	6.000305e+00	2.387400e+01
2.040000e-06	8.662123e-10	4.077392e-10	6.322312e+00	2.510081e+01
2.050000e-06	9.102982e-10	4.243782e-10	6.644087e+00	2.631492e+01
2.060000e-06	9.543507e-10	4.351447e-10	6.965619e+00	2.751581e+01
2.070000e-06	9.983676e-10	4.437727e-10	7.286890e+00	2.870297e+01
2.080000e-06	1.042348e-09	4.531309e-10	7.607892e+00	2.987595e+01
2.090000e-06	1.086289e-09	4.651405e-10	7.928614e+00	3.103434e+01
2.100000e-06	1.130189e-09	4.820499e-10	8.249031e+00	3.217777e+01
2.110000e-06	1.174044e-09	5.039905e-10	8.569121e+00	3.330591e+01
2.120000e-06	1.217848e-09	5.264121e-10	8.888839e+00	3.441848e+01
2.130000e-06	1.261595e-09	5.445418e-10	9.208140e+00	3.551525e+01
2.140000e-06	1.305281e-09	5.575392e-10	9.526996e+00	3.659602e+01
2.150000e-06	1.348894e-09	5.675505e-10	9.845318e+00	3.766062e+01
2.160000e-06	1.392424e-09	5.767630e-10	1.016303e+01	3.870893e+01
2.170000e-06	1.435859e-09	5.864486e-10	1.048006e+01	3.974088e+01
2.180000e-06	1.479181e-09	5.987779e-10	1.079625e+01	4.075642e+01
2.190000e-06	1.522361e-09	6.145864e-10	1.111142e+01	4.175553e+01
2.200000e-06	1.565380e-09	6.318006e-10	1.142540e+01	4.273823e+01
2.210000e-06	1.608215e-09	6.473604e-10	1.173804e+01	4.370459e+01
2.220000e-06	1.650844e-09	6.600960e-10	1.204918e+01	4.465467e+01
2.230000e-06	1.693251e-09	6.710680e-10	1.235870e+01	4.558859e+01
2.240000e-06	1.735427e-09	6.824300e-10	1.266652e+01	4.650649e+01
2.250000e-06	1.777360e-09	6.946582e-10	1.297259e+01	4.740852e+01
2.260000e-06	1.819056e-09	7.073651e-10	1.327691e+01	4.829486e+01
2.270000e-06	1.860523e-09	7.198090e-10	1.357957e+01	4.916571e+01
2.280000e-06	1.901772e-09	7.323102e-10	1.388063e+01	5.002131e+01
2.290000e-06	1.942815e-09	7.453965e-10	1.418020e+01	5.086187e+01
2.300000e-06	1.983671e-09	7.575178e-10	1.447840e+01	5.168766e+01
2.310000e-06	2.024356e-09	7.678191e-10	1.477535e+01	5.249894e+01
2.320000e-06	2.064883e-09	7.787657e-10	1.507114e+01	5.329600e+01
2.330000e-06	2.105266e-09	7.918891e-10	1.536589e+01	5.407911e+01
2.340000e-06	2.145521e-09	8.047544e-10	1.565971e+01	5.484858e+01
2.350000e-06	2.185667e-09	8.143874e-10	1.595272e+01	5.560472e+01
2.360000e-06	2.225717e-09	8.214908e-10	1.624504e+01	5.634782e+01
2.370000e-06	2.265677e-09	8.284772e-10	1.653670e+01	5.707822e+01
2.380000e-06	2.305545e-09	8.364376e-10	1.682769e+01	5.779622e+01
2.390000e-06	2.345314e-09	8.456662e-10	1.711796e+01	5.850216e+01
2.400000e-06	2.384968e-09	8.565106e-10	1.740739e+01	5.919635e+01
2.410000e-06	2.424486e-09	8.697552e-10	1.769582e+01	5.987911e+01
2.420000e-06	2.463850e-09	8.854964e-10	1.798313e+01	6.055076e+01
2.430000e-06	2.503043e-09	9.006916e-10	1.826919e+01	6.121163e+01
2.440000e-06	2.542047e-09	9.109677e-10	1.855387e+01	6.186203e+01
2.450000e-06	2.580859e-09	9.164790e-10	1.883715e+01	6.250227e+01
2.460000e-06	2.619480e-09	9.203665e-10	1.911904e+01	6.313265e+01
2.470000e-06	2.657911e-09	9.257482e-10	1.939954e+01	6.375347e+01
2.480000e-06	2.696161e-09	9.340258e-10	1.967872e+01	6.436503e+01
2.490000e-06	2.734237e-09	9.446953e-10	1.995663e+01	6.496760e+01
2.500000e-06	2.772142e-09	9.579147e-10	2.023329e+01	6.556147e+01
2.510000e-06	2.809870e-09	9.720327e-10	2.050865e+01	6.614691e+01
2.520000e-06	2.847406e-09	9.840761e-10	2.078262e+01	6.672416e+01
2.530000e-06	2.884733e-09	9.928243e-10	2.105506e+01	6.729347e+01
2.540000e-06	2.921837e-09	9.987674e-10	2.132588e+01	6.785508e+01
2.550000e-06	2.958713e-09	1.004506e-09	2.159503e+01	6.840920e+01
2.560000e-06	2.995373e-09	1.011679e-09	2.186260e+01	6.895606e+01
2.570000e-06	3.031836e-09	1.020410e-09	2.212873e+01	6.949585e+01
2.580000e-06	3.068128e-09	1.030405e-09	2.239362e+01	7.002874e+01
2.590000e-06	3.104283e-09	1.040074e-09	2.265752e+01	7.055492e+01
2.600000e-06	3.140324e-09	1.048561e-09	2.292057e+01	7.107454e+01
2.610000e-06	3.176254e-09	1.056742e-09	2.318282e+01	7.158774e+01
2.620000e-06	3.212062e-09	1.064570e-09	2.344417e+01	7.209464e+01
2.630000e-06	3.247713e-09	1.071942e-09	2.370438e+01	7.259537e+01
2.640000e-06	3.283152e-09	1.079296e-09	2.396304e+01	7.309002e+01
2.650000e-06	3.318312e-09	1.085897e-09	2.421967e+01	7.357869e+01
2.660000e-06	3.353130e-09	1.091157e-09	2.447380e+01	7.406142e+01
2.670000e-06	3.387552e-09	1.095188e-09	2.472503e+01	7.453830e+01
2.680000e-06	3.421547e-09	1.099010e-09	2.497315e+01	7.500936e+01
2.690000e-06	3.455112e-09	1.104796e-09	2.521813e+01	7.547462e+01
2.700000e-06	3.488273e-09	1.113579e-09	2.546017e+01	7.593412e+01
2.710000e-06	3.521085e-09	1.123124e-09	2.569965e+01	7.638785e+01
2.720000e-06	3.553610e-09	1.130616e-09	2.593705e+01	7.683580e+01
2.730000e-06	3.585911e-09	1.136738e-09	2.617281e+01	7.727797e+01
2.740000e-06	3.618038e-09	1.143499e-09	2.640730e+01	7.771432e+01
2.750000e-06	3.650021e-09	1.150138e-09	2.664073e+01	7.814482e+01
2.760000e-06	3.681859e-09	1.154486e-09	2.687311e+01	7.856943e+01
2.770000e-06	3.713522e-09	1.157198e-09	2.710421e+01	7.898810e+01
2.780000e-06	3.744960e-09	1.161727e-09	2.733367e+01	7.940077e+01
2.790000e-06	3.776124e-09	1.169364e-09	2.756114e+01	7.980738e+01
2.800000e-06	3.806984e-09	1.177947e-09	2.778637e+01	8.020786e+01
2.810000e-06	3.837541e-09	1.184932e-09	2.800940e+01	8.060216e+01
2.820000e-06	3.867825e-09	1.190466e-09	2.823044e+01	8.099021e+01
2.830000e-06	3.897872e-09	1.196341e-09	2.844975e+01	8.137193e+01
2.840000e-06	3.927699e-09	1.201444e-09	2.866745e+01	8.174727e+01
2.850000e-06	3.957298e-09	1.203164e-09	2.888349e+01	8.211616e+01
2.860000e-06	3.986644e-09	1.202247e-09	2.909768e+01	8.247855e+01
2.870000e-06	4.015704e-09	1.202310e-09	2.930978e+01	8.283438e+01
2.880000e-06	4.044469e-09	1.205692e-09	2.951973e+01	8.318362e+01
2.890000e-06	4.072964e-09	1.212088e-09	2.972771e+01	8.352621e+01
2.900000e-06	4.101234e-09	1.220291e-09	2.993405e+01	8.386214e+01
2.910000e-06	4.129326e-09	1.228570e-09	3.013909e+01	8.419138e+01
2.920000e-06	4.157264e-09	1.235389e-09	3.034300e+01	8.451393e+01
2.930000e-06	4.185032e-09	1.239897e-09	3.054568e+01	8.482978e+01
2.940000e-06	4.212567e-09	1.241630e-09	3.074664e+01	8.513895e+01
2.950000e-06	4.239763e-09	1.242419e-09	3.094514e+01	8.544147e+01
2.960000e-06	4.266516e-09	1.245264e-09	3.114040e+01	8.573737e+01
2.970000e-06	4.292749e-09	1.250550e-09	3.133187e+01	8.602671e+01
2.980000e-06	4.318436e-09	1.257593e-09	3.151936e+01	8.630954e+01
2.990000e-06	4.343609e-09	1.265165e-09	3.170309e+01	8.658595e+01
3.000000e-06	4.368350e-09	1.271823e-09	3.188366e+01	8.685602e+01
3.010000e-06	4.392755e-09	1.276943e-09	3.206179e+01	8.711985e+01
3.020000e-06	4.416903e-09	1.279770e-09	3.223805e+01	8.737755e+01
3.030000e-06	4.440832e-09	1.280008e-09	3.241270e+01	8.762925e+01
3.040000e-06	4.464527e-09	1.279992e-09	3.258564e+01	8.787508e+01
3.050000e-06	4.487940e-09	1.282800e-09	3.275653e+01	8.811517e+01
3.060000e-06	4.511029e-09	1.287605e-09	3.292505e+01	8.834967e+01
3.070000e-06	4.533776e-09	1.292159e-09	3.309107e+01	8.857875e+01
3.080000e-06	4.556200e-09	1.296905e-09	3.325475e+01	8.880255e+01
3.090000e-06	4.578339e-09	1.303120e-09	3.341633e+01	8.902124e+01
3.100000e-06	4.600204e-09	1.310389e-09	3.357592e+01	8.923499e+01
3.110000e-06	4.621780e-09	1.315534e-09	3.373340e+01	8.944395e+01
3.120000e-06	4.643029e-09	1.316595e-09	3.388849e+01	8.964831e+01
3.130000e-06	4.663932e-09	1.317227e-09	3.404106e+01	8.984821e+01
3.140000e-06	4.684509e-09	1.320125e-09	3.419125e+01	9.004382e+01
3.150000e-06	4.704818e-09	1.324253e-09	3.433948e+01	9.023528e+01
3.160000e-06	4.724919e-09	1.328101e-09	3.448619e+01	9.042275e+01
3.170000e-06	4.744840e-09	1.332429e-09	3.463159e+01	9.060636e+01
3.180000e-06	4.764553e-09	1.338026e-09	3.477547e+01	9.078624e+01
3.190000e-06	4.783985e-09	1.342350e-09	3.491730e+01	9.096250e+01
3.200000e-06	4.803055e-09	1.344407e-09	3.505649e+01	9.113523e+01
3.210000e-06	4.821702e-09	1.345967e-09	3.519259e+01	9.130454e+01
3.220000e-06	4.839908e-09	1.348120e-09	3.532547e+01	9.147049e+01
3.230000e-06	4.857715e-09	1.350945e-09	3.545544e+01	9.163314e+01
3.240000e-06	4.875187e-09	1.353568e-09	3.558296e+01	9.179253e+01
3.250000e-06	4.892377e-09	1.356190e-09	3.570843e+01	9.194868e+01
3.260000e-06	4.909301e-09	1.359513e-09	3.583196e+01	9.210159e+01
3.270000e-06	4.925928e-09	1.362463e-09	3.595332e+01	9.225127e+01
3.280000e-06	4.942191e-09	1.365212e-09	3.607201e+01	9.239768e+01
3.290000e-06	4.958015e-09	1.368947e-09	3.618751e+01	9.254077e+01
3.300000e-06	4.973358e-09	1.373029e-09	3.629949e+01	9.268048e+01
3.310000e-06	4.988229e-09	1.376301e-09	3.640803e+01	9.281674e+01
3.320000e-06	5.002686e-09	1.378931e-09	3.651355e+01	9.294945e+01
3.330000e-06	5.016787e-09	1.380842e-09	3.661647e+01	9.307850e+01
3.340000e-06	5.030554e-09	1.381296e-09	3.671695e+01	9.320378e+01
3.350000e-06	5.043964e-09	1.381919e-09	3.681483e+01	9.332516e+01
3.360000e-06	5.056996e-09	1.384469e-09	3.690995e+01	9.344249e+01
3.370000e-06	5.069657e-09	1.387534e-09	3.700236e+01	9.355564e+01
3.380000e-06	5.081981e-09	1.389537e-09	3.709231e+01	9.366443e+01
3.390000e-06	5.093994e-09	1.390559e-09	3.717999e+01	9.376873e+01
3.400000e-06	5.105675e-09	1.392041e-09	3.726524e+01	9.386836e+01
3.410000e-06	5.116950e-09	1.394715e-09	3.734754e+01	9.396318e+01
3.420000e-06	5.127711e-09	1.397287e-09	3.742608e+01	9.405301e+01
3.430000e-06	5.137869e-09	1.398947e-09	3.750022e+01	9.413771e+01
3.440000e-06	5.147402e-09	1.400000e-09	3.756980e+01	9.421714e+01
3.450000e-06	5.156372e-09	1.400892e-09	3.763527e+01	9.429115e+01
3.460000e-06	5.164903e-09	1.402177e-09	3.769754e+01	9.435962e+01
3.470000e-06	5.173121e-09	1.403166e-09	3.775752e+01	9.442244e+01
3.480000e-06	5.181100e-09	1.403427e-09	3.781575e+01	9.447951e+01
3.490000e-06	5.188839e-09	1.404298e-09	3.787224e+01	9.453074e+01
3.500000e-06	5.196282e-09	1.406220e-09	3.792657e+01	9.457607e+01
3.510000e-06	5.203373e-09	1.407811e-09	3.797832e+01	9.461547e+01
3.520000e-06	5.210091e-09	1.408172e-09	3.802735e+01	9.464890e+01
3.530000e-06	5.216446e-09	1.408246e-09	3.807374e+01	9.467636e+01
3.540000e-06	5.222462e-09	1.409038e-09	3.811765e+01	9.469788e+01
3.550000e-06	5.228131e-09	1.410812e-09	3.815903e+01	9.471349e+01
3.560000e-06	5.233424e-09	1.412280e-09	3.819766e+01	9.472328e+01
3.570000e-06	5.238328e-09	1.412908e-09	3.823345e+01	9.472734e+01
3.580000e-06	5.242878e-09	1.413938e-09	3.826666e+01	9.472577e+01
3.590000e-06	5.247145e-09	1.415166e-09	3.829780e+01	9.471873e+01
3.600000e-06	5.251189e-09	1.415814e-09	3.832732e+01	9.470636e+01
3.610000e-06	5.255012e-09	1.416365e-09	3.835522e+01	9.468887e+01
3.620000e-06	5.258547e-09	1.418215e-09	3.838103e+01	9.466644e+01
3.630000e-06	5.261684e-09	1.421214e-09	3.840392e+01	9.463932e+01
3.640000e-06	5.264305e-09	1.424097e-09	3.842305e+01	9.460773e+01
3.650000e-06	5.266332e-09	1.424910e-09	3.843784e+01	9.457193e+01
3.660000e-06	5.267760e-09	1.423000e-09	3.844826e+01	9.453220e+01
3.670000e-06	5.268659e-09	1.420213e-09	3.845483e+01	9.448882e+01
3.680000e-06	5.269150e-09	1.418970e-09	3.845841e+01	9.444206e+01
3.690000e-06	5.269346e-09	1.420416e-09	3.845984e+01	9.439224e+01
3.700000e-06	5.269306e-09	1.422378e-09	3.845956e+01	9.433965e+01
3.710000e-06	5.269018e-09	1.424262e-09	3.845745e+01	9.428458e+01
3.720000e-06	5.268420e-09	1.427038e-09	3.845309e+01	9.422733e+01
3.730000e-06	5.267456e-09	1.427902e-09	3.844605e+01	9.416819e+01
3.740000e-06	5.266117e-09	1.425691e-09	3.843627e+01	9.410745e+01
3.750000e-06	5.264438e-09	1.423095e-09	3.842402e+01	9.404537e+01
3.760000e-06	5.262455e-09	1.424386e-09	3.840955e+01	9.398221e+01
3.770000e-06	5.260165e-09	1.416558e-09	3.839283e+01	9.391821e+01
3.780000e-06	5.257508e-09	1.387991e-09	3.837344e+01	9.385359e+01
3.790000e-06	5.254398e-09	1.399536e-09	3.835074e+01	9.378855e+01
3.800000e-06	5.250818e-09	1.454525e-09	3.832462e+01	9.372325e+01
3.810000e-06	5.246898e-09	1.440991e-09	3.829600e+01	9.365785e+01
3.820000e-06	5.242810e-09	1.378165e-09	3.826616e+01	9.359246e+01
3.830000e-06	5.238557e-09	1.376946e-09	3.823512e+01	9.352717e+01
3.840000e-06	5.233919e-09	1.438587e-09	3.820127e+01	9.346204e+01
3.850000e-06	5.228734e-09	1.430083e-09	3.816342e+01	9.339709e+01
3.860000e-06	5.223116e-09	1.348807e-09	3.812242e+01	9.333232e+01
3.870000e-06	5.217181e-09	1.366329e-09	3.807911e+01	9.326767e+01
3.880000e-06	5.210781e-09	1.454424e-09	3.803239e+01	9.320308e+01
3.890000e-06	5.203766e-09	1.436066e-09	3.798119e+01	9.313843e+01
3.900000e-06	5.196241e-09	1.345291e-09	3.792626e+01	9.307358e+01
3.910000e-06	5.188383e-09	1.382273e-09	3.786891e+01	9.300835e+01
3.920000e-06	5.180229e-09	1.464297e-09	3.780940e+01	9.294254e+01
3.930000e-06	5.171773e-09	1.396020e-09	3.774768e+01	9.287590e+01
3.940000e-06	5.163053e-09	1.306915e-09	3.768403e+01	9.280818e+01
3.950000e-06	5.154051e-09	1.392660e-09	3.761833e+01	9.273907e+01
3.960000e-06	5.144671e-09	1.477274e-09	3.754987e+01	9.266827e+01
3.970000e-06	5.134883e-09	1.383196e-09	3.747843e+01	9.259543e+01
3.980000e-06	5.124740e-09	1.325596e-09	3.740440e+01	9.252020e+01
3.990000e-06	5.114250e-09	1.436119e-09	3.732783e+01	9.244222e+01
4.000000e-06	5.103377e-09	1.473272e-09	3.724847e+01	9.236109e+01
4.010000e-06	5.092118e-09	1.367851e-09	3.716630e+01	9.227641e+01
4.020000e-06	5.080492e-09	1.372069e-09	3.708144e+01	9.218780e+01
4.030000e-06	5.068491e-09	1.480056e-09	3.699385e+01	9.209485e+01
4.040000e-06	5.056123e-09	1.453144e-09	3.690358e+01	9.199716e+01
4.050000e-06	5.043353e-09	1.361093e-09	3.681037e+01	9.189432e+01
4.060000e-06	5.030042e-09	1.397850e-09	3.671322e+01	9.178595e+01
4.070000e-06	5.016083e-09	1.443245e-09	3.661134e+01	9.167166e+01
4.080000e-06	5.001534e-09	1.393094e-09	3.650515e+01	9.155110e+01
4.090000e-06	4.986507e-09	1.380281e-09	3.639547e+01	9.142391e+01
4.100000e-06	4.971069e-09	1.420332e-09	3.628279e+01	9.128977e+01
4.110000e-06	4.955300e-09	1.401629e-09	3.616769e+01	9.114836e+01
4.120000e-06	4.939273e-09	1.385282e-09	3.605072e+01	9.099941e+01
4.130000e-06	4.922988e-09	1.416993e-09	3.593185e+01	9.084267e+01
4.140000e-06	4.906401e-09	1.400408e-09	3.581079e+01	9.067790e+01
4.150000e-06	4.889477e-09	1.355928e-09	3.568727e+01	9.050492e+01
4.160000e-06	4.872207e-09	1.381176e-09	3.556121e+01	9.032357e+01
4.170000e-06	4.854604e-09	1.403211e-09	3.543274e+01	9.013372e+01
4.180000e-06	4.836690e-09	1.367267e-09	3.530198e+01	8.993528e+01
4.190000e-06	4.818456e-09	1.357227e-09	3.516890e+01	8.972818e+01
4.200000e-06	4.799881e-09	1.382436e-09	3.503332e+01	8.951242e+01
4.210000e-06	4.780956e-09	1.379375e-09	3.489519e+01	8.928800e+01
4.220000e-06	4.761705e-09	1.364169e-09	3.475469e+01	8.905496e+01
4.230000e-06	4.742170e-09	1.356652e-09	3.461210e+01	8.881339e+01
4.240000e-06	4.722399e-09	1.345193e-09	3.446780e+01	8.856340e+01
4.250000e-06	4.702436e-09	1.346674e-09	3.432209e+01	8.830512e+01
4.260000e-06	4.682276e-09	1.353339e-09	3.417494e+01	8.803873e+01
4.270000e-06	4.661854e-09	1.339142e-09	3.402589e+01	8.776443e+01
4.280000e-06	4.641067e-09	1.330611e-09	3.387417e+01	8.748243e+01
4.290000e-06	4.619810e-09	1.343017e-09	3.371903e+01	8.719298e+01
4.300000e-06	4.598005e-09	1.344175e-09	3.355987e+01	8.689633e+01
4.310000e-06	4.575625e-09	1.331723e-09	3.339652e+01	8.659276e+01
4.320000e-06	4.552710e-09	1.322595e-09	3.322928e+01	8.628255e+01
4.330000e-06	4.529359e-09	1.320636e-09	3.305884e+01	8.596602e+01
4.340000e-06	4.505693e-09	1.324263e-09	3.288611e+01	8.564345e+01
4.350000e-06	4.481803e-09	1.320153e-09	3.271174e+01	8.531517e+01
4.360000e-06	4.457716e-09	1.302474e-09	3.253593e+01	8.498146e+01
4.370000e-06	4.433411e-09	1.298848e-09	3.235854e+01	8.464265e+01
4.380000e-06	4.408841e-09	1.308587e-09	3.217920e+01	8.429901e+01
4.390000e-06	4.383960e-09	1.304085e-09	3.199761e+01	8.395085e+01
4.400000e-06	4.358751e-09	1.290531e-09	3.181361e+01	8.359843e+01
4.410000e-06	4.333223e-09	1.287611e-09	3.162729e+01	8.324202e+01
4.420000e-06	4.307409e-09	1.289928e-09	3.143887e+01	8.288185e+01
4.430000e-06	4.281332e-09	1.288081e-09	3.124854e+01	8.251815e+01
4.440000e-06	4.254976e-09	1.277524e-09	3.105618e+01	8.215112e+01
4.450000e-06	4.228309e-09	1.265223e-09	3.086154e+01	8.178094e+01
4.460000e-06	4.201316e-09	1.263896e-09	3.066452e+01	8.140775e+01
4.470000e-06	4.174017e-09	1.266592e-09	3.046528e+01	8.103167e+01
4.480000e-06	4.146457e-09	1.257718e-09	3.026412e+01	8.065281e+01
4.490000e-06	4.118686e-09	1.246788e-09	3.006142e+01	8.027123e+01
4.500000e-06	4.090744e-09	1.243733e-09	2.985749e+01	7.988698e+01
4.510000e-06	4.062637e-09	1.243015e-09	2.965233e+01	7.950006e+01
4.520000e-06	4.034321e-09	1.239140e-09	2.944566e+01	7.911045e+01
4.530000e-06	4.005722e-09	1.231444e-09	2.923693e+01	7.871811e+01
4.540000e-06	3.976759e-09	1.224494e-09	2.902553e+01	7.832297e+01
4.550000e-06	3.947371e-09	1.222319e-09	2.881104e+01	7.792493e+01
4.560000e-06	3.917521e-09	1.220356e-09	2.859317e+01	7.752388e+01
4.570000e-06	3.887206e-09	1.211894e-09	2.837190e+01	7.711966e+01
4.580000e-06	3.856453e-09	1.201450e-09	2.814745e+01	7.671211e+01
4.590000e-06	3.825318e-09	1.197248e-09	2.792020e+01	7.630106e+01
4.600000e-06	3.793871e-09	1.197887e-09	2.769067e+01	7.588630e+01
4.610000e-06	3.762184e-09	1.194419e-09	2.745940e+01	7.546762e+01
4.620000e-06	3.730311e-09	1.185782e-09	2.722677e+01	7.504479e+01
4.630000e-06	3.698274e-09	1.178299e-09	2.699293e+01	7.461760e+01
4.640000e-06	3.666065e-09	1.172203e-09	2.675784e+01	7.418579e+01
4.650000e-06	3.633656e-09	1.161627e-09	2.652130e+01	7.374913e+01
4.660000e-06	3.601012e-09	1.149140e-09	2.628303e+01	7.330737e+01
4.670000e-06	3.568110e-09	1.140805e-09	2.604289e+01	7.286028e+01
4.680000e-06	3.534953e-09	1.138079e-09	2.580088e+01	7.240763e+01
4.690000e-06	3.501554e-09	1.136379e-09	2.555711e+01	7.194917e+01
4.700000e-06	3.467936e-09	1.131967e-09	2.531174e+01	7.148470e+01
4.710000e-06	3.434112e-09	1.125293e-09	2.506487e+01	7.101401e+01
4.720000e-06	3.400079e-09	1.118517e-09	2.481647e+01	7.053690e+01
4.730000e-06	3.365831e-09	1.110881e-09	2.456650e+01	7.005319e+01
4.740000e-06	3.331347e-09	1.101887e-09	2.431481e+01	6.956272e+01
4.750000e-06	3.296599e-09	1.091961e-09	2.406119e+01	6.906534e+01
4.760000e-06	3.261585e-09	1.083217e-09	2.380563e+01	6.856093e+01
4.770000e-06	3.226323e-09	1.077021e-09	2.354826e+01	6.804937e+01
4.780000e-06	3.190845e-09	1.070333e-09	2.328931e+01	6.753057e+01
4.790000e-06	3.155193e-09	1.060520e-09	2.302910e+01	6.700448e+01
4.800000e-06	3.119403e-09	1.050331e-09	2.276788e+01	6.647102e+01
4.810000e-06	3.083499e-09	1.041997e-09	2.250582e+01	6.593018e+01
4.820000e-06	3.047487e-09	1.032888e-09	2.224297e+01	6.538193e+01
4.830000e-06	3.011355e-09	1.020555e-09	2.197925e+01	6.482629e+01
4.840000e-06	2.975076e-09	1.008107e-09	2.171446e+01	6.426326e+01
4.850000e-06	2.938607e-09	1.000717e-09	2.144828e+01	6.369287e+01
4.860000e-06	2.901904e-09	9.977296e-10	2.118039e+01	6.311519e+01
4.870000e-06	2.864918e-09	9.935715e-10	2.091044e+01	6.253024e+01
4.880000e-06	2.827608e-09	9.859324e-10	2.063813e+01	6.193811e+01
4.890000e-06	2.789929e-09	9.780189e-10	2.036312e+01	6.133885e+01
4.900000e-06	2.751862e-09	9.706732e-10	2.008527e+01	6.073253e+01
4.910000e-06	2.713419e-09	9.609553e-10	1.980469e+01	6.011923e+01
4.920000e-06	2.674640e-09	9.489798e-10	1.952165e+01	5.949901e+01
4.930000e-06	2.635574e-09	9.389356e-10	1.923652e+01	5.887195e+01
4.940000e-06	2.596266e-09	9.314451e-10	1.894962e+01	5.823809e+01
4.950000e-06	2.556761e-09	9.239336e-10	1.866127e+01	5.759748e+01
4.960000e-06	2.517103e-09	9.152743e-10	1.837182e+01	5.695016e+01
4.970000e-06	2.477327e-09	9.069223e-10	1.808151e+01	5.629614e+01
4.980000e-06	2.437453e-09	8.989589e-10	1.779048e+01	5.563544e+01
4.990000e-06	2.397490e-09	8.893827e-10	1.749879e+01	5.496803e+01
5.000000e-06	2.357439e-09	8.781076e-10	1.720646e+01	5.429387e+01
5.010000e-06	2.317296e-09	8.669179e-10	1.691347e+01	5.361291e+01
5.020000e-06	2.277045e-09	8.565398e-10	1.661968e+01	5.292506e+01
5.030000e-06	2.236666e-09	8.479031e-10	1.632496e+01	5.223021e+01
5.040000e-06	2.196141e-09	8.390496e-10	1.602918e+01	5.152821e+01
5.050000e-06	2.155462e-09	8.284544e-10	1.573228e+01	5.081892e+01
5.060000e-06	2.114624e-09	8.173773e-10	1.543421e+01	5.010212e+01
5.070000e-06	2.073629e-09	8.074285e-10	1.513499e+01	4.937762e+01
5.080000e-06	2.032480e-09	7.988768e-10	1.483466e+01	4.864515e+01
5.090000e-06	1.991187e-09	7.904589e-10	1.453327e+01	4.790445e+01
5.100000e-06	1.949759e-09	7.821010e-10	1.423089e+01	4.715522e+01
5.110000e-06	1.908197e-09	7.738947e-10	1.392755e+01	4.639713e+01
5.120000e-06	1.866509e-09	7.639498e-10	1.362327e+01	4.562984e+01
5.130000e-06	1.824702e-09	7.510991e-10	1.331813e+01	4.485300e+01
5.140000e-06	1.782780e-09	7.371722e-10	1.301215e+01	4.406620e+01
5.150000e-06	1.740744e-09	7.250771e-10	1.270534e+01	4.326907e+01
5.160000e-06	1.698596e-09	7.151673e-10	1.239771e+01	4.246118e+01
5.170000e-06	1.656332e-09	7.052691e-10	1.208923e+01	4.164211e+01
5.180000e-06	1.613943e-09	6.958096e-10	1.177985e+01	4.081145e+01
5.190000e-06	1.571425e-09	6.865669e-10	1.146951e+01	3.996876e+01
5.200000e-06	1.528774e-09	6.750512e-10	1.115822e+01	3.911361e+01
5.210000e-06	1.485992e-09	6.604935e-10	1.084596e+01	3.824559e+01
5.220000e-06	1.443089e-09	6.437613e-10	1.053282e+01	3.736427e+01
5.230000e-06	1.400077e-09	6.266464e-10	1.021888e+01	3.646926e+01
5.240000e-06	1.356964e-09	6.099387e-10	9.904213e+00	3.556017e+01
5.250000e-06	1.313761e-09	5.939933e-10	9.588882e+00	3.463663e+01
5.260000e-06	1.270472e-09	5.795153e-10	9.272926e+00	3.369831e+01
5.270000e-06	1.227101e-09	5.663219e-10	8.956370e+00	3.274489e+01
5.280000e-06	1.183653e-09	5.531931e-10	8.639255e+00	3.177609e+01
5.290000e-06	1.140134e-09	5.385847e-10	8.321619e+00	3.079167e+01
5.300000e-06	1.096548e-09	5.221119e-10	8.003493e+00	2.979142e+01
5.310000e-06	1.052900e-09	5.036895e-10	7.684911e+00	2.877517e+01
5.320000e-06	1.009194e-09	4.837982e-10	7.365915e+00	2.774280e+01
5.330000e-06	9.654392e-10	4.643819e-10	7.046554e+00	2.669424e+01
5.340000e-06	9.216430e-10	4.476387e-10	6.726893e+00	2.562947e+01
5.350000e-06	8.778141e-10	4.336774e-10	6.406995e+00	2.454851e+01
5.360000e-06	8.339553e-10	4.212508e-10	6.086877e+00	2.345144e+01
5.370000e-06	7.900671e-10	4.084910e-10	5.766546e+00	2.233841e+01
5.380000e-06	7.461540e-10	3.928414e-10	5.446032e+00	2.120959e+01
5.390000e-06	7.022184e-10	3.738221e-10	5.125355e+00	2.006523e+01
5.400000e-06	6.582608e-10	3.532518e-10	4.804516e+00	1.890565e+01
5.410000e-06	6.142828e-10	3.324694e-10	4.483530e+00	1.773119e+01
5.420000e-06	5.702862e-10	3.120034e-10	4.162407e+00	1.654228e+01
5.430000e-06	5.262718e-10	2.928560e-10	3.841154e+00	1.533938e+01
5.440000e-06	4.822395e-10	2.749296e-10	3.519770e+00	1.412302e+01
5.450000e-06	4.381876e-10	2.568098e-10	3.198243e+00	1.289377e+01
5.460000e-06	3.941156e-10	2.383902e-10	2.876570e+00	1.165225e+01
5.470000e-06	3.500277e-10	2.189457e-10	2.554781e+00	1.039914e+01
5.480000e-06	3.059273e-10	1.973104e-10	2.232901e+00	9.135164e+00
5.490000e-06	2.618167e-10	1.747056e-10	1.910946e+00	7.861073e+00
5.500000e-06	2.177016e-10	1.530000e-10	1.588958e+00	6.577670e+00
5.510000e-06	1.735838e-10	1.320391e-10	1.266951e+00	5.285791e+00
5.520000e-06	1.294641e-10	1.107833e-10	9.449301e-01	3.986304e+00
5.530000e-06	8.534595e-11	8.876759e-11	6.229202e-01	2.680106e+00
5.540000e-06	4.122784e-11	6.700604e-11	3.009106e-01	1.368120e+00
5.550000e-06	-2.891023e-12	4.618192e-11	-2.110444e-02	5.128769e-02
5.560000e-06	-4.700830e-11	2.490955e-11	-3.431079e-01	-1.269430e+00
5.570000e-06	-9.112527e-11	1.686946e-12	-6.651092e-01	-2.593062e+00
5.580000e-06	-1.352416e-10	-2.287789e-11	-9.871060e-01	-3.918625e+00
5.590000e-06	-1.793539e-10	-4.657717e-11	-1.309073e+00	-5.245134e+00
5.600000e-06	-2.234595e-10	-6.915922e-11	-1.630992e+00	-6.571602e+00
5.610000e-06	-2.675548e-10	-9.258758e-11	-1.952834e+00	-7.897047e+00
5.620000e-06	-3.116386e-10	-1.173486e-10	-2.274594e+00	-9.220493e+00
5.630000e-06	-3.557117e-10	-1.410821e-10	-2.596275e+00	-1.054098e+01
5.640000e-06	-3.997718e-10	-1.627951e-10	-2.917861e+00	-1.185755e+01
5.650000e-06	-4.438145e-10	-1.839950e-10	-3.239321e+00	-1.316928e+01
5.660000e-06	-4.878367e-10	-2.054587e-10	-3.560630e+00	-1.447526e+01
5.670000e-06	-5.318374e-10	-2.266746e-10	-3.881783e+00	-1.577460e+01
5.680000e-06	-5.758163e-10	-2.477617e-10	-4.202777e+00	-1.706646e+01
5.690000e-06	-6.197750e-10	-2.704218e-10	-4.523624e+00	-1.835000e+01
5.700000e-06	-6.637149e-10	-2.943675e-10	-4.844332e+00	-1.962443e+01
5.710000e-06	-7.076356e-10	-3.177810e-10	-5.164901e+00	-2.088900e+01
5.720000e-06	-7.515357e-10	-3.397267e-10	-5.485320e+00	-2.214299e+01
5.730000e-06	-7.954132e-10	-3.598037e-10	-5.805573e+00	-2.338571e+01
5.740000e-06	-8.392644e-10	-3.782957e-10	-6.125635e+00	-2.461653e+01
5.750000e-06	-8.830840e-10	-3.961941e-10	-6.445466e+00	-2.583485e+01
5.760000e-06	-9.268667e-10	-4.148947e-10	-6.765028e+00	-2.704012e+01
5.770000e-06	-9.706061e-10	-4.345951e-10	-7.084273e+00	-2.823181e+01
5.780000e-06	-1.014295e-09	-4.551751e-10	-7.403151e+00	-2.940947e+01
5.790000e-06	-1.057926e-09	-4.767565e-10	-7.721607e+00	-3.057266e+01
5.800000e-06	-1.101493e-09	-4.982622e-10	-8.039591e+00	-3.172100e+01
5.810000e-06	-1.144988e-09	-5.175070e-10	-8.357048e+00	-3.285416e+01
5.820000e-06	-1.188405e-09	-5.345767e-10	-8.673942e+00	-3.397184e+01
5.830000e-06	-1.231743e-09	-5.508196e-10	-8.990255e+00	-3.507379e+01
5.840000e-06	-1.274995e-09	-5.666961e-10	-9.305943e+00	-3.615979e+01
5.850000e-06	-1.318153e-09	-5.828957e-10	-9.620949e+00	-3.722968e+01
5.860000e-06	-1.361212e-09	-6.001754e-10	-9.935223e+00	-3.828331e+01
5.870000e-06	-1.404168e-09	-6.195153e-10	-1.024875e+01	-3.932061e+01
5.880000e-06	-1.447015e-09	-6.389315e-10	-1.056148e+01	-4.034150e+01
5.890000e-06	-1.489745e-09	-6.562925e-10	-1.087336e+01	-4.134597e+01
5.900000e-06	-1.532355e-09	-6.728132e-10	-1.118436e+01	-4.233402e+01
5.910000e-06	-1.574849e-09	-6.894491e-10	-1.149451e+01	-4.330570e+01
5.920000e-06	-1.617228e-09	-7.045883e-10	-1.180383e+01	-4.426108e+01
5.930000e-06	-1.659493e-09	-7.167414e-10	-1.211231e+01	-4.520026e+01
5.940000e-06	-1.701650e-09	-7.282213e-10	-1.242001e+01	-4.612337e+01
5.950000e-06	-1.743700e-09	-7.420897e-10	-1.272692e+01	-4.703056e+01
5.960000e-06	-1.785643e-09	-7.584113e-10	-1.303305e+01	-4.792200e+01
5.970000e-06	-1.827478e-09	-7.744491e-10	-1.333840e+01	-4.879789e+01
5.980000e-06	-1.869199e-09	-7.896645e-10	-1.364292e+01	-4.965844e+01
5.990000e-06	-1.910798e-09	-8.047099e-10	-1.394653e+01	-5.050388e+01
6.000000e-06	-1.952263e-09	-8.182930e-10	-1.424918e+01	-5.133447e+01
6.010000e-06	-1.993581e-09	-8.297665e-10	-1.455075e+01	-5.215046e+01
6.020000e-06	-2.034738e-09	-8.401944e-10	-1.485115e+01	-5.295214e+01
6.030000e-06	-2.075729e-09	-8.516154e-10	-1.515033e+01	-5.373978e+01
6.040000e-06	-2.116551e-09	-8.648062e-10	-1.544828e+01	-5.451368e+01
6.050000e-06	-2.157205e-09	-8.781643e-10	-1.574500e+01	-5.527414e+01
6.060000e-06	-2.197697e-09	-8.911763e-10	-1.604054e+01	-5.602148e+01
6.070000e-06	-2.238049e-09	-9.057761e-10	-1.633507e+01	-5.675600e+01
6.080000e-06	-2.278281e-09	-9.209762e-10	-1.662871e+01	-5.747803e+01
6.090000e-06	-2.318410e-09	-9.333497e-10	-1.692160e+01	-5.818788e+01
6.100000e-06	-2.358449e-09	-9.428133e-10	-1.721384e+01	-5.888588e+01
6.110000e-06	-2.398407e-09	-9.517537e-10	-1.750549e+01	-5.957236e+01
6.120000e-06	-2.438288e-09	-9.627723e-10	-1.779657e+01	-6.024762e+01
6.130000e-06	-2.478086e-09	-9.757800e-10	-1.808705e+01	-6.091200e+01
6.140000e-06	-2.517781e-09	-9.878226e-10	-1.837678e+01	-6.156580e+01
6.150000e-06	-2.557345e-09	-9.980050e-10	-1.866554e+01	-6.220934e+01
6.160000e-06	-2.596738e-09	-1.007727e-09	-1.895307e+01	-6.284293e+01
6.170000e-06	-2.635918e-09	-1.016857e-09	-1.923903e+01	-6.346686e+01
6.180000e-06	-2.674843e-09	-1.023690e-09	-1.952314e+01	-6.408144e+01
6.190000e-06	-2.713469e-09	-1.029542e-09	-1.980506e+01	-6.468694e+01
6.200000e-06	-2.751758e-09	-1.037233e-09	-2.008452e+01	-6.528365e+01
6.210000e-06	-2.789689e-09	-1.046960e-09	-2.036137e+01	-6.587183e+01
6.220000e-06	-2.827255e-09	-1.056265e-09	-2.063555e+01	-6.645176e+01
6.230000e-06	-2.864466e-09	-1.064591e-09	-2.090715e+01	-6.702366e+01
6.240000e-06	-2.901359e-09	-1.073588e-09	-2.117642e+01	-6.758779e+01
6.250000e-06	-2.937975e-09	-1.083184e-09	-2.144368e+01	-6.814437e+01
6.260000e-06	-2.974366e-09	-1.092516e-09	-2.170928e+01	-6.869361e+01
6.270000e-06	-3.010583e-09	-1.100071e-09	-2.197362e+01	-6.923571e+01
6.280000e-06	-3.046667e-09	-1.106380e-09	-2.223699e+01	-6.977087e+01
6.290000e-06	-3.082639e-09	-1.114327e-09	-2.249954e+01	-7.029926e+01
6.300000e-06	-3.118500e-09	-1.123511e-09	-2.276129e+01	-7.082103e+01
6.310000e-06	-3.154233e-09	-1.132003e-09	-2.302210e+01	-7.133634e+01
6.320000e-06	-3.189804e-09	-1.140730e-09	-2.328172e+01	-7.184533e+01
6.330000e-06	-3.225170e-09	-1.150993e-09	-2.353985e+01	-7.234809e+01
6.340000e-06	-3.260296e-09	-1.161027e-09	-2.379623e+01	-7.284476e+01
6.350000e-06	-3.295164e-09	-1.168597e-09	-2.405072e+01	-7.333540e+01
6.360000e-06	-3.329774e-09	-1.174612e-09	-2.430334e+01	-7.382010e+01
6.370000e-06	-3.364144e-09	-1.181132e-09	-2.455419e+01	-7.429892e+01
6.380000e-06	-3.398290e-09	-1.189134e-09	-2.480342e+01	-7.477190e+01
6.390000e-06	-3.432225e-09	-1.197999e-09	-2.505110e+01	-7.523909e+01
6.400000e-06	-3.465942e-09	-1.207216e-09	-2.529719e+01	-7.570050e+01
6.410000e-06	-3.499417e-09	-1.216052e-09	-2.554152e+01	-7.615615e+01
6.420000e-06	-3.532627e-09	-1.223324e-09	-2.578392e+01	-7.660603e+01
6.430000e-06	-3.565559e-09	-1.229538e-09	-2.602428e+01	-7.705012e+01
6.440000e-06	-3.598219e-09	-1.235186e-09	-2.626265e+01	-7.748841e+01
6.450000e-06	-3.630640e-09	-1.240431e-09	-2.649929e+01	-7.792086e+01
6.460000e-06	-3.662860e-09	-1.246498e-09	-2.673445e+01	-7.834743e+01
6.470000e-06	-3.694913e-09	-1.254359e-09	-2.696840e+01	-7.876807e+01
6.480000e-06	-3.726811e-09	-1.262952e-09	-2.720122e+01	-7.918274e+01
6.490000e-06	-3.758533e-09	-1.270709e-09	-2.743275e+01	-7.959136e+01
6.500000e-06	-3.790028e-09	-1.276916e-09	-2.766263e+01	-7.999389e+01
6.510000e-06	-3.821235e-09	-1.281995e-09	-2.789040e+01	-8.039025e+01
6.520000e-06	-3.852089e-09	-1.286954e-09	-2.811560e+01	-8.078037e+01
6.530000e-06	-3.882527e-09	-1.291849e-09	-2.833776e+01	-8.116420e+01
6.540000e-06	-3.912504e-09	-1.296606e-09	-2.855655e+01	-8.154166e+01
6.550000e-06	-3.942011e-09	-1.301170e-09	-2.877192e+01	-8.191269e+01
6.560000e-06	-3.971073e-09	-1.305403e-09	-2.898404e+01	-8.227724e+01
6.570000e-06	-3.999754e-09	-1.309851e-09	-2.919337e+01	-8.263525e+01
6.580000e-06	-4.028138e-09	-1.314581e-09	-2.940054e+01	-8.298667e+01
6.590000e-06	-4.056302e-09	-1.318898e-09	-2.960610e+01	-8.333147e+01
6.600000e-06	-4.084298e-09	-1.321800e-09	-2.981044e+01	-8.366961e+01
6.610000e-06	-4.112134e-09	-1.324498e-09	-3.001361e+01	-8.400106e+01
6.620000e-06	-4.139774e-09	-1.329328e-09	-3.021534e+01	-8.432582e+01
6.630000e-06	-4.167158e-09	-1.335660e-09	-3.041522e+01	-8.464389e+01
6.640000e-06	-4.194239e-09	-1.342330e-09	-3.061287e+01	-8.495527e+01
6.650000e-06	-4.220997e-09	-1.348875e-09	-3.080818e+01	-8.525999e+01
6.660000e-06	-4.247443e-09	-1.354045e-09	-3.100120e+01	-8.555808e+01
6.670000e-06	-4.273598e-09	-1.358602e-09	-3.119210e+01	-8.584958e+01
6.680000e-06	-4.299469e-09	-1.364325e-09	-3.138093e+01	-8.613456e+01
6.690000e-06	-4.325041e-09	-1.370237e-09	-3.156757e+01	-8.641309e+01
6.700000e-06	-4.350287e-09	-1.374772e-09	-3.175183e+01	-8.668525e+01
6.710000e-06	-4.375197e-09	-1.377448e-09	-3.193365e+01	-8.695114e+01
6.720000e-06	-4.399794e-09	-1.380284e-09	-3.211318e+01	-8.721087e+01
6.730000e-06	-4.424130e-09	-1.385553e-09	-3.229080e+01	-8.746455e+01
6.740000e-06	-4.448260e-09	-1.391709e-09	-3.246692e+01	-8.771231e+01
6.750000e-06	-4.472216e-09	-1.395936e-09	-3.264177e+01	-8.795429e+01
6.760000e-06	-4.495979e-09	-1.398257e-09	-3.281521e+01	-8.819064e+01
6.770000e-06	-4.519485e-09	-1.400369e-09	-3.298678e+01	-8.842151e+01
6.780000e-06	-4.542649e-09	-1.402726e-09	-3.315584e+01	-8.864705e+01
6.790000e-06	-4.565379e-09	-1.404772e-09	-3.332175e+01	-8.886743e+01
6.800000e-06	-4.587601e-09	-1.406414e-09	-3.348394e+01	-8.908281e+01
6.810000e-06	-4.609283e-09	-1.408773e-09	-3.364219e+01	-8.929336e+01
6.820000e-06	-4.630445e-09	-1.412872e-09	-3.379665e+01	-8.949924e+01
6.830000e-06	-4.651160e-09	-1.418186e-09	-3.394784e+01	-8.970062e+01
6.840000e-06	-4.671535e-09	-1.421711e-09	-3.409655e+01	-8.989765e+01
6.850000e-06	-4.691667e-09	-1.422446e-09	-3.424349e+01	-9.009049e+01
6.860000e-06	-4.711607e-09	-1.423900e-09	-3.438903e+01	-9.027929e+01
6.870000e-06	-4.731340e-09	-1.426873e-09	-3.453306e+01	-9.046419e+01
6.880000e-06	-4.750807e-09	-1.428393e-09	-3.467514e+01	-9.064532e+01
6.890000e-06	-4.769940e-09	-1.428783e-09	-3.481479e+01	-9.082278e+01
6.900000e-06	-4.788713e-09	-1.431431e-09	-3.495181e+01	-9.099670e+01
6.910000e-06	-4.807148e-09	-1.436366e-09	-3.508636e+01	-9.116716e+01
6.920000e-06	-4.825283e-09	-1.440595e-09	-3.521873e+01	-9.133424e+01
6.930000e-06	-4.843130e-09	-1.443223e-09	-3.534899e+01	-9.149801e+01
6.940000e-06	-4.860667e-09	-1.445139e-09	-3.547699e+01	-9.165850e+01
6.950000e-06	-4.877853e-09	-1.446454e-09	-3.560242e+01	-9.181575e+01
6.960000e-06	-4.894675e-09	-1.447132e-09	-3.572521e+01	-9.196976e+01
6.970000e-06	-4.911174e-09	-1.447733e-09	-3.584563e+01	-9.212054e+01
6.980000e-06	-4.927411e-09	-1.449008e-09	-3.596414e+01	-9.226806e+01
6.990000e-06	-4.943433e-09	-1.451421e-09	-3.608108e+01	-9.241228e+01
7.000000e-06	-4.959228e-09	-1.454385e-09	-3.619636e+01	-9.255314e+01
7.010000e-06	-4.974702e-09	-1.456481e-09	-3.630931e+01	-9.269058e+01
7.020000e-06	-4.989714e-09	-1.457170e-09	-3.641887e+01	-9.282450e+01
7.030000e-06	-5.004146e-09	-1.457240e-09	-3.652421e+01	-9.295480e+01
7.040000e-06	-5.017960e-09	-1.457713e-09	-3.662503e+01	-9.308136e+01
7.050000e-06	-5.031204e-09	-1.458261e-09	-3.672170e+01	-9.320406e+01
7.060000e-06	-5.043969e-09	-1.458321e-09	-3.681487e+01	-9.332277e+01
7.070000e-06	-5.056347e-09	-1.459240e-09	-3.690521e+01	-9.343733e+01
7.080000e-06	-5.068397e-09	-1.461707e-09	-3.699316e+01	-9.354760e+01
7.090000e-06	-5.080118e-09	-1.463303e-09	-3.707871e+01	-9.365342e+01
7.100000e-06	-5.091473e-09	-1.461970e-09	-3.716159e+01	-9.375463e+01
7.110000e-06	-5.102432e-09	-1.459567e-09	-3.724158e+01	-9.385106e+01
7.120000e-06	-5.113009e-09	-1.458354e-09	-3.731878e+01	-9.394257e+01
7.130000e-06	-5.123247e-09	-1.458117e-09	-3.739350e+01	-9.402900e+01
7.140000e-06	-5.133171e-09	-1.458714e-09	-3.746593e+01	-9.411020e+01
7.150000e-06	-5.142760e-09	-1.460130e-09	-3.753592e+01	-9.418602e+01
7.160000e-06	-5.151970e-09	-1.461590e-09	-3.760314e+01	-9.425635e+01
7.170000e-06	-5.160790e-09	-1.462543e-09	-3.766752e+01	-9.432106e+01
7.180000e-06	-5.169267e-09	-1.462100e-09	-3.772939e+01	-9.438004e+01
7.190000e-06	-5.177474e-09	-1.459981e-09	-3.778929e+01	-9.443322e+01
7.200000e-06	-5.185472e-09	-1.458329e-09	-3.784766e+01	-9.448052e+01
7.210000e-06	-5.193253e-09	-1.458337e-09	-3.790446e+01	-9.452189e+01
7.220000e-06	-5.200740e-09	-1.457805e-09	-3.795910e+01	-9.455730e+01
7.230000e-06	-5.207821e-09	-1.455956e-09	-3.801079e+01	-9.458674e+01
7.240000e-06	-5.214389e-09	-1.455016e-09	-3.805872e+01	-9.461023e+01
7.250000e-06	-5.220370e-09	-1.454913e-09	-3.810238e+01	-9.462780e+01
7.260000e-06	-5.225759e-09	-1.454332e-09	-3.814171e+01	-9.463952e+01
7.270000e-06	-5.230623e-09	-1.452356e-09	-3.817721e+01	-9.464547e+01
7.280000e-06	-5.235079e-09	-1.450062e-09	-3.820973e+01	-9.464576e+01
7.290000e-06	-5.239246e-09	-1.449725e-09	-3.824015e+01	-9.464052e+01
7.300000e-06	-5.243188e-09	-1.449449e-09	-3.826892e+01	-9.462992e+01
7.310000e-06	-5.246884e-09	-1.447530e-09	-3.829590e+01	-9.461412e+01
7.320000e-06	-5.250264e-09	-1.444261e-09	-3.832057e+01	-9.459332e+01
7.330000e-06	-5.253269e-09	-1.441617e-09	-3.834250e+01	-9.456774e+01
7.340000e-06	-5.255898e-09	-1.441552e-09	-3.836169e+01	-9.453763e+01
7.350000e-06	-5.258193e-09	-1.443103e-09	-3.837844e+01	-9.450322e+01
7.360000e-06	-5.260197e-09	-1.444249e-09	-3.839306e+01	-9.446479e+01
7.370000e-06	-5.261885e-09	-1.444410e-09	-3.840539e+01	-9.442262e+01
7.380000e-06	-5.263150e-09	-1.443901e-09	-3.841462e+01	-9.437698e+01
7.390000e-06	-5.263984e-09	-1.443120e-09	-3.842071e+01	-9.432818e+01
7.400000e-06	-5.264500e-09	-1.441506e-09	-3.842447e+01	-9.427651e+01
