3.742199e+01
3.863011e+01
3.068060e+01
3.006489e+01
2.584281e+01
1.407214e+01
1.326754e+01
1.717335e+01
1.496149e+01
7.027109e+00
2.558753e+00
4.723233e+00
7.224781e+00
5.095418e-01
5.252120e+00
9.550396e+00
3.789341e+00
8.826824e-01
1.332411e+00
7.487936e-01
2.825945e+00
3.453637e+00
2.626180e+00
9.665573e+00
6.565926e+00
5.185531e+00
2.242995e+01
2.103477e+01
8.225661e+00
4.495114e+00
1.437635e+01
1.497221e+01
1.911741e+01
1.801483e+01
1.670313e+01
2.196063e+00
6.595361e+00
1.177754e+01
1.633763e+01
2.093581e+01
8.642052e+00
4.779145e+00
1.112054e+01
3.954001e+00
1.564950e+01
1.236495e+01
3.037184e+00
4.958865e+00
4.458686e+00
9.991745e+00
7.396104e+00
9.596986e+00
1.483927e+01
1.917869e+00
7.534285e+00
7.647186e+00
1.069058e+01
2.962081e-01
1.453182e+01
3.612416e+00
5.012786e+00
3.477480e-01
1.289629e+01
1.330506e+00
6.338877e+00
2.808615e+00
3.896175e+00
3.442261e+00
8.022440e+00
1.246782e+01
1.010512e+01
6.206165e+00
6.483697e+00
2.171698e+00
1.964964e+01
8.353373e+00
3.008280e+00
7.700295e+00
1.091235e+01
1.465011e+01
6.178782e+00
9.691731e+00
2.170347e+01
1.862240e+01
3.146449e+01
2.553169e+01
1.723530e+01
1.570316e+01
2.992475e+01
2.587548e+01
2.059719e+01
2.639639e+01
2.974190e+01
3.780956e+01
3.088327e+01
3.821807e+01
3.981148e+01
2.181547e+01
2.929728e+01
2.376114e+01
3.867010e+01
2.161643e+01
3.957589e+01
4.110580e+01
3.410370e+01
3.379858e+01
4.258241e+01
4.847126e+01
3.591055e+01
4.304843e+01
2.963871e+01
3.813010e+01
3.351104e+01
4.177862e+01
5.231634e+01
3.978479e+01
4.333277e+01
3.370227e+01
4.103136e+01
4.272869e+01
3.589056e+01
4.171076e+01
5.662875e+01
3.714020e+01
2.714567e+01
5.129308e+01
3.992373e+01
4.448537e+01
4.787222e+01
3.746180e+01
4.030576e+01
3.657513e+01
2.832882e+01
3.310236e+01
5.371902e+01
4.605632e+01
6.074483e+01
5.950762e+01
4.410047e+01
4.698601e+01
4.946145e+01
3.727146e+01
4.549129e+01
6.487204e+01
3.892399e+01
5.718925e+01
4.150638e+01
5.373220e+01
5.031064e+01
5.832640e+01
6.735095e+01
4.829236e+01
5.603792e+01
3.842537e+01
5.799476e+01
4.733923e+01
6.429571e+01
5.599958e+01
6.136693e+01
5.473036e+01
5.032383e+01
5.690787e+01
5.654530e+01
7.383452e+01
6.412962e+01
7.282369e+01
8.597085e+01
6.752144e+01
6.490390e+01
6.875498e+01
7.865850e+01
6.688483e+01
6.953634e+01
5.607284e+01
5.835092e+01
7.388419e+01
8.313309e+01
7.957246e+01
9.081297e+01
6.638123e+01
7.822460e+01
6.002690e+01
6.919517e+01
7.069163e+01
8.006400e+01
6.798421e+01
6.202046e+01
6.371916e+01
6.127706e+01
8.122401e+01
7.278818e+01
6.550420e+01
7.038242e+01
6.348764e+01
5.062241e+01
8.084583e+01
6.534233e+01
7.279479e+01
5.209199e+01
6.870431e+01
5.948952e+01
6.595485e+01
4.809674e+01
4.860467e+01
5.022201e+01
6.035642e+01
6.513641e+01
5.213325e+01
6.073200e+01
4.796479e+01
5.117607e+01
3.621565e+01
2.570151e+01
6.336204e+01
5.447748e+01
5.039781e+01
4.910309e+01
3.938884e+01
4.405177e+01
3.602275e+01
3.977686e+01
4.698863e+01
4.221444e+01
4.630267e+01
4.345851e+01
4.636972e+01
2.490900e+01
4.216582e+01
6.258861e+01
5.194055e+01
3.439950e+01
5.110000e+01
2.858906e+01
2.797122e+01
2.027065e+01
3.867453e+01
5.544245e+01
4.494471e+01
3.746938e+01
3.304601e+01
3.613654e+01
3.621176e+01
3.854119e+01
3.466952e+01
2.814252e+01
3.286248e+01
2.852848e+01
3.594752e+01
4.064514e+01
4.530696e+01
4.543101e+01
3.137169e+01
3.731610e+01
9.973478e+00
2.122140e+01
4.856232e+01
2.631481e+01
3.118977e+01
3.131304e+01
2.894725e+01
2.386324e+01
1.921915e+01
3.303170e+01
3.669330e+01
2.391679e+01
2.152970e+01
1.907770e+01
2.887981e+01
1.785303e+01
2.075971e+01
2.631950e+01
2.966991e+01
2.713584e+01
3.386941e+01
3.070122e+01
1.138773e+01
1.231912e+01
3.728461e+01
3.074652e+01
3.323856e+01
3.234904e+01
2.595132e+01
1.964292e+01
2.871425e+01
2.287339e+01
1.020052e+01
3.656955e+01
1.628773e+01
3.074880e+01
2.906586e+01
2.446621e+01
2.837991e+01
2.643236e+01
3.024295e+01
2.405138e+01
2.423601e+01
1.847344e+01
2.411102e+01
3.863141e+01
2.481897e+01
3.966677e+01
2.580225e+01
3.052057e+01
1.762401e+01
4.577298e+00
3.120525e+01
1.686057e+01
2.007134e+01
4.493830e+01
1.920014e+01
2.878685e+01
3.843021e+01
2.338739e+01
1.619226e+01
3.175167e+01
3.364531e+01
2.081098e+01
2.686050e+01
3.146423e+01
3.063736e+01
2.762313e+01
2.405633e+01
1.555057e+01
2.075804e+01
2.827880e+01
9.873931e+00
8.933228e+00
1.723995e+01
3.495457e+01
2.727794e+01
2.579905e+01
1.045225e+01
3.318773e+01
3.418933e+01
2.907149e+01
3.005205e+01
1.958652e+01
3.992986e+01
2.819280e+01
2.382174e+01
2.096396e+01
2.623906e+01
1.127036e+01
1.873434e+01
1.801300e+01
2.191523e+01
3.734574e+01
2.768328e+01
2.343880e+01
1.306928e+01
1.082332e+01
2.315190e+01
1.543808e+01
1.047319e+01
2.401908e+01
1.929443e+01
3.273692e+01
2.199531e+01
1.133686e+01
2.370736e+01
1.996842e+01
1.940893e+01
1.862156e+01
1.718933e+01
1.010600e+01
3.018434e+01
1.853652e+01
2.553592e+01
2.476510e+01
1.033909e+00
2.721830e+01
1.891949e+01
3.001749e+01
2.390748e+01
2.530653e+01
2.231484e+01
1.815521e+01
3.144900e+01
1.504565e+00
6.020170e+00
2.265814e+01
1.826677e+01
2.724170e+01
2.433573e+01
1.547998e+01
1.854360e+01
2.545312e+01
1.325497e+01
2.472490e+01
7.428651e+00
1.757965e+01
1.941513e+01
1.719636e+01
1.436626e+01
1.531507e+01
1.898468e+01
2.272895e+01
4.142437e+01
1.954759e+01
1.767769e+01
2.016787e+01
1.061219e+01
2.150895e+01
9.535905e+00
3.323953e+01
1.795991e+01
2.865854e+00
2.641262e+01
4.100916e+01
1.188867e+01
1.894658e+01
3.074095e+01
2.016345e+01
2.505449e+01
7.470580e+00
2.520447e+01
2.159031e+01
2.939161e+01
1.315310e+01
1.416465e+01
1.654272e+01
2.349706e+01
2.318054e+01
1.181422e+01
8.112106e+00
4.351264e+00
2.780939e+00
3.258205e+01
1.215852e+01
2.028477e+01
1.658368e+01
3.013932e+00
8.651984e+00
1.553725e+01
4.807429e-01
1.172027e+01
3.225816e+01
1.587321e+01
9.615467e-01
1.777046e+01
2.125836e+01
1.665211e+01
2.579611e+01
2.235465e+01
2.360871e+01
3.032722e+01
1.857387e+01
1.050395e+01
2.616338e+01
2.502180e+01
2.471380e+00
1.799342e+01
1.256097e+01
1.811312e+01
1.312945e+01
4.126121e+00
1.329091e+01
2.712992e+01
1.541829e+01
3.522919e+01
8.987703e+00
1.335593e+00
2.133758e+00
2.698778e+01
2.429403e+01
1.428576e+01
1.012453e+01
2.317455e+01
1.300392e+01
1.765147e+01
3.398573e+01
2.555502e+01
2.425402e+01
2.184452e+01
1.781521e+01
2.154950e+00
1.125919e+01
5.018853e+00
2.939746e+01
2.674714e+01
1.016543e+01
5.390739e-02
6.877604e+00
1.105717e+01
2.281914e+01
1.404816e+01
2.319237e+01
3.535057e+01
1.834270e+01
2.603026e+01
2.626423e+01
3.270774e+00
1.511550e+01
2.176928e+01
2.452207e+01
2.391460e+01
3.887662e+01
2.246498e+01
8.544314e+00
2.144896e+01
1.622070e+01
3.080872e+01
7.874496e+00
1.066890e+01
2.873390e+01
2.808439e+01
2.215344e+01
1.982208e+01
1.428518e+01
2.076247e+01
1.443895e+01
9.726851e+00
2.178078e+01
1.500179e+01
3.606631e+01
3.455596e+00
3.700159e+01
3.504017e+01
2.028297e+01
1.676584e+01
1.984254e+01
2.443896e+01
2.291833e+01
3.511380e+01
3.252739e+01
3.064501e+01
2.460950e+01
2.671954e+01
2.417769e+01
1.912928e+01
9.934605e+00
1.303290e+01
1.138441e+01
8.790271e+00
9.135664e+00
3.796743e+01
3.575698e+01
1.717448e+01
1.459826e+00
3.162366e+01
1.927816e+01
1.958361e+01
1.529147e+01
2.439323e+01
3.575465e+01
2.150048e+01
2.398797e+01
2.356250e+01
9.764110e+00
2.208396e+00
1.896125e+01
2.624018e+01
2.406395e+01
3.348313e+01
2.378636e+01
4.976914e+00
8.291801e+00
1.091681e+01
2.995074e+01
1.043746e+01
3.157894e+01
1.449248e+00
2.595533e+01
1.772457e+01
1.609937e+01
7.384286e-01
1.585136e+01
2.085342e+01
1.301552e+00
2.564016e+01
2.206833e+00
2.690284e+01
1.769492e+01
7.885611e+00
4.425622e+00
2.686746e+01
2.039075e+01
1.604469e+01
1.477375e+01
2.703858e+01
1.010348e+01
1.312217e+01
2.974503e+00
2.147812e+01
2.645237e+01
1.509841e+01
3.056489e+01
2.861176e+01
2.952548e+01
3.233238e+01
1.154620e+01
1.528992e+01
3.209431e+01
2.040596e+01
1.659608e+01
2.425182e+01
1.749591e+01
1.325115e+01
1.396566e+01
2.239462e+01
3.289252e+01
7.973305e+00
2.893302e+01
1.424335e+01
1.016662e+01
1.812736e+01
1.888432e+01
2.824306e+01
2.366216e+01
2.994801e+01
1.154774e+01
1.536097e+01
2.218797e+01
4.421643e+01
2.491170e+01
2.447397e+01
3.455278e+00
1.966658e+01
1.915411e+01
3.332492e+01
1.750890e+01
2.850445e+01
1.689499e+01
2.787999e+01
3.061830e+01
1.955789e+01
1.742738e+01
2.334238e+01
1.602850e+01
2.744304e+01
2.944145e+01
2.780598e+01
2.623060e+01
1.263129e+01
1.515879e+01
3.283023e+01
3.342442e+01
1.436767e+01
1.942858e+01
2.469522e+01
1.860645e+01
1.889631e+01
2.403597e+01
2.363930e+01
1.824700e+01
3.352069e+01
9.122133e+00
2.376249e+01
4.068352e+01
3.446872e+01
1.791135e+01
5.463758e+01
5.034865e+01
2.969864e+01
3.001171e+01
3.557021e+01
2.386561e+01
3.670843e+01
4.035401e+01
1.768912e+01
1.777137e+01
3.278158e+01
3.324695e+01
2.493259e+01
3.312773e+01
3.587022e+01
2.904193e+01
2.870500e+01
2.326948e+01
3.348530e+01
1.100597e+01
3.207781e+01
3.538398e+01
3.559105e+01
6.507239e+00
2.561178e+01
1.039534e+01
3.091019e+01
3.067723e+00
3.114582e+00
1.858960e+01
2.102983e+01
2.550217e+01
2.172666e+01
1.288028e+01
1.666345e+01
1.175495e+01
1.797969e+01
3.812560e+01
2.087328e+01
1.779063e+01
2.670440e+01
2.809989e+01
1.073886e+01
3.561623e+01
2.190234e+01
3.902244e+01
3.034832e+01
3.671142e+01
1.199270e+01
4.820697e+00
2.574859e+01
3.693211e+01
4.070817e+01
2.758009e+01
2.206881e+01
2.965078e+01
1.337173e+01
2.475133e+01
1.626125e+01
2.139583e+01
2.478150e+01
8.624692e+00
1.501944e+01
3.418973e-01
1.226790e+01
1.588241e+01
9.130531e+00
1.539140e+01
1.497234e+01
2.464451e+01
1.731708e+01
2.388023e+01
1.228306e+01
2.244336e+01
1.838283e+01
1.404003e+01
3.794849e+00
1.314568e+01
1.369355e+01
1.733535e+01
2.193787e+00
3.234864e+01
1.479227e+01
2.447267e+01
2.336402e+01
8.564355e+00
1.783192e+01
2.366191e+01
7.695900e-01
1.436406e+01
1.907513e+01
1.850276e+01
1.714262e+01
1.306006e+01
8.532210e+00
1.006927e+01
4.167538e+01
3.462006e+01
4.186357e+01
3.155479e+01
2.318383e+01
3.342568e+01
1.942208e+01
2.138898e+01
3.466322e+01
2.707371e+01
3.073709e+01
1.860062e+01
2.089329e+01
1.010524e+01
3.013307e+01
5.153078e+00
4.069078e+01
1.853622e+01
3.046709e+01
3.930799e+01
6.241632e+00
1.352646e+01
2.551117e+01
3.271982e+01
2.859428e+01
1.798073e+01
1.668101e+01
3.976773e+01
1.783031e+01
3.019382e+01
1.822144e+01
2.929079e+01
3.334652e+01
2.617674e+01
1.854670e+01
3.623848e+01
4.068067e+01
3.620133e+01
2.012036e+01
3.671695e+01
2.530826e+01
3.278877e+01
1.029167e+01
9.207514e+00
5.791613e+00
8.475671e+00
6.808459e-01
4.877382e+00
9.466680e+00
5.246939e+00
4.796523e-01
1.501187e+00
1.026402e+00
1.090373e+00
1.754520e+01
5.396895e+00
1.977079e+01
3.209491e+01
1.429563e-01
1.100382e+01
1.495914e+00
8.281151e+00
4.461052e+00
7.737722e+00
1.520715e+01
1.706254e+01
9.408933e+00
1.613463e+01
8.965645e+00
8.229244e+00
3.582339e+00
5.999710e+00
3.583751e+00
4.750650e+00
4.959709e+00
2.837819e+01
4.117658e-01
3.021254e+01
4.122378e-01
2.058031e+00
6.468119e+00
1.995381e+01
9.324295e+00
3.575526e+00
6.650106e+00
8.629607e+00
1.241725e+01
1.586726e+01
4.084714e+01
6.409811e+00
1.204318e+01
1.424455e+01
9.682413e+00
4.283368e+01
3.837124e+01
9.185935e+00
1.900944e+01
1.636351e+00
7.061953e+00
2.327586e+01
2.191745e+01
8.908227e+00
5.968424e+00
4.042046e+01
3.669061e+01
4.560749e+01
2.228928e+00
2.236815e+01
1.630854e+01
1.287480e+01
4.278525e+01
4.110787e+01
3.528175e+01
3.672747e+00
4.455043e+00
1.561251e+01
1.698788e+01
2.126177e+01
5.145060e+00
1.313877e+01
4.001660e+00
1.313981e+01
2.156508e+01
7.412667e+00
1.432060e+01
1.476049e+01
2.064584e+01
2.252391e+00
1.240376e+01
1.846317e-01
5.725125e+00
1.524985e+01
1.678576e+01
8.811772e+00
1.476228e+01
6.579045e+00
1.491920e+01
3.036371e+01
2.576829e+01
1.271320e+01
3.599791e+00
1.463249e+01
1.140107e+00
1.366056e+01
2.177365e+01
1.812058e+01
4.226934e+00
8.295805e+00
1.228010e+01
1.540658e+01
1.887784e+01
5.451206e-01
1.683444e+01
2.065953e+00
1.150562e+01
2.225647e+01
3.379949e+01
1.708670e+01
1.441092e+01
1.727551e+01
6.090592e+00
2.591014e+01
1.698011e+01
2.712077e+01
1.742342e+01
1.864533e+01
2.964276e+01
3.572234e+01
1.602233e+01
1.442723e+01
1.480255e+01
1.514085e+01
8.454560e+00
1.018507e+01
1.684346e+01
1.331029e+01
4.949442e+01
3.721827e+00
2.590884e+01
2.364812e+01
2.345917e+01
2.267124e+01
1.840062e+01
2.205365e+01
3.626256e+00
2.415111e+00
6.244126e+00
1.427764e+01
2.839835e+01
1.540005e+01
3.650421e+01
2.572476e+00
1.118001e+01
3.639286e-01
1.574654e+01
1.001549e+01
1.122751e+01
7.930377e+00
1.930195e+01
1.143257e+01
5.105881e+00
2.055598e+01
5.902604e+00
1.317827e+00
2.148567e+00
9.368904e+00
3.869508e+00
7.096907e-01
1.630314e+01
1.118589e+01
5.072274e-01
2.600218e+00
6.784243e+00
5.916585e+00
1.531917e+01
2.488853e-01
4.572165e+00
9.805170e-01
1.721888e+01
1.527432e+00
1.649529e+00
7.018967e+00
6.398954e+00
8.005097e+00
7.922948e+00
9.831799e+00
1.218176e+01
2.040636e+01
1.222887e+01
1.034157e+00
7.690355e-01
1.233566e+01
2.527539e+00
3.724544e+00
2.379120e+01
6.169926e+00
8.081194e-01
1.930558e+00
7.435249e+00
9.082559e+00
1.086855e+01
5.178690e+00
2.236238e+01
3.866926e+00
4.960148e+00
1.777441e+01
2.019910e+01
2.974767e+00
5.538265e-02
2.137188e+01
2.468408e+00
3.427518e+00
1.675135e+00
4.266507e+00
2.719858e+00
6.388002e+00
8.062629e+00
2.319476e+00
2.253430e+01
2.576746e+01
1.608289e+01
1.005769e+01
9.394615e+00
4.632038e-02
1.807775e+01
1.183060e+01
2.481790e+00
1.082009e+01
1.906055e+01
7.503684e+00
5.175679e+00
3.700726e+00
2.355764e+01
2.301241e+01
1.624943e+01
1.813257e+01
1.550724e+00
2.266163e+01
5.102295e-01
1.276060e+00
5.817453e+00
1.154918e+01
9.948080e+00
6.435561e+00
4.626964e+00
2.089410e+00
1.315061e+01
1.563873e+00
5.820006e+00
6.895021e+00
5.759845e-01
1.697364e+01
4.987265e-03
2.156133e+01
2.517341e+01
2.109100e+01
6.314115e+00
1.021473e+01
1.347676e+01
7.312061e+00
6.326530e+00
1.087036e+01
4.573206e+00
6.967635e+00
2.021912e+01
1.678015e+01
2.381225e+01
2.493375e+01
1.197945e+01
1.314467e+01
3.307774e+00
8.308344e+00
8.163066e-01
1.761633e+01
1.345650e+01
1.924693e+01
4.847941e+00
1.078027e+01
1.658773e+01
3.402894e+01
2.058166e+01
2.664164e+01
1.411614e+01
3.101844e+01
1.417752e+01
2.812789e+01
1.361360e+01
1.429989e+01
1.810786e+01
1.026040e+01
2.913583e+01
1.457188e+01
1.886841e+01
2.722313e+01
9.733844e+00
2.348395e+01
1.716104e+01
2.205141e+01
2.341796e+01
9.632430e-01
2.867852e+01
1.312684e+01
2.999358e+01
1.744724e+01
1.677496e+01
1.539142e+01
1.922511e+01
1.379702e+01
5.956182e+00
2.732473e+01
2.760502e+01
1.875239e+01
2.279763e+01
2.563512e+01
1.070921e+01
1.946804e+01
2.551541e+01
4.124862e+00
2.255911e+01
2.228653e+01
5.486928e-01
2.844610e+01
2.838708e+01
2.978415e+01
3.683140e+01
2.709893e+01
2.331365e+01
2.663831e+01
2.024693e+01
7.906447e+00
3.133153e+01
1.696005e+01
1.581676e+01
2.590728e+01
1.774049e+00
1.757746e+01
1.319110e+01
3.875362e+01
1.825316e+01
1.335269e+01
2.482044e+01
1.998616e+01
3.215502e+00
3.655303e+01
5.697402e+00
9.336024e+00
1.013897e+01
8.780958e+00
3.141500e+01
2.439145e+00
1.319412e+01
1.623736e+01
1.326210e+01
1.381311e+01
8.954470e+00
1.881086e+01
1.106072e+01
1.967278e+01
2.318536e+01
2.154284e+01
1.518357e+01
7.805122e+00
1.201058e+01
1.230247e+01
1.687352e+01
2.037925e+01
5.201359e+00
1.405373e+01
1.299463e+01
2.800633e+01
2.002784e+01
9.617016e+00
1.717262e+01
1.096784e+01
4.055870e+01
2.331642e+01
1.437138e+01
1.915816e+01
1.036719e+01
1.430309e+01
3.258792e+01
1.954842e+01
1.841707e+01
1.101600e+01
1.999250e+01
2.101093e+01
1.956764e+01
4.752222e+00
2.589191e+01
1.766564e+01
1.512783e+01
1.716445e+01
2.118534e+01
1.105481e+01
1.143177e+01
1.325627e+01
1.732891e+01
2.138708e+01
1.076864e+01
2.135441e+01
1.895933e+01
1.969950e+01
3.265328e+01
1.359436e+01
7.584791e+00
4.235662e+00
1.894900e+01
1.129659e+01
2.651894e+01
2.048663e+01
2.797130e+01
2.192998e+01
2.573130e+01
2.193617e+01
2.090727e+00
1.260817e+01
1.922762e+01
1.020340e+01
1.021110e+01
1.652046e+01
1.143782e+01
1.453294e+01
1.318149e+01
1.564523e+01
1.815247e+01
1.180812e+01
2.803063e+01
1.948252e+01
3.185112e+01
1.653001e+01
2.139881e+01
2.718076e+01
1.786547e+01
4.348240e+00
9.498586e+00
1.451026e+01
1.944850e+01
1.796594e+01
1.582547e+01
1.052916e+01
1.971222e+01
8.732513e+00
8.284233e+00
3.189266e+00
1.436919e+00
7.852558e+00
2.224284e+01
2.507935e+01
1.166478e+01
2.284856e+01
1.726024e+01
3.397728e+01
3.237840e+01
2.083646e+01
1.955847e+01
2.483611e+01
1.165081e+01
2.029804e+01
1.418933e+01
1.127161e+01
3.421053e+01
1.533996e+00
5.943528e+00
1.975385e+01
4.011765e+00
4.413960e+00
3.041682e+01
2.374584e+01
8.159103e+00
1.053132e+01
1.322507e+01
1.210967e+01
1.151220e+01
5.863680e+00
1.464580e+01
1.149059e+01
1.571044e+01
6.894011e+00
3.618593e+00
1.302303e-01
1.697264e+01
1.482585e+01
3.850320e+01
1.717255e+01
1.787532e+01
1.990591e+00
2.271558e+00
2.276372e+01
3.707385e+01
1.286848e+01
2.117247e+01
1.766486e+01
3.825758e+00
1.376224e+01
8.144137e+00
9.569004e+00
2.616515e+01
4.121052e+00
4.713644e+00
2.948192e+01
2.605990e+01
1.375755e+01
5.568641e+00
1.744877e+01
2.506833e+01
1.450416e+01
1.263982e+01
7.810181e+00
8.372864e+00
1.289682e+01
5.763078e+00
2.079993e+01
1.455295e+01
2.517185e+01
1.088147e+01
1.948040e+01
2.190744e+01
4.944180e+00
1.723896e+01
2.500000e+01
3.748244e+01
3.888543e+00
1.678031e+00
2.300519e+00
1.596100e+01
3.466514e+01
1.779636e+01
1.725184e+01
3.563154e+00
1.222763e+01
6.548203e-01
1.161018e+01
2.767411e+00
1.129799e+01
2.365635e+01
1.769219e+01
2.058395e+01
2.440262e+01
1.472078e+01
2.571707e+01
3.297906e+01
6.986929e+00
1.694762e+01
1.110084e+01
2.219124e+01
1.721417e+01
6.510517e+00
7.807555e+00
8.088016e-01
1.043064e+01
7.258843e+00
4.422935e+00
2.135141e+01
5.115795e+00
2.590814e+01
1.424328e+01
1.823545e+01
1.509849e+01
1.659842e+01
1.898616e+01
1.849616e+01
1.821477e+01
2.107944e+01
1.623317e+01
2.260757e+01
2.773051e+01
1.032839e+01
2.178195e+01
1.821634e+01
1.589663e+01
2.740864e+00
1.189302e+01
1.157830e+01
1.176970e+01
2.622392e+01
2.961145e+01
2.757965e+01
2.005553e+01
3.745921e+01
1.188979e+01
2.597816e+01
1.930926e+00
1.974643e+01
2.858480e+01
5.244554e+00
6.032884e+00
1.025919e+01
2.026979e+01
1.857369e+01
2.515823e+01
1.237469e+01
