# Temperatura_=_1.3750067658998648
# Concentracion g/m^3_=_1720.0
# C_Vs_to_Am_M_A/Vsm_=_65563218390.804596
# pendiente_HvsI_1/m_=_3716.3
# ordenada_HvsI_A/m_=_1297.0
# frecuencia_Hz_=_135007.65014393398
# Promedio de 739 ciclos

Tiempo_(s)	Campo_(V.s)	Magnetizacion_(V.s)	Campo_(kA/m)	Magnetizacion_(A/m)
0.000000e+00	-5.304399e-09	-9.913896e-10	-3.842651e+01	-6.823926e+01
1.000000e-08	-5.304477e-09	-9.896933e-10	-3.842708e+01	-6.815154e+01
2.000000e-08	-5.304344e-09	-9.904478e-10	-3.842612e+01	-6.806268e+01
3.000000e-08	-5.303960e-09	-9.907707e-10	-3.842334e+01	-6.797306e+01
4.000000e-08	-5.303225e-09	-9.883213e-10	-3.841801e+01	-6.788304e+01
5.000000e-08	-5.302036e-09	-9.841036e-10	-3.840939e+01	-6.779297e+01
6.000000e-08	-5.300311e-09	-9.758716e-10	-3.839690e+01	-6.770315e+01
7.000000e-08	-5.297989e-09	-9.569160e-10	-3.838008e+01	-6.761389e+01
8.000000e-08	-5.295058e-09	-9.499979e-10	-3.835884e+01	-6.752544e+01
9.000000e-08	-5.291566e-09	-9.990876e-10	-3.833355e+01	-6.743801e+01
1.000000e-07	-5.287629e-09	-1.063207e-09	-3.830503e+01	-6.735181e+01
1.100000e-07	-5.283414e-09	-1.029560e-09	-3.827449e+01	-6.726697e+01
1.200000e-07	-5.279028e-09	-9.393192e-10	-3.824272e+01	-6.718360e+01
1.300000e-07	-5.274413e-09	-9.424605e-10	-3.820928e+01	-6.710175e+01
1.400000e-07	-5.269421e-09	-1.028336e-09	-3.817313e+01	-6.702146e+01
1.500000e-07	-5.264006e-09	-9.946908e-10	-3.813389e+01	-6.694269e+01
1.600000e-07	-5.258227e-09	-8.737482e-10	-3.809203e+01	-6.686536e+01
1.700000e-07	-5.252095e-09	-8.873222e-10	-3.804761e+01	-6.678936e+01
1.800000e-07	-5.245561e-09	-1.020838e-09	-3.800028e+01	-6.671453e+01
1.900000e-07	-5.238652e-09	-1.040864e-09	-3.795022e+01	-6.664066e+01
2.000000e-07	-5.231450e-09	-9.338854e-10	-3.789805e+01	-6.656750e+01
2.100000e-07	-5.223984e-09	-9.249958e-10	-3.784396e+01	-6.649478e+01
2.200000e-07	-5.216232e-09	-9.838368e-10	-3.778781e+01	-6.642216e+01
2.300000e-07	-5.208209e-09	-9.611240e-10	-3.772969e+01	-6.634929e+01
2.400000e-07	-5.199883e-09	-8.997196e-10	-3.766937e+01	-6.627578e+01
2.500000e-07	-5.191090e-09	-9.533329e-10	-3.760567e+01	-6.620122e+01
2.600000e-07	-5.181688e-09	-1.013424e-09	-3.753756e+01	-6.612517e+01
2.700000e-07	-5.171707e-09	-9.826190e-10	-3.746525e+01	-6.604716e+01
2.800000e-07	-5.161228e-09	-9.682310e-10	-3.738935e+01	-6.596674e+01
2.900000e-07	-5.150275e-09	-1.027048e-09	-3.731000e+01	-6.588340e+01
3.000000e-07	-5.138859e-09	-1.023918e-09	-3.722730e+01	-6.579667e+01
3.100000e-07	-5.127023e-09	-9.633299e-10	-3.714155e+01	-6.570604e+01
3.200000e-07	-5.114817e-09	-9.855384e-10	-3.705313e+01	-6.561103e+01
3.300000e-07	-5.102257e-09	-1.053110e-09	-3.696214e+01	-6.551115e+01
3.400000e-07	-5.089317e-09	-1.039988e-09	-3.686840e+01	-6.540594e+01
3.500000e-07	-5.075982e-09	-9.946747e-10	-3.677180e+01	-6.529493e+01
3.600000e-07	-5.062277e-09	-1.004032e-09	-3.667252e+01	-6.517768e+01
3.700000e-07	-5.048219e-09	-1.011621e-09	-3.657068e+01	-6.505380e+01
3.800000e-07	-5.033737e-09	-9.938475e-10	-3.646576e+01	-6.492288e+01
3.900000e-07	-5.018715e-09	-9.861906e-10	-3.635694e+01	-6.478458e+01
4.000000e-07	-5.003133e-09	-9.853614e-10	-3.624406e+01	-6.463858e+01
4.100000e-07	-4.987061e-09	-9.805508e-10	-3.612763e+01	-6.448459e+01
4.200000e-07	-4.970569e-09	-1.007379e-09	-3.600816e+01	-6.432236e+01
4.300000e-07	-4.953725e-09	-1.019000e-09	-3.588614e+01	-6.415169e+01
4.400000e-07	-4.936593e-09	-9.774315e-10	-3.576202e+01	-6.397242e+01
4.500000e-07	-4.919196e-09	-9.468821e-10	-3.563600e+01	-6.378443e+01
4.600000e-07	-4.901514e-09	-9.735225e-10	-3.550790e+01	-6.358763e+01
4.700000e-07	-4.883504e-09	-9.812954e-10	-3.537743e+01	-6.338199e+01
4.800000e-07	-4.865119e-09	-9.549340e-10	-3.524425e+01	-6.316753e+01
4.900000e-07	-4.846320e-09	-9.477198e-10	-3.510807e+01	-6.294428e+01
5.000000e-07	-4.827128e-09	-9.698226e-10	-3.496903e+01	-6.271235e+01
5.100000e-07	-4.807604e-09	-9.758718e-10	-3.482759e+01	-6.247187e+01
5.200000e-07	-4.787816e-09	-9.600987e-10	-3.468424e+01	-6.222299e+01
5.300000e-07	-4.767818e-09	-9.339208e-10	-3.453938e+01	-6.196593e+01
5.400000e-07	-4.747612e-09	-9.274371e-10	-3.439300e+01	-6.170092e+01
5.500000e-07	-4.727141e-09	-9.437751e-10	-3.424470e+01	-6.142822e+01
5.600000e-07	-4.706340e-09	-9.482742e-10	-3.409401e+01	-6.114813e+01
5.700000e-07	-4.685187e-09	-9.251045e-10	-3.394077e+01	-6.086095e+01
5.800000e-07	-4.663706e-09	-9.184703e-10	-3.378516e+01	-6.056702e+01
5.900000e-07	-4.641930e-09	-9.375655e-10	-3.362741e+01	-6.026669e+01
6.000000e-07	-4.619865e-09	-9.416556e-10	-3.346756e+01	-5.996031e+01
6.100000e-07	-4.597483e-09	-9.185750e-10	-3.330542e+01	-5.964824e+01
6.200000e-07	-4.574759e-09	-9.006974e-10	-3.314080e+01	-5.933086e+01
6.300000e-07	-4.551688e-09	-9.046165e-10	-3.297367e+01	-5.900854e+01
6.400000e-07	-4.528293e-09	-9.119503e-10	-3.280419e+01	-5.868163e+01
6.500000e-07	-4.504624e-09	-9.032295e-10	-3.263272e+01	-5.835050e+01
6.600000e-07	-4.480731e-09	-8.832162e-10	-3.245964e+01	-5.801548e+01
6.700000e-07	-4.456638e-09	-8.781216e-10	-3.228510e+01	-5.767692e+01
6.800000e-07	-4.432307e-09	-8.880181e-10	-3.210884e+01	-5.733512e+01
6.900000e-07	-4.407662e-09	-8.862784e-10	-3.193030e+01	-5.699038e+01
7.000000e-07	-4.382626e-09	-8.665459e-10	-3.174894e+01	-5.664296e+01
7.100000e-07	-4.357145e-09	-8.582194e-10	-3.156435e+01	-5.629312e+01
7.200000e-07	-4.331184e-09	-8.656878e-10	-3.137628e+01	-5.594107e+01
7.300000e-07	-4.304731e-09	-8.673898e-10	-3.118464e+01	-5.558700e+01
7.400000e-07	-4.277821e-09	-8.496096e-10	-3.098970e+01	-5.523108e+01
7.500000e-07	-4.250522e-09	-8.328831e-10	-3.079194e+01	-5.487344e+01
7.600000e-07	-4.222915e-09	-8.322442e-10	-3.059195e+01	-5.451418e+01
7.700000e-07	-4.195076e-09	-8.398573e-10	-3.039028e+01	-5.415338e+01
7.800000e-07	-4.167058e-09	-8.338646e-10	-3.018730e+01	-5.379109e+01
7.900000e-07	-4.138860e-09	-8.200240e-10	-2.998303e+01	-5.342731e+01
8.000000e-07	-4.110435e-09	-8.160948e-10	-2.977711e+01	-5.306205e+01
8.100000e-07	-4.081722e-09	-8.210669e-10	-2.956911e+01	-5.269526e+01
8.200000e-07	-4.052695e-09	-8.143310e-10	-2.935883e+01	-5.232688e+01
8.300000e-07	-4.023359e-09	-7.963302e-10	-2.914631e+01	-5.195684e+01
8.400000e-07	-3.993741e-09	-7.823176e-10	-2.893175e+01	-5.158504e+01
8.500000e-07	-3.963865e-09	-7.820098e-10	-2.871532e+01	-5.121136e+01
8.600000e-07	-3.933750e-09	-7.823002e-10	-2.849716e+01	-5.083566e+01
8.700000e-07	-3.903403e-09	-7.748217e-10	-2.827732e+01	-5.045781e+01
8.800000e-07	-3.872810e-09	-7.660621e-10	-2.805569e+01	-5.007766e+01
8.900000e-07	-3.841945e-09	-7.647446e-10	-2.783210e+01	-4.969505e+01
9.000000e-07	-3.810795e-09	-7.641935e-10	-2.760644e+01	-4.930982e+01
9.100000e-07	-3.779383e-09	-7.547840e-10	-2.737888e+01	-4.892182e+01
9.200000e-07	-3.747750e-09	-7.402213e-10	-2.714972e+01	-4.853090e+01
9.300000e-07	-3.715933e-09	-7.308155e-10	-2.691923e+01	-4.813690e+01
9.400000e-07	-3.683949e-09	-7.267638e-10	-2.668753e+01	-4.773969e+01
9.500000e-07	-3.651794e-09	-7.191406e-10	-2.645459e+01	-4.733915e+01
9.600000e-07	-3.619440e-09	-7.082992e-10	-2.622020e+01	-4.693516e+01
9.700000e-07	-3.586831e-09	-7.023794e-10	-2.598398e+01	-4.652763e+01
9.800000e-07	-3.553906e-09	-7.042015e-10	-2.574546e+01	-4.611647e+01
9.900000e-07	-3.520621e-09	-7.035884e-10	-2.550434e+01	-4.570164e+01
1.000000e-06	-3.486956e-09	-6.949831e-10	-2.526046e+01	-4.528308e+01
1.010000e-06	-3.452900e-09	-6.833538e-10	-2.501375e+01	-4.486079e+01
1.020000e-06	-3.418447e-09	-6.766008e-10	-2.476416e+01	-4.443477e+01
1.030000e-06	-3.383610e-09	-6.718017e-10	-2.451180e+01	-4.400504e+01
1.040000e-06	-3.348432e-09	-6.646392e-10	-2.425695e+01	-4.357166e+01
1.050000e-06	-3.312967e-09	-6.557825e-10	-2.400004e+01	-4.313469e+01
1.060000e-06	-3.277282e-09	-6.513787e-10	-2.374152e+01	-4.269423e+01
1.070000e-06	-3.241426e-09	-6.495632e-10	-2.348178e+01	-4.225039e+01
1.080000e-06	-3.205432e-09	-6.457395e-10	-2.322102e+01	-4.180330e+01
1.090000e-06	-3.169309e-09	-6.375134e-10	-2.295934e+01	-4.135311e+01
1.100000e-06	-3.133044e-09	-6.291667e-10	-2.269663e+01	-4.089998e+01
1.110000e-06	-3.096610e-09	-6.220442e-10	-2.243268e+01	-4.044409e+01
1.120000e-06	-3.059974e-09	-6.153652e-10	-2.216728e+01	-3.998562e+01
1.130000e-06	-3.023124e-09	-6.073172e-10	-2.190034e+01	-3.952477e+01
1.140000e-06	-2.986050e-09	-5.992260e-10	-2.163176e+01	-3.906173e+01
1.150000e-06	-2.948745e-09	-5.911620e-10	-2.136151e+01	-3.859672e+01
1.160000e-06	-2.911221e-09	-5.829352e-10	-2.108968e+01	-3.812993e+01
1.170000e-06	-2.873500e-09	-5.749951e-10	-2.081642e+01	-3.766156e+01
1.180000e-06	-2.835591e-09	-5.690565e-10	-2.054180e+01	-3.719181e+01
1.190000e-06	-2.797495e-09	-5.643729e-10	-2.026582e+01	-3.672087e+01
1.200000e-06	-2.759205e-09	-5.575265e-10	-1.998844e+01	-3.624891e+01
1.210000e-06	-2.720709e-09	-5.475849e-10	-1.970956e+01	-3.577609e+01
1.220000e-06	-2.681999e-09	-5.380743e-10	-1.942913e+01	-3.530257e+01
1.230000e-06	-2.643085e-09	-5.312882e-10	-1.914722e+01	-3.482846e+01
1.240000e-06	-2.603978e-09	-5.256333e-10	-1.886392e+01	-3.435387e+01
1.250000e-06	-2.564687e-09	-5.188695e-10	-1.857929e+01	-3.387890e+01
1.260000e-06	-2.525230e-09	-5.120084e-10	-1.829345e+01	-3.340360e+01
1.270000e-06	-2.485627e-09	-5.070848e-10	-1.800656e+01	-3.292800e+01
1.280000e-06	-2.445897e-09	-5.007829e-10	-1.771874e+01	-3.245213e+01
1.290000e-06	-2.406059e-09	-4.909657e-10	-1.743014e+01	-3.197596e+01
1.300000e-06	-2.366125e-09	-4.790582e-10	-1.714085e+01	-3.149946e+01
1.310000e-06	-2.326102e-09	-4.695634e-10	-1.685091e+01	-3.102255e+01
1.320000e-06	-2.285985e-09	-4.617215e-10	-1.656029e+01	-3.054515e+01
1.330000e-06	-2.245761e-09	-4.519858e-10	-1.626890e+01	-3.006713e+01
1.340000e-06	-2.205414e-09	-4.414420e-10	-1.597661e+01	-2.958834e+01
1.350000e-06	-2.164917e-09	-4.344411e-10	-1.568324e+01	-2.910863e+01
1.360000e-06	-2.124247e-09	-4.301776e-10	-1.538862e+01	-2.862781e+01
1.370000e-06	-2.083387e-09	-4.250297e-10	-1.509262e+01	-2.814565e+01
1.380000e-06	-2.042328e-09	-4.170312e-10	-1.479518e+01	-2.766195e+01
1.390000e-06	-2.001063e-09	-4.076765e-10	-1.449625e+01	-2.717645e+01
1.400000e-06	-1.959585e-09	-3.990776e-10	-1.419577e+01	-2.668891e+01
1.410000e-06	-1.917883e-09	-3.907041e-10	-1.389367e+01	-2.619907e+01
1.420000e-06	-1.875949e-09	-3.808699e-10	-1.358988e+01	-2.570664e+01
1.430000e-06	-1.833787e-09	-3.717550e-10	-1.328445e+01	-2.521137e+01
1.440000e-06	-1.791405e-09	-3.650688e-10	-1.297743e+01	-2.471297e+01
1.450000e-06	-1.748804e-09	-3.593852e-10	-1.266882e+01	-2.421118e+01
1.460000e-06	-1.705990e-09	-3.525020e-10	-1.235866e+01	-2.370572e+01
1.470000e-06	-1.662975e-09	-3.438507e-10	-1.204705e+01	-2.319635e+01
1.480000e-06	-1.619776e-09	-3.336858e-10	-1.173411e+01	-2.268280e+01
1.490000e-06	-1.576418e-09	-3.243277e-10	-1.142001e+01	-2.216486e+01
1.500000e-06	-1.532925e-09	-3.170546e-10	-1.110494e+01	-2.164230e+01
1.510000e-06	-1.489316e-09	-3.105411e-10	-1.078902e+01	-2.111493e+01
1.520000e-06	-1.445611e-09	-3.035659e-10	-1.047241e+01	-2.058256e+01
1.530000e-06	-1.401832e-09	-2.957424e-10	-1.015526e+01	-2.004506e+01
1.540000e-06	-1.357989e-09	-2.887150e-10	-9.837648e+00	-1.950229e+01
1.550000e-06	-1.314091e-09	-2.813526e-10	-9.519644e+00	-1.895414e+01
1.560000e-06	-1.270147e-09	-2.708861e-10	-9.201297e+00	-1.840056e+01
1.570000e-06	-1.226157e-09	-2.592229e-10	-8.882619e+00	-1.784149e+01
1.580000e-06	-1.182124e-09	-2.483628e-10	-8.563632e+00	-1.727691e+01
1.590000e-06	-1.138047e-09	-2.396731e-10	-8.244323e+00	-1.670685e+01
1.600000e-06	-1.093925e-09	-2.317479e-10	-7.924691e+00	-1.613133e+01
1.610000e-06	-1.049755e-09	-2.232125e-10	-7.604709e+00	-1.555043e+01
1.620000e-06	-1.005532e-09	-2.149925e-10	-7.284346e+00	-1.496425e+01
1.630000e-06	-9.612561e-10	-2.072382e-10	-6.963599e+00	-1.437291e+01
1.640000e-06	-9.169264e-10	-2.005445e-10	-6.642462e+00	-1.377656e+01
1.650000e-06	-8.725492e-10	-1.937384e-10	-6.320982e+00	-1.317536e+01
1.660000e-06	-8.281314e-10	-1.849818e-10	-5.999207e+00	-1.256950e+01
1.670000e-06	-7.836744e-10	-1.739442e-10	-5.677147e+00	-1.195920e+01
1.680000e-06	-7.391828e-10	-1.622544e-10	-5.354838e+00	-1.134467e+01
1.690000e-06	-6.946551e-10	-1.523297e-10	-5.032268e+00	-1.072616e+01
1.700000e-06	-6.500853e-10	-1.453613e-10	-4.709392e+00	-1.010390e+01
1.710000e-06	-6.054719e-10	-1.398657e-10	-4.386200e+00	-9.478160e+00
1.720000e-06	-5.608141e-10	-1.344508e-10	-4.062687e+00	-8.849188e+00
1.730000e-06	-5.161171e-10	-1.272058e-10	-3.738889e+00	-8.217246e+00
1.740000e-06	-4.713815e-10	-1.163974e-10	-3.414813e+00	-7.582590e+00
1.750000e-06	-4.266046e-10	-1.025019e-10	-3.090437e+00	-6.945470e+00
1.760000e-06	-3.817907e-10	-8.844312e-11	-2.765793e+00	-6.306131e+00
1.770000e-06	-3.369401e-10	-7.652910e-11	-2.440884e+00	-5.664806e+00
1.780000e-06	-2.920541e-10	-6.737254e-11	-2.115717e+00	-5.021713e+00
1.790000e-06	-2.471412e-10	-6.050500e-11	-1.790357e+00	-4.377055e+00
1.800000e-06	-2.022178e-10	-5.565774e-11	-1.464920e+00	-3.731019e+00
1.810000e-06	-1.572948e-10	-5.020086e-11	-1.139486e+00	-3.083767e+00
1.820000e-06	-1.123770e-10	-4.102107e-11	-8.140893e-01	-2.435445e+00
1.830000e-06	-6.746530e-11	-2.759837e-11	-4.887369e-01	-1.786170e+00
1.840000e-06	-2.255773e-11	-1.381727e-11	-1.634146e-01	-1.136039e+00
1.850000e-06	2.234779e-11	-3.232955e-12	1.618929e-01	-4.851210e-01
1.860000e-06	6.725582e-11	4.526067e-12	4.872186e-01	1.665397e-01
1.870000e-06	1.121638e-10	1.205894e-11	8.125436e-01	8.189244e-01
1.880000e-06	1.570671e-10	2.090081e-11	1.137835e+00	1.472040e+00
1.890000e-06	2.019619e-10	2.934920e-11	1.463065e+00	2.125919e+00
1.900000e-06	2.468449e-10	3.709046e-11	1.788209e+00	2.780616e+00
1.910000e-06	2.917093e-10	4.719574e-11	2.113219e+00	3.436209e+00
1.920000e-06	3.365533e-10	5.974460e-11	2.438080e+00	4.092799e+00
1.930000e-06	3.813752e-10	7.085761e-11	2.762782e+00	4.750503e+00
1.940000e-06	4.261595e-10	7.881746e-11	3.087212e+00	5.409456e+00
1.950000e-06	4.708981e-10	8.654205e-11	3.411310e+00	6.069808e+00
1.960000e-06	5.155885e-10	9.764215e-11	3.735059e+00	6.731720e+00
1.970000e-06	5.602297e-10	1.110368e-10	4.058452e+00	7.395363e+00
1.980000e-06	6.048265e-10	1.228834e-10	4.381524e+00	8.060911e+00
1.990000e-06	6.493779e-10	1.320379e-10	4.704266e+00	8.728543e+00
2.000000e-06	6.938865e-10	1.410446e-10	5.026699e+00	9.398438e+00
2.010000e-06	7.383574e-10	1.517333e-10	5.348859e+00	1.007077e+01
2.020000e-06	7.827873e-10	1.611936e-10	5.670721e+00	1.074570e+01
2.030000e-06	8.271748e-10	1.683389e-10	5.992276e+00	1.142340e+01
2.040000e-06	8.715199e-10	1.787558e-10	6.313525e+00	1.210399e+01
2.050000e-06	9.158196e-10	1.941353e-10	6.634445e+00	1.278762e+01
2.060000e-06	9.600750e-10	2.094450e-10	6.955044e+00	1.347437e+01
2.070000e-06	1.004286e-09	2.207141e-10	7.275323e+00	1.416435e+01
2.080000e-06	1.048454e-09	2.299691e-10	7.595291e+00	1.485760e+01
2.090000e-06	1.092581e-09	2.401146e-10	7.914955e+00	1.555416e+01
2.100000e-06	1.136663e-09	2.499047e-10	8.234300e+00	1.625403e+01
2.110000e-06	1.180702e-09	2.569488e-10	8.553333e+00	1.695719e+01
2.120000e-06	1.224699e-09	2.647706e-10	8.872059e+00	1.766356e+01
2.130000e-06	1.268653e-09	2.782083e-10	9.190477e+00	1.837306e+01
2.140000e-06	1.312564e-09	2.946529e-10	9.508582e+00	1.908556e+01
2.150000e-06	1.356427e-09	3.088846e-10	9.826339e+00	1.980090e+01
2.160000e-06	1.400236e-09	3.208912e-10	1.014370e+01	2.051887e+01
2.170000e-06	1.443978e-09	3.312816e-10	1.046058e+01	2.123925e+01
2.180000e-06	1.487637e-09	3.400067e-10	1.077686e+01	2.196178e+01
2.190000e-06	1.531198e-09	3.479975e-10	1.109243e+01	2.268615e+01
2.200000e-06	1.574639e-09	3.571959e-10	1.140712e+01	2.341204e+01
2.210000e-06	1.617931e-09	3.694305e-10	1.172074e+01	2.413910e+01
2.220000e-06	1.661052e-09	3.828427e-10	1.203312e+01	2.486694e+01
2.230000e-06	1.703983e-09	3.952636e-10	1.234413e+01	2.559516e+01
2.240000e-06	1.746702e-09	4.064820e-10	1.265359e+01	2.632334e+01
2.250000e-06	1.789189e-09	4.178221e-10	1.296137e+01	2.705102e+01
2.260000e-06	1.831432e-09	4.299199e-10	1.326740e+01	2.777774e+01
2.270000e-06	1.873433e-09	4.406567e-10	1.357166e+01	2.850304e+01
2.280000e-06	1.915195e-09	4.494085e-10	1.387420e+01	2.922644e+01
2.290000e-06	1.956725e-09	4.574634e-10	1.417504e+01	2.994744e+01
2.300000e-06	1.998028e-09	4.651531e-10	1.447426e+01	3.066556e+01
2.310000e-06	2.039119e-09	4.733700e-10	1.477193e+01	3.138032e+01
2.320000e-06	2.080011e-09	4.834131e-10	1.506816e+01	3.209124e+01
2.330000e-06	2.120716e-09	4.948355e-10	1.536304e+01	3.279784e+01
2.340000e-06	2.161253e-09	5.062108e-10	1.565670e+01	3.349967e+01
2.350000e-06	2.201642e-09	5.176676e-10	1.594929e+01	3.419628e+01
2.360000e-06	2.241904e-09	5.282897e-10	1.624096e+01	3.488726e+01
2.370000e-06	2.282058e-09	5.371369e-10	1.653184e+01	3.557220e+01
2.380000e-06	2.322117e-09	5.446343e-10	1.682204e+01	3.625072e+01
2.390000e-06	2.362085e-09	5.522236e-10	1.711159e+01	3.692248e+01
2.400000e-06	2.401960e-09	5.613786e-10	1.740045e+01	3.758715e+01
2.410000e-06	2.441729e-09	5.711465e-10	1.768855e+01	3.824444e+01
2.420000e-06	2.481375e-09	5.802187e-10	1.797576e+01	3.889409e+01
2.430000e-06	2.520875e-09	5.885791e-10	1.826190e+01	3.953586e+01
2.440000e-06	2.560201e-09	5.972282e-10	1.854680e+01	4.016957e+01
2.450000e-06	2.599336e-09	6.076019e-10	1.883030e+01	4.079505e+01
2.460000e-06	2.638269e-09	6.185375e-10	1.911234e+01	4.141218e+01
2.470000e-06	2.676998e-09	6.286844e-10	1.939290e+01	4.202086e+01
2.480000e-06	2.715523e-09	6.385690e-10	1.967199e+01	4.262102e+01
2.490000e-06	2.753857e-09	6.482112e-10	1.994969e+01	4.321264e+01
2.500000e-06	2.792011e-09	6.566182e-10	2.022609e+01	4.379570e+01
2.510000e-06	2.829991e-09	6.642498e-10	2.050123e+01	4.437025e+01
2.520000e-06	2.867794e-09	6.725866e-10	2.077508e+01	4.493632e+01
2.530000e-06	2.905409e-09	6.823346e-10	2.104757e+01	4.549400e+01
2.540000e-06	2.942816e-09	6.925270e-10	2.131856e+01	4.604338e+01
2.550000e-06	2.979997e-09	7.014442e-10	2.158791e+01	4.658458e+01
2.560000e-06	3.016949e-09	7.092574e-10	2.185560e+01	4.711772e+01
2.570000e-06	3.053676e-09	7.179434e-10	2.212166e+01	4.764296e+01
2.580000e-06	3.090197e-09	7.279397e-10	2.238622e+01	4.816044e+01
2.590000e-06	3.126546e-09	7.359152e-10	2.264955e+01	4.867033e+01
2.600000e-06	3.162752e-09	7.413412e-10	2.291184e+01	4.917279e+01
2.610000e-06	3.198836e-09	7.476200e-10	2.317324e+01	4.966799e+01
2.620000e-06	3.234806e-09	7.563218e-10	2.343382e+01	5.015610e+01
2.630000e-06	3.270648e-09	7.656066e-10	2.369347e+01	5.063727e+01
2.640000e-06	3.306325e-09	7.736380e-10	2.395192e+01	5.111166e+01
2.650000e-06	3.341783e-09	7.802337e-10	2.420879e+01	5.157941e+01
2.660000e-06	3.376958e-09	7.874202e-10	2.446361e+01	5.204066e+01
2.670000e-06	3.411779e-09	7.946620e-10	2.471586e+01	5.249551e+01
2.680000e-06	3.446192e-09	7.995510e-10	2.496516e+01	5.294408e+01
2.690000e-06	3.480176e-09	8.026683e-10	2.521134e+01	5.338645e+01
2.700000e-06	3.513728e-09	8.076747e-10	2.545440e+01	5.382269e+01
2.710000e-06	3.546879e-09	8.158945e-10	2.569456e+01	5.425284e+01
2.720000e-06	3.579689e-09	8.249009e-10	2.593224e+01	5.467694e+01
2.730000e-06	3.612224e-09	8.330756e-10	2.616793e+01	5.509499e+01
2.740000e-06	3.644541e-09	8.400345e-10	2.640204e+01	5.550698e+01
2.750000e-06	3.676686e-09	8.480643e-10	2.663491e+01	5.591289e+01
2.760000e-06	3.708687e-09	8.563143e-10	2.686673e+01	5.631265e+01
2.770000e-06	3.740536e-09	8.607901e-10	2.709746e+01	5.670622e+01
2.780000e-06	3.772191e-09	8.628039e-10	2.732678e+01	5.709351e+01
2.790000e-06	3.803597e-09	8.663891e-10	2.755429e+01	5.747441e+01
2.800000e-06	3.834712e-09	8.718125e-10	2.777970e+01	5.784883e+01
2.810000e-06	3.865520e-09	8.779951e-10	2.800288e+01	5.821664e+01
2.820000e-06	3.896029e-09	8.848594e-10	2.822390e+01	5.857771e+01
2.830000e-06	3.926272e-09	8.918473e-10	2.844299e+01	5.893192e+01
2.840000e-06	3.956282e-09	8.984457e-10	2.866038e+01	5.927912e+01
2.850000e-06	3.986066e-09	9.034461e-10	2.887615e+01	5.961917e+01
2.860000e-06	4.015609e-09	9.059861e-10	2.909017e+01	5.995195e+01
2.870000e-06	4.044884e-09	9.074490e-10	2.930224e+01	6.027731e+01
2.880000e-06	4.073868e-09	9.098247e-10	2.951221e+01	6.059513e+01
2.890000e-06	4.102560e-09	9.137624e-10	2.972006e+01	6.090531e+01
2.900000e-06	4.130995e-09	9.186505e-10	2.992605e+01	6.120772e+01
2.910000e-06	4.159223e-09	9.243750e-10	3.013054e+01	6.150230e+01
2.920000e-06	4.187285e-09	9.306877e-10	3.033383e+01	6.178896e+01
2.930000e-06	4.215191e-09	9.364165e-10	3.053599e+01	6.206765e+01
2.940000e-06	4.242898e-09	9.407401e-10	3.073671e+01	6.233834e+01
2.950000e-06	4.270328e-09	9.442586e-10	3.093542e+01	6.260102e+01
2.960000e-06	4.297369e-09	9.469237e-10	3.113131e+01	6.285570e+01
2.970000e-06	4.323922e-09	9.487984e-10	3.132367e+01	6.310242e+01
2.980000e-06	4.349935e-09	9.513210e-10	3.151211e+01	6.334125e+01
2.990000e-06	4.375407e-09	9.549750e-10	3.169664e+01	6.357226e+01
3.000000e-06	4.400398e-09	9.590935e-10	3.187768e+01	6.379556e+01
3.010000e-06	4.425003e-09	9.635963e-10	3.205592e+01	6.401131e+01
3.020000e-06	4.449316e-09	9.678181e-10	3.223206e+01	6.421965e+01
3.030000e-06	4.473401e-09	9.708963e-10	3.240654e+01	6.442078e+01
3.040000e-06	4.497268e-09	9.737235e-10	3.257943e+01	6.461489e+01
3.050000e-06	4.520876e-09	9.763108e-10	3.275046e+01	6.480221e+01
3.060000e-06	4.544176e-09	9.769172e-10	3.291925e+01	6.498299e+01
3.070000e-06	4.567135e-09	9.764018e-10	3.308557e+01	6.515750e+01
3.080000e-06	4.589754e-09	9.785349e-10	3.324943e+01	6.532599e+01
3.090000e-06	4.612067e-09	9.835458e-10	3.341107e+01	6.548876e+01
3.100000e-06	4.634100e-09	9.879313e-10	3.357068e+01	6.564611e+01
3.110000e-06	4.655851e-09	9.908129e-10	3.372825e+01	6.579833e+01
3.120000e-06	4.677290e-09	9.946078e-10	3.388356e+01	6.594572e+01
3.130000e-06	4.698383e-09	9.996079e-10	3.403637e+01	6.608859e+01
3.140000e-06	4.719132e-09	1.001963e-09	3.418668e+01	6.622724e+01
3.150000e-06	4.739583e-09	1.000711e-09	3.433483e+01	6.636194e+01
3.160000e-06	4.759803e-09	1.000140e-09	3.448131e+01	6.649300e+01
3.170000e-06	4.779835e-09	1.003219e-09	3.462643e+01	6.662066e+01
3.180000e-06	4.799673e-09	1.007381e-09	3.477014e+01	6.674519e+01
3.190000e-06	4.819252e-09	1.009348e-09	3.491197e+01	6.686682e+01
3.200000e-06	4.838489e-09	1.011058e-09	3.505133e+01	6.698575e+01
3.210000e-06	4.857307e-09	1.013667e-09	3.518766e+01	6.710219e+01
3.220000e-06	4.875674e-09	1.015568e-09	3.532071e+01	6.721628e+01
3.230000e-06	4.893623e-09	1.016684e-09	3.545074e+01	6.732817e+01
3.240000e-06	4.911212e-09	1.018824e-09	3.557816e+01	6.743797e+01
3.250000e-06	4.928503e-09	1.022524e-09	3.570342e+01	6.754575e+01
3.260000e-06	4.945526e-09	1.025862e-09	3.582674e+01	6.765155e+01
3.270000e-06	4.962263e-09	1.027068e-09	3.594799e+01	6.775540e+01
3.280000e-06	4.978658e-09	1.027260e-09	3.606675e+01	6.785727e+01
3.290000e-06	4.994630e-09	1.028945e-09	3.618246e+01	6.795713e+01
3.300000e-06	5.010126e-09	1.031888e-09	3.629472e+01	6.805490e+01
3.310000e-06	5.025145e-09	1.034456e-09	3.640352e+01	6.815047e+01
3.320000e-06	5.039732e-09	1.037469e-09	3.650919e+01	6.824370e+01
3.330000e-06	5.053950e-09	1.041802e-09	3.661219e+01	6.833445e+01
3.340000e-06	5.067831e-09	1.045994e-09	3.671275e+01	6.842254e+01
3.350000e-06	5.081362e-09	1.048452e-09	3.681077e+01	6.850775e+01
3.360000e-06	5.094518e-09	1.049630e-09	3.690608e+01	6.858988e+01
3.370000e-06	5.107292e-09	1.050829e-09	3.699862e+01	6.866868e+01
3.380000e-06	5.119715e-09	1.052794e-09	3.708861e+01	6.874390e+01
3.390000e-06	5.131819e-09	1.055019e-09	3.717630e+01	6.881530e+01
3.400000e-06	5.143593e-09	1.057445e-09	3.726159e+01	6.888261e+01
3.410000e-06	5.154967e-09	1.060509e-09	3.734399e+01	6.894557e+01
3.420000e-06	5.165841e-09	1.064104e-09	3.742276e+01	6.900391e+01
3.430000e-06	5.176120e-09	1.067060e-09	3.749722e+01	6.905739e+01
3.440000e-06	5.185770e-09	1.068485e-09	3.756713e+01	6.910575e+01
3.450000e-06	5.194847e-09	1.069402e-09	3.763288e+01	6.914876e+01
3.460000e-06	5.203470e-09	1.069860e-09	3.769536e+01	6.918621e+01
3.470000e-06	5.211770e-09	1.070196e-09	3.775548e+01	6.921789e+01
3.480000e-06	5.219823e-09	1.071200e-09	3.781382e+01	6.924364e+01
3.490000e-06	5.227633e-09	1.073314e-09	3.787040e+01	6.926330e+01
3.500000e-06	5.235153e-09	1.075408e-09	3.792487e+01	6.927675e+01
3.510000e-06	5.242320e-09	1.076019e-09	3.797679e+01	6.928390e+01
3.520000e-06	5.249106e-09	1.075128e-09	3.802596e+01	6.928469e+01
3.530000e-06	5.255528e-09	1.074233e-09	3.807248e+01	6.927911e+01
3.540000e-06	5.261604e-09	1.074052e-09	3.811649e+01	6.926715e+01
3.550000e-06	5.267329e-09	1.074281e-09	3.815796e+01	6.924887e+01
3.560000e-06	5.272674e-09	1.074493e-09	3.819669e+01	6.922434e+01
3.570000e-06	5.277626e-09	1.075388e-09	3.823256e+01	6.919369e+01
3.580000e-06	5.282224e-09	1.078363e-09	3.826587e+01	6.915707e+01
3.590000e-06	5.286538e-09	1.081392e-09	3.829712e+01	6.911466e+01
3.600000e-06	5.290624e-09	1.080667e-09	3.832672e+01	6.906670e+01
3.610000e-06	5.294482e-09	1.077001e-09	3.835467e+01	6.901343e+01
3.620000e-06	5.298048e-09	1.074854e-09	3.838051e+01	6.895513e+01
3.630000e-06	5.301208e-09	1.074525e-09	3.840340e+01	6.889212e+01
3.640000e-06	5.303844e-09	1.074139e-09	3.842249e+01	6.882474e+01
3.650000e-06	5.305880e-09	1.074351e-09	3.843724e+01	6.875332e+01
3.660000e-06	5.307318e-09	1.077153e-09	3.844766e+01	6.867826e+01
3.670000e-06	5.308240e-09	1.082629e-09	3.845434e+01	6.859994e+01
3.680000e-06	5.308761e-09	1.086729e-09	3.845811e+01	6.851874e+01
3.690000e-06	5.308990e-09	1.085857e-09	3.845977e+01	6.843508e+01
3.700000e-06	5.308979e-09	1.081575e-09	3.845969e+01	6.834936e+01
3.710000e-06	5.308711e-09	1.077977e-09	3.845775e+01	6.826199e+01
3.720000e-06	5.308125e-09	1.075640e-09	3.845351e+01	6.817334e+01
3.730000e-06	5.307167e-09	1.071711e-09	3.844656e+01	6.808382e+01
3.740000e-06	5.305830e-09	1.067094e-09	3.843688e+01	6.799378e+01
3.750000e-06	5.304150e-09	1.066698e-09	3.842471e+01	6.790358e+01
3.760000e-06	5.302164e-09	1.077952e-09	3.841032e+01	6.781354e+01
3.770000e-06	5.299870e-09	1.100574e-09	3.839370e+01	6.772396e+01
3.780000e-06	5.297206e-09	1.086773e-09	3.837440e+01	6.763512e+01
3.790000e-06	5.294091e-09	1.001116e-09	3.835184e+01	6.754724e+01
3.800000e-06	5.290509e-09	9.489289e-10	3.832589e+01	6.746052e+01
3.810000e-06	5.286580e-09	1.015617e-09	3.829743e+01	6.737512e+01
3.820000e-06	5.282478e-09	1.091697e-09	3.826772e+01	6.729116e+01
3.830000e-06	5.278210e-09	1.045257e-09	3.823679e+01	6.720872e+01
3.840000e-06	5.273545e-09	9.813650e-10	3.820300e+01	6.712783e+01
3.850000e-06	5.268298e-09	1.064639e-09	3.816499e+01	6.704848e+01
3.860000e-06	5.262572e-09	1.134005e-09	3.812351e+01	6.697060e+01
3.870000e-06	5.256522e-09	1.025220e-09	3.807968e+01	6.689409e+01
3.880000e-06	5.250052e-09	9.013830e-10	3.803281e+01	6.681881e+01
3.890000e-06	5.243015e-09	9.795668e-10	3.798183e+01	6.674456e+01
3.900000e-06	5.235481e-09	1.082370e-09	3.792725e+01	6.667111e+01
3.910000e-06	5.227613e-09	1.000356e-09	3.787025e+01	6.659819e+01
3.920000e-06	5.219437e-09	9.463050e-10	3.781102e+01	6.652548e+01
3.930000e-06	5.210927e-09	1.065376e-09	3.774938e+01	6.645265e+01
3.940000e-06	5.202127e-09	1.112460e-09	3.768563e+01	6.637930e+01
3.950000e-06	5.193040e-09	9.449686e-10	3.761980e+01	6.630504e+01
3.960000e-06	5.183579e-09	8.844907e-10	3.755126e+01	6.622944e+01
3.970000e-06	5.173710e-09	1.020728e-09	3.747977e+01	6.615203e+01
3.980000e-06	5.163483e-09	1.053649e-09	3.740568e+01	6.607236e+01
3.990000e-06	5.152904e-09	9.321841e-10	3.732904e+01	6.598993e+01
4.000000e-06	5.141935e-09	9.547612e-10	3.724959e+01	6.590426e+01
4.010000e-06	5.130579e-09	1.076238e-09	3.716731e+01	6.581486e+01
4.020000e-06	5.118850e-09	1.023903e-09	3.708235e+01	6.572124e+01
4.030000e-06	5.106738e-09	9.034661e-10	3.699461e+01	6.562290e+01
4.040000e-06	5.094238e-09	9.583599e-10	3.690405e+01	6.551938e+01
4.050000e-06	5.081316e-09	1.046233e-09	3.681044e+01	6.541021e+01
4.060000e-06	5.067843e-09	9.922633e-10	3.671284e+01	6.529494e+01
4.070000e-06	5.053715e-09	9.508084e-10	3.661049e+01	6.517316e+01
4.080000e-06	5.039005e-09	1.004348e-09	3.650393e+01	6.504447e+01
4.090000e-06	5.023857e-09	1.016820e-09	3.639420e+01	6.490851e+01
4.100000e-06	5.008345e-09	9.671607e-10	3.628182e+01	6.476495e+01
4.110000e-06	4.992527e-09	9.514674e-10	3.616724e+01	6.461348e+01
4.120000e-06	4.976455e-09	9.440491e-10	3.605081e+01	6.445385e+01
4.130000e-06	4.960103e-09	9.377771e-10	3.593234e+01	6.428584e+01
4.140000e-06	4.943405e-09	9.698339e-10	3.581138e+01	6.410928e+01
4.150000e-06	4.926344e-09	9.858223e-10	3.568778e+01	6.392403e+01
4.160000e-06	4.908939e-09	9.400288e-10	3.556170e+01	6.372999e+01
4.170000e-06	4.891218e-09	9.284339e-10	3.543333e+01	6.352712e+01
4.180000e-06	4.873195e-09	9.584344e-10	3.530276e+01	6.331541e+01
4.190000e-06	4.854843e-09	9.462564e-10	3.516981e+01	6.309491e+01
4.200000e-06	4.836131e-09	9.036448e-10	3.503426e+01	6.286568e+01
4.210000e-06	4.817061e-09	9.069482e-10	3.489611e+01	6.262785e+01
4.220000e-06	4.797678e-09	9.311317e-10	3.475570e+01	6.238157e+01
4.230000e-06	4.778044e-09	9.382452e-10	3.461346e+01	6.212704e+01
4.240000e-06	4.758202e-09	9.243077e-10	3.446972e+01	6.186447e+01
4.250000e-06	4.738166e-09	9.044108e-10	3.432457e+01	6.159413e+01
4.260000e-06	4.717892e-09	8.985464e-10	3.417771e+01	6.131630e+01
4.270000e-06	4.697290e-09	9.092401e-10	3.402845e+01	6.103128e+01
4.280000e-06	4.676250e-09	8.991195e-10	3.387604e+01	6.073939e+01
4.290000e-06	4.654679e-09	8.771177e-10	3.371977e+01	6.044099e+01
4.300000e-06	4.632538e-09	8.810234e-10	3.355937e+01	6.013642e+01
4.310000e-06	4.609851e-09	8.926540e-10	3.339503e+01	5.982605e+01
4.320000e-06	4.586699e-09	8.778419e-10	3.322731e+01	5.951025e+01
4.330000e-06	4.563190e-09	8.550597e-10	3.305700e+01	5.918938e+01
4.340000e-06	4.539423e-09	8.493395e-10	3.288483e+01	5.886382e+01
4.350000e-06	4.515451e-09	8.554990e-10	3.271116e+01	5.853391e+01
4.360000e-06	4.491268e-09	8.575627e-10	3.253598e+01	5.820001e+01
4.370000e-06	4.466829e-09	8.447239e-10	3.235894e+01	5.786246e+01
4.380000e-06	4.442086e-09	8.327641e-10	3.217969e+01	5.752157e+01
4.390000e-06	4.417014e-09	8.389367e-10	3.199806e+01	5.717765e+01
4.400000e-06	4.391614e-09	8.454461e-10	3.181406e+01	5.683097e+01
4.410000e-06	4.365910e-09	8.281568e-10	3.162785e+01	5.648178e+01
4.420000e-06	4.339927e-09	8.087864e-10	3.143963e+01	5.613032e+01
4.430000e-06	4.313669e-09	8.097384e-10	3.124941e+01	5.577678e+01
4.440000e-06	4.287108e-09	8.187401e-10	3.105699e+01	5.542134e+01
4.450000e-06	4.260221e-09	8.124738e-10	3.086221e+01	5.506414e+01
4.460000e-06	4.233016e-09	7.992559e-10	3.066513e+01	5.470530e+01
4.470000e-06	4.205534e-09	7.946270e-10	3.046604e+01	5.434489e+01
4.480000e-06	4.177835e-09	7.986921e-10	3.026539e+01	5.398298e+01
4.490000e-06	4.149961e-09	7.931774e-10	3.006346e+01	5.361958e+01
4.500000e-06	4.121916e-09	7.765738e-10	2.986029e+01	5.325470e+01
4.510000e-06	4.093664e-09	7.647453e-10	2.965563e+01	5.288831e+01
4.520000e-06	4.065137e-09	7.672734e-10	2.944897e+01	5.252036e+01
4.530000e-06	4.036240e-09	7.699809e-10	2.923963e+01	5.215077e+01
4.540000e-06	4.006898e-09	7.646307e-10	2.902707e+01	5.177945e+01
4.550000e-06	3.977081e-09	7.558419e-10	2.881107e+01	5.140629e+01
4.560000e-06	3.946791e-09	7.507475e-10	2.859164e+01	5.103116e+01
4.570000e-06	3.916061e-09	7.463440e-10	2.836903e+01	5.065393e+01
4.580000e-06	3.884954e-09	7.377359e-10	2.814368e+01	5.027444e+01
4.590000e-06	3.853547e-09	7.268509e-10	2.791616e+01	4.989254e+01
4.600000e-06	3.821905e-09	7.245699e-10	2.768694e+01	4.950808e+01
4.610000e-06	3.790078e-09	7.282414e-10	2.745637e+01	4.912090e+01
4.620000e-06	3.758082e-09	7.241650e-10	2.722459e+01	4.873084e+01
4.630000e-06	3.725903e-09	7.095329e-10	2.699147e+01	4.833776e+01
4.640000e-06	3.693511e-09	6.970657e-10	2.675681e+01	4.794151e+01
4.650000e-06	3.660877e-09	6.948429e-10	2.652040e+01	4.754197e+01
4.660000e-06	3.627981e-09	6.960258e-10	2.628210e+01	4.713901e+01
4.670000e-06	3.594821e-09	6.921274e-10	2.604188e+01	4.673254e+01
4.680000e-06	3.561417e-09	6.855728e-10	2.579989e+01	4.632247e+01
4.690000e-06	3.527790e-09	6.839728e-10	2.555629e+01	4.590874e+01
4.700000e-06	3.493949e-09	6.814098e-10	2.531114e+01	4.549130e+01
4.710000e-06	3.459894e-09	6.713353e-10	2.506443e+01	4.507012e+01
4.720000e-06	3.425608e-09	6.577641e-10	2.481605e+01	4.464521e+01
4.730000e-06	3.391078e-09	6.496239e-10	2.456591e+01	4.421659e+01
4.740000e-06	3.356288e-09	6.471526e-10	2.431388e+01	4.378429e+01
4.750000e-06	3.321231e-09	6.462048e-10	2.405992e+01	4.334838e+01
4.760000e-06	3.285928e-09	6.429802e-10	2.380417e+01	4.290895e+01
4.770000e-06	3.250415e-09	6.385133e-10	2.354691e+01	4.246610e+01
4.780000e-06	3.214737e-09	6.318105e-10	2.328845e+01	4.201996e+01
4.790000e-06	3.178929e-09	6.227703e-10	2.302904e+01	4.157066e+01
4.800000e-06	3.143007e-09	6.111799e-10	2.276881e+01	4.111837e+01
4.810000e-06	3.106969e-09	6.005664e-10	2.250774e+01	4.066326e+01
4.820000e-06	3.070790e-09	5.944796e-10	2.224565e+01	4.020551e+01
4.830000e-06	3.034427e-09	5.929472e-10	2.198223e+01	3.974532e+01
4.840000e-06	2.997833e-09	5.911303e-10	2.171713e+01	3.928287e+01
4.850000e-06	2.960959e-09	5.861013e-10	2.145001e+01	3.881839e+01
4.860000e-06	2.923764e-09	5.777833e-10	2.118056e+01	3.835206e+01
4.870000e-06	2.886220e-09	5.694684e-10	2.090858e+01	3.788409e+01
4.880000e-06	2.848305e-09	5.619323e-10	2.063392e+01	3.741467e+01
4.890000e-06	2.810011e-09	5.535559e-10	2.035651e+01	3.694401e+01
4.900000e-06	2.771355e-09	5.451880e-10	2.007647e+01	3.647227e+01
4.910000e-06	2.732381e-09	5.393409e-10	1.979413e+01	3.599962e+01
4.920000e-06	2.693141e-09	5.348047e-10	1.950987e+01	3.552621e+01
4.930000e-06	2.653687e-09	5.287761e-10	1.922405e+01	3.505219e+01
4.940000e-06	2.614069e-09	5.210949e-10	1.893705e+01	3.457765e+01
4.950000e-06	2.574326e-09	5.139355e-10	1.864914e+01	3.410270e+01
4.960000e-06	2.534483e-09	5.083460e-10	1.836051e+01	3.362740e+01
4.970000e-06	2.494548e-09	5.020832e-10	1.807121e+01	3.315181e+01
4.980000e-06	2.454519e-09	4.929457e-10	1.778122e+01	3.267593e+01
4.990000e-06	2.414389e-09	4.815457e-10	1.749051e+01	3.219977e+01
5.000000e-06	2.374148e-09	4.726279e-10	1.719899e+01	3.172328e+01
5.010000e-06	2.333773e-09	4.678631e-10	1.690651e+01	3.124642e+01
5.020000e-06	2.293247e-09	4.632542e-10	1.661293e+01	3.076909e+01
5.030000e-06	2.252555e-09	4.537668e-10	1.631814e+01	3.029118e+01
5.040000e-06	2.211684e-09	4.417974e-10	1.602206e+01	2.981257e+01
5.050000e-06	2.170637e-09	4.317142e-10	1.572470e+01	2.933308e+01
5.060000e-06	2.129420e-09	4.241982e-10	1.542612e+01	2.885253e+01
5.070000e-06	2.088044e-09	4.155935e-10	1.512638e+01	2.837073e+01
5.080000e-06	2.046523e-09	4.063535e-10	1.482559e+01	2.788745e+01
5.090000e-06	2.004870e-09	4.001080e-10	1.452384e+01	2.740246e+01
5.100000e-06	1.963095e-09	3.977553e-10	1.422121e+01	2.691551e+01
5.110000e-06	1.921196e-09	3.931933e-10	1.391768e+01	2.642633e+01
5.120000e-06	1.879172e-09	3.842332e-10	1.361325e+01	2.593467e+01
5.130000e-06	1.837030e-09	3.738418e-10	1.330796e+01	2.544024e+01
5.140000e-06	1.794767e-09	3.644431e-10	1.300180e+01	2.494278e+01
5.150000e-06	1.752378e-09	3.559291e-10	1.269472e+01	2.444201e+01
5.160000e-06	1.709857e-09	3.467726e-10	1.238669e+01	2.393766e+01
5.170000e-06	1.667193e-09	3.382419e-10	1.207762e+01	2.342948e+01
5.180000e-06	1.624385e-09	3.332385e-10	1.176750e+01	2.291720e+01
5.190000e-06	1.581432e-09	3.309803e-10	1.145634e+01	2.240060e+01
5.200000e-06	1.538338e-09	3.274555e-10	1.114416e+01	2.187945e+01
5.210000e-06	1.495122e-09	3.215963e-10	1.083110e+01	2.135354e+01
5.220000e-06	1.451800e-09	3.127422e-10	1.051726e+01	2.082270e+01
5.230000e-06	1.408387e-09	3.022297e-10	1.020276e+01	2.028677e+01
5.240000e-06	1.364894e-09	2.923778e-10	9.887688e+00	1.974561e+01
5.250000e-06	1.321326e-09	2.844071e-10	9.572064e+00	1.919910e+01
5.260000e-06	1.277695e-09	2.765954e-10	9.255992e+00	1.864718e+01
5.270000e-06	1.234016e-09	2.690274e-10	8.939565e+00	1.808977e+01
5.280000e-06	1.190290e-09	2.638969e-10	8.622801e+00	1.752687e+01
5.290000e-06	1.146519e-09	2.599752e-10	8.305715e+00	1.695847e+01
5.300000e-06	1.102707e-09	2.522562e-10	7.988326e+00	1.638460e+01
5.310000e-06	1.058852e-09	2.414387e-10	7.670628e+00	1.580533e+01
5.320000e-06	1.014955e-09	2.327708e-10	7.352626e+00	1.522074e+01
5.330000e-06	9.710203e-10	2.260348e-10	7.034347e+00	1.463094e+01
5.340000e-06	9.270531e-10	2.148807e-10	6.715836e+00	1.403609e+01
5.350000e-06	8.830574e-10	1.995507e-10	6.397117e+00	1.343633e+01
5.360000e-06	8.390380e-10	1.882812e-10	6.078228e+00	1.283185e+01
5.370000e-06	7.949982e-10	1.846136e-10	5.759190e+00	1.222286e+01
5.380000e-06	7.509329e-10	1.832323e-10	5.439968e+00	1.160956e+01
5.390000e-06	7.068379e-10	1.773589e-10	5.120531e+00	1.099221e+01
5.400000e-06	6.627108e-10	1.682103e-10	4.800862e+00	1.037103e+01
5.410000e-06	6.185484e-10	1.593721e-10	4.480936e+00	9.746286e+00
5.420000e-06	5.743509e-10	1.493927e-10	4.160757e+00	9.118227e+00
5.430000e-06	5.301276e-10	1.368402e-10	3.840391e+00	8.487114e+00
5.440000e-06	4.858838e-10	1.235731e-10	3.519876e+00	7.853205e+00
5.450000e-06	4.416197e-10	1.127879e-10	3.199215e+00	7.216752e+00
5.460000e-06	3.973375e-10	1.059653e-10	2.878422e+00	6.578003e+00
5.470000e-06	3.530308e-10	1.009238e-10	2.557452e+00	5.937193e+00
5.480000e-06	3.086914e-10	9.411496e-11	2.236246e+00	5.294547e+00
5.490000e-06	2.643210e-10	8.392013e-11	1.914814e+00	4.650273e+00
5.500000e-06	2.199310e-10	7.225250e-11	1.593241e+00	4.004562e+00
5.510000e-06	1.755355e-10	6.094733e-11	1.271628e+00	3.357586e+00
5.520000e-06	1.311452e-10	5.011743e-11	9.500529e-01	2.709494e+00
5.530000e-06	8.676365e-11	3.910126e-11	6.285405e-01	2.060415e+00
5.540000e-06	4.239043e-11	2.939337e-11	3.070888e-01	1.410450e+00
5.550000e-06	-1.979445e-12	2.081898e-11	-1.433873e-02	7.596795e-01
5.560000e-06	-4.635274e-11	1.209475e-11	-3.357910e-01	1.081544e-01
5.570000e-06	-9.073192e-11	2.344835e-12	-6.572860e-01	-5.440981e-01
5.580000e-06	-1.351141e-10	-8.751469e-12	-9.788030e-01	-1.197077e+00
5.590000e-06	-1.794936e-10	-2.021465e-11	-1.300300e+00	-1.850805e+00
5.600000e-06	-2.238625e-10	-3.129472e-11	-1.621720e+00	-2.505332e+00
5.610000e-06	-2.682144e-10	-4.118155e-11	-1.943018e+00	-3.160729e+00
5.620000e-06	-3.125468e-10	-5.037414e-11	-2.264174e+00	-3.817087e+00
5.630000e-06	-3.568527e-10	-6.136110e-11	-2.585138e+00	-4.474519e+00
5.640000e-06	-4.011291e-10	-7.473652e-11	-2.905888e+00	-5.133156e+00
5.650000e-06	-4.453784e-10	-8.691577e-11	-3.226443e+00	-5.793142e+00
5.660000e-06	-4.896008e-10	-9.546850e-11	-3.546802e+00	-6.454636e+00
5.670000e-06	-5.337906e-10	-1.028712e-10	-3.866926e+00	-7.117804e+00
5.680000e-06	-5.779474e-10	-1.121499e-10	-4.186811e+00	-7.782821e+00
5.690000e-06	-6.220760e-10	-1.233667e-10	-4.506491e+00	-8.449865e+00
5.700000e-06	-6.661782e-10	-1.353858e-10	-4.825980e+00	-9.119114e+00
5.710000e-06	-7.102550e-10	-1.485073e-10	-5.145286e+00	-9.790744e+00
5.720000e-06	-7.543063e-10	-1.631039e-10	-5.464406e+00	-1.046492e+01
5.730000e-06	-7.983307e-10	-1.772059e-10	-5.783333e+00	-1.114181e+01
5.740000e-06	-8.423261e-10	-1.881886e-10	-6.102048e+00	-1.182156e+01
5.750000e-06	-8.862934e-10	-1.962751e-10	-6.420561e+00	-1.250430e+01
5.760000e-06	-9.302329e-10	-2.050452e-10	-6.738872e+00	-1.319014e+01
5.770000e-06	-9.741413e-10	-2.165258e-10	-7.056957e+00	-1.387917e+01
5.780000e-06	-1.018018e-09	-2.289327e-10	-7.374813e+00	-1.457147e+01
5.790000e-06	-1.061862e-09	-2.397780e-10	-7.692431e+00	-1.526706e+01
5.800000e-06	-1.105668e-09	-2.506974e-10	-8.009779e+00	-1.596597e+01
5.810000e-06	-1.149431e-09	-2.637496e-10	-8.326808e+00	-1.666817e+01
5.820000e-06	-1.193141e-09	-2.773282e-10	-8.643459e+00	-1.737361e+01
5.830000e-06	-1.236796e-09	-2.871439e-10	-8.959704e+00	-1.808222e+01
5.840000e-06	-1.280392e-09	-2.945473e-10	-9.275526e+00	-1.879387e+01
5.850000e-06	-1.323924e-09	-3.031643e-10	-9.590890e+00	-1.950841e+01
5.860000e-06	-1.367384e-09	-3.137937e-10	-9.905723e+00	-2.022565e+01
5.870000e-06	-1.410762e-09	-3.244023e-10	-1.021996e+01	-2.094538e+01
5.880000e-06	-1.454044e-09	-3.341128e-10	-1.053351e+01	-2.166734e+01
5.890000e-06	-1.497212e-09	-3.455455e-10	-1.084623e+01	-2.239125e+01
5.900000e-06	-1.540256e-09	-3.584667e-10	-1.115806e+01	-2.311678e+01
5.910000e-06	-1.583170e-09	-3.699742e-10	-1.146893e+01	-2.384360e+01
5.920000e-06	-1.625948e-09	-3.774126e-10	-1.177883e+01	-2.457132e+01
5.930000e-06	-1.668589e-09	-3.842860e-10	-1.208773e+01	-2.529956e+01
5.940000e-06	-1.711095e-09	-3.937297e-10	-1.239565e+01	-2.602788e+01
5.950000e-06	-1.753471e-09	-4.050896e-10	-1.270264e+01	-2.675586e+01
5.960000e-06	-1.795725e-09	-4.168879e-10	-1.300874e+01	-2.748303e+01
5.970000e-06	-1.837866e-09	-4.288069e-10	-1.331402e+01	-2.820893e+01
5.980000e-06	-1.879898e-09	-4.408326e-10	-1.361851e+01	-2.893308e+01
5.990000e-06	-1.921821e-09	-4.510981e-10	-1.392221e+01	-2.965499e+01
6.000000e-06	-1.963632e-09	-4.589005e-10	-1.422511e+01	-3.037417e+01
6.010000e-06	-2.005326e-09	-4.656662e-10	-1.452714e+01	-3.109015e+01
6.020000e-06	-2.046887e-09	-4.735930e-10	-1.482823e+01	-3.180243e+01
6.030000e-06	-2.088304e-09	-4.845973e-10	-1.512826e+01	-3.251055e+01
6.040000e-06	-2.129555e-09	-4.975191e-10	-1.542710e+01	-3.321405e+01
6.050000e-06	-2.170629e-09	-5.099587e-10	-1.572464e+01	-3.391246e+01
6.060000e-06	-2.211519e-09	-5.209467e-10	-1.602086e+01	-3.460538e+01
6.070000e-06	-2.252222e-09	-5.306640e-10	-1.631572e+01	-3.529238e+01
6.080000e-06	-2.292746e-09	-5.389423e-10	-1.660929e+01	-3.597308e+01
6.090000e-06	-2.333107e-09	-5.465867e-10	-1.690168e+01	-3.664713e+01
6.100000e-06	-2.373330e-09	-5.544499e-10	-1.719307e+01	-3.731418e+01
6.110000e-06	-2.413439e-09	-5.633846e-10	-1.748363e+01	-3.797394e+01
6.120000e-06	-2.453451e-09	-5.762771e-10	-1.777349e+01	-3.862615e+01
6.130000e-06	-2.493383e-09	-5.917370e-10	-1.806277e+01	-3.927054e+01
6.140000e-06	-2.533237e-09	-6.047900e-10	-1.835148e+01	-3.990694e+01
6.150000e-06	-2.573006e-09	-6.129044e-10	-1.863958e+01	-4.053515e+01
6.160000e-06	-2.612669e-09	-6.186514e-10	-1.892691e+01	-4.115504e+01
6.170000e-06	-2.652194e-09	-6.257533e-10	-1.921324e+01	-4.176651e+01
6.180000e-06	-2.691545e-09	-6.338885e-10	-1.949831e+01	-4.236948e+01
6.190000e-06	-2.730678e-09	-6.412432e-10	-1.978180e+01	-4.296391e+01
6.200000e-06	-2.769542e-09	-6.489107e-10	-2.006334e+01	-4.354979e+01
6.210000e-06	-2.808095e-09	-6.586388e-10	-2.034262e+01	-4.412714e+01
6.220000e-06	-2.846303e-09	-6.688384e-10	-2.061941e+01	-4.469599e+01
6.230000e-06	-2.884144e-09	-6.769216e-10	-2.089354e+01	-4.525642e+01
6.240000e-06	-2.921614e-09	-6.852809e-10	-2.116498e+01	-4.580852e+01
6.250000e-06	-2.958733e-09	-6.974828e-10	-2.143388e+01	-4.635239e+01
6.260000e-06	-2.995533e-09	-7.123122e-10	-2.170047e+01	-4.688817e+01
6.270000e-06	-3.032056e-09	-7.240263e-10	-2.196505e+01	-4.741599e+01
6.280000e-06	-3.068356e-09	-7.294903e-10	-2.222802e+01	-4.793601e+01
6.290000e-06	-3.104486e-09	-7.330554e-10	-2.248976e+01	-4.844838e+01
6.300000e-06	-3.140488e-09	-7.403545e-10	-2.275056e+01	-4.895328e+01
6.310000e-06	-3.176377e-09	-7.512491e-10	-2.301055e+01	-4.945085e+01
6.320000e-06	-3.212148e-09	-7.618469e-10	-2.326969e+01	-4.994128e+01
6.330000e-06	-3.247775e-09	-7.712292e-10	-2.352778e+01	-5.042472e+01
6.340000e-06	-3.283221e-09	-7.819366e-10	-2.378456e+01	-5.090134e+01
6.350000e-06	-3.318443e-09	-7.937650e-10	-2.403972e+01	-5.137127e+01
6.360000e-06	-3.353406e-09	-8.020416e-10	-2.429300e+01	-5.183465e+01
6.370000e-06	-3.388097e-09	-8.053202e-10	-2.454431e+01	-5.229161e+01
6.380000e-06	-3.422531e-09	-8.086219e-10	-2.479376e+01	-5.274225e+01
6.390000e-06	-3.456729e-09	-8.154740e-10	-2.504150e+01	-5.318666e+01
6.400000e-06	-3.490706e-09	-8.236799e-10	-2.528764e+01	-5.362492e+01
6.410000e-06	-3.524466e-09	-8.306928e-10	-2.553221e+01	-5.405709e+01
6.420000e-06	-3.557991e-09	-8.371975e-10	-2.577507e+01	-5.448319e+01
6.430000e-06	-3.591255e-09	-8.459859e-10	-2.601604e+01	-5.490324e+01
6.440000e-06	-3.624234e-09	-8.568348e-10	-2.625495e+01	-5.531724e+01
6.450000e-06	-3.656923e-09	-8.652465e-10	-2.649176e+01	-5.572517e+01
6.460000e-06	-3.689349e-09	-8.695992e-10	-2.672666e+01	-5.612697e+01
6.470000e-06	-3.721553e-09	-8.726171e-10	-2.695996e+01	-5.652260e+01
6.480000e-06	-3.753579e-09	-8.762496e-10	-2.719196e+01	-5.691198e+01
6.490000e-06	-3.785444e-09	-8.795282e-10	-2.742280e+01	-5.729501e+01
6.500000e-06	-3.817134e-09	-8.821548e-10	-2.765238e+01	-5.767158e+01
6.510000e-06	-3.848603e-09	-8.866869e-10	-2.788034e+01	-5.804159e+01
6.520000e-06	-3.879784e-09	-8.940350e-10	-2.810623e+01	-5.840491e+01
6.530000e-06	-3.910611e-09	-9.018649e-10	-2.832955e+01	-5.876140e+01
6.540000e-06	-3.941020e-09	-9.073313e-10	-2.854984e+01	-5.911093e+01
6.550000e-06	-3.970967e-09	-9.110713e-10	-2.876678e+01	-5.945336e+01
6.560000e-06	-4.000438e-09	-9.157489e-10	-2.898027e+01	-5.978855e+01
6.570000e-06	-4.029461e-09	-9.203048e-10	-2.919052e+01	-6.011637e+01
6.580000e-06	-4.058095e-09	-9.220816e-10	-2.939796e+01	-6.043669e+01
6.590000e-06	-4.086424e-09	-9.234214e-10	-2.960318e+01	-6.074940e+01
6.600000e-06	-4.114531e-09	-9.285331e-10	-2.980679e+01	-6.105438e+01
6.610000e-06	-4.142470e-09	-9.364275e-10	-3.000919e+01	-6.135155e+01
6.620000e-06	-4.170247e-09	-9.418377e-10	-3.021042e+01	-6.164082e+01
6.630000e-06	-4.197823e-09	-9.437589e-10	-3.041019e+01	-6.192214e+01
6.640000e-06	-4.225141e-09	-9.455225e-10	-3.060808e+01	-6.219547e+01
6.650000e-06	-4.252146e-09	-9.493056e-10	-3.080372e+01	-6.246079e+01
6.660000e-06	-4.278822e-09	-9.534137e-10	-3.099696e+01	-6.271810e+01
6.670000e-06	-4.305187e-09	-9.558064e-10	-3.118796e+01	-6.296744e+01
6.680000e-06	-4.331258e-09	-9.581236e-10	-3.137682e+01	-6.320886e+01
6.690000e-06	-4.357038e-09	-9.621762e-10	-3.156358e+01	-6.344243e+01
6.700000e-06	-4.382508e-09	-9.667671e-10	-3.174809e+01	-6.366827e+01
6.710000e-06	-4.407641e-09	-9.692939e-10	-3.193016e+01	-6.388649e+01
6.720000e-06	-4.432432e-09	-9.705284e-10	-3.210975e+01	-6.409726e+01
6.730000e-06	-4.456912e-09	-9.726780e-10	-3.228709e+01	-6.430074e+01
6.740000e-06	-4.481139e-09	-9.756019e-10	-3.246260e+01	-6.449715e+01
6.750000e-06	-4.505169e-09	-9.803580e-10	-3.263668e+01	-6.468669e+01
6.760000e-06	-4.529020e-09	-9.864723e-10	-3.280947e+01	-6.486962e+01
6.770000e-06	-4.552664e-09	-9.910108e-10	-3.298075e+01	-6.504617e+01
6.780000e-06	-4.576024e-09	-9.931447e-10	-3.314997e+01	-6.521663e+01
6.790000e-06	-4.599008e-09	-9.938856e-10	-3.331648e+01	-6.538128e+01
6.800000e-06	-4.621537e-09	-9.948635e-10	-3.347968e+01	-6.554040e+01
6.810000e-06	-4.643549e-09	-9.953424e-10	-3.363914e+01	-6.569430e+01
6.820000e-06	-4.665021e-09	-9.960555e-10	-3.379469e+01	-6.584328e+01
6.830000e-06	-4.685982e-09	-9.991874e-10	-3.394654e+01	-6.598764e+01
6.840000e-06	-4.706525e-09	-1.004645e-09	-3.409536e+01	-6.612768e+01
6.850000e-06	-4.726760e-09	-1.009511e-09	-3.424194e+01	-6.626369e+01
6.860000e-06	-4.746772e-09	-1.012862e-09	-3.438691e+01	-6.639595e+01
6.870000e-06	-4.766591e-09	-1.015626e-09	-3.453049e+01	-6.652475e+01
6.880000e-06	-4.786182e-09	-1.017109e-09	-3.467241e+01	-6.665033e+01
6.890000e-06	-4.805470e-09	-1.016303e-09	-3.481214e+01	-6.677293e+01
6.900000e-06	-4.824407e-09	-1.014317e-09	-3.494932e+01	-6.689278e+01
6.910000e-06	-4.842989e-09	-1.014352e-09	-3.508394e+01	-6.701007e+01
6.920000e-06	-4.861241e-09	-1.016862e-09	-3.521616e+01	-6.712498e+01
6.930000e-06	-4.879200e-09	-1.020607e-09	-3.534626e+01	-6.723763e+01
6.940000e-06	-4.896867e-09	-1.024251e-09	-3.547424e+01	-6.734817e+01
6.950000e-06	-4.914204e-09	-1.028027e-09	-3.559984e+01	-6.745666e+01
6.960000e-06	-4.931177e-09	-1.031363e-09	-3.572279e+01	-6.756317e+01
6.970000e-06	-4.947792e-09	-1.032136e-09	-3.584316e+01	-6.766772e+01
6.980000e-06	-4.964106e-09	-1.031087e-09	-3.596135e+01	-6.777031e+01
6.990000e-06	-4.980182e-09	-1.029925e-09	-3.607780e+01	-6.787090e+01
7.000000e-06	-4.996039e-09	-1.028638e-09	-3.619268e+01	-6.796943e+01
7.010000e-06	-5.011619e-09	-1.027267e-09	-3.630554e+01	-6.806579e+01
7.020000e-06	-5.026798e-09	-1.027615e-09	-3.641550e+01	-6.815987e+01
7.030000e-06	-5.041431e-09	-1.031252e-09	-3.652151e+01	-6.825152e+01
7.040000e-06	-5.055446e-09	-1.036763e-09	-3.662304e+01	-6.834056e+01
7.050000e-06	-5.068859e-09	-1.040949e-09	-3.672020e+01	-6.842680e+01
7.060000e-06	-5.081745e-09	-1.041972e-09	-3.681355e+01	-6.851002e+01
7.070000e-06	-5.094209e-09	-1.041607e-09	-3.690384e+01	-6.859000e+01
7.080000e-06	-5.106334e-09	-1.040639e-09	-3.699168e+01	-6.866648e+01
7.090000e-06	-5.118140e-09	-1.039976e-09	-3.707721e+01	-6.873922e+01
7.100000e-06	-5.129597e-09	-1.038900e-09	-3.716021e+01	-6.880795e+01
7.110000e-06	-5.140669e-09	-1.037084e-09	-3.724041e+01	-6.887242e+01
7.120000e-06	-5.151348e-09	-1.036507e-09	-3.731777e+01	-6.893235e+01
7.130000e-06	-5.161664e-09	-1.037050e-09	-3.739250e+01	-6.898750e+01
7.140000e-06	-5.171655e-09	-1.038017e-09	-3.746488e+01	-6.903761e+01
7.150000e-06	-5.181321e-09	-1.037832e-09	-3.753491e+01	-6.908245e+01
7.160000e-06	-5.190622e-09	-1.038331e-09	-3.760228e+01	-6.912178e+01
7.170000e-06	-5.199527e-09	-1.040397e-09	-3.766680e+01	-6.915542e+01
7.180000e-06	-5.208062e-09	-1.041654e-09	-3.772862e+01	-6.918317e+01
7.190000e-06	-5.216302e-09	-1.040819e-09	-3.778832e+01	-6.920488e+01
7.200000e-06	-5.224314e-09	-1.037264e-09	-3.784636e+01	-6.922041e+01
7.210000e-06	-5.232116e-09	-1.031543e-09	-3.790288e+01	-6.922967e+01
7.220000e-06	-5.239650e-09	-1.027432e-09	-3.795745e+01	-6.923259e+01
7.230000e-06	-5.246804e-09	-1.027030e-09	-3.800928e+01	-6.922913e+01
7.240000e-06	-5.253472e-09	-1.029283e-09	-3.805759e+01	-6.921930e+01
7.250000e-06	-5.259571e-09	-1.030897e-09	-3.810177e+01	-6.920311e+01
7.260000e-06	-5.265067e-09	-1.029968e-09	-3.814159e+01	-6.918065e+01
7.270000e-06	-5.270012e-09	-1.027422e-09	-3.817741e+01	-6.915203e+01
7.280000e-06	-5.274513e-09	-1.024294e-09	-3.821001e+01	-6.911737e+01
7.290000e-06	-5.278697e-09	-1.020775e-09	-3.824032e+01	-6.907688e+01
7.300000e-06	-5.282646e-09	-1.017863e-09	-3.826893e+01	-6.903074e+01
7.310000e-06	-5.286358e-09	-1.016279e-09	-3.829582e+01	-6.897921e+01
7.320000e-06	-5.289769e-09	-1.015842e-09	-3.832053e+01	-6.892257e+01
7.330000e-06	-5.292811e-09	-1.015568e-09	-3.834257e+01	-6.886111e+01
7.340000e-06	-5.295466e-09	-1.014439e-09	-3.836180e+01	-6.879515e+01
7.350000e-06	-5.297772e-09	-1.011752e-09	-3.837851e+01	-6.872506e+01
7.360000e-06	-5.299779e-09	-1.008551e-09	-3.839305e+01	-6.865120e+01
7.370000e-06	-5.301479e-09	-1.006105e-09	-3.840536e+01	-6.857394e+01
7.380000e-06	-5.302774e-09	-1.003017e-09	-3.841474e+01	-6.849369e+01
7.390000e-06	-5.303618e-09	-9.984141e-10	-3.842086e+01	-6.841084e+01
7.400000e-06	-5.304121e-09	-9.942118e-10	-3.842450e+01	-6.832580e+01
