5.632677e+00
6.030975e+00
4.855860e+00
2.079752e+00
1.717734e+01
4.504066e+00
4.047726e+00
1.004953e+01
3.975704e-01
8.640858e-01
2.147138e+00
1.231181e+01
1.493707e+01
1.164622e+01
5.143293e+00
1.619712e+01
5.148775e+00
4.720118e-01
2.417528e+01
4.188244e+00
1.659019e+01
1.522127e+01
3.024564e+00
9.560662e-01
6.679349e-01
4.536508e+00
1.075881e+01
2.123497e+00
1.668315e+00
1.209886e+01
5.753264e+00
1.972670e+01
9.158998e-01
1.635656e+01
7.133625e+00
2.350232e-01
7.188904e+00
1.677479e+01
1.231150e+01
4.339808e+00
1.154790e+01
8.123636e+00
5.029511e+00
2.661967e+01
5.376766e+00
9.191694e+00
1.979098e+01
9.253246e+00
2.278090e+01
3.713771e+01
2.047342e+01
2.098587e+01
4.791563e+00
1.824918e+01
2.573583e+01
1.656529e+01
1.514484e+01
1.085441e+01
1.152850e+01
1.790552e+01
2.432723e+01
1.724100e+01
1.554523e+01
8.027819e+00
1.965982e+01
2.692321e+01
2.810905e+01
3.968380e+01
2.798770e+01
2.086843e+01
3.229485e+01
3.823290e+01
2.430886e+01
2.242214e+01
4.568391e+01
3.377933e+01
4.915660e+01
3.231213e+01
3.890111e+01
2.323951e+01
4.652242e+01
3.467120e+01
3.119467e+01
3.358527e+01
5.545490e+01
3.872467e+01
4.051067e+01
2.041694e+01
3.667228e+01
3.669709e+01
1.930178e+01
3.575055e+01
2.491338e+01
3.141064e+01
6.477079e+01
4.531170e+01
3.938344e+01
2.730999e+01
4.487765e+01
2.944688e+01
3.589783e+01
2.192515e+01
4.411055e+01
1.256974e+01
3.200406e+01
4.136972e+01
3.021815e+01
2.916055e+01
5.124870e+01
5.135687e+01
5.044920e+01
3.641801e+01
3.452989e+01
3.707783e+01
3.713346e+01
4.177017e+01
3.492610e+01
4.759893e+01
5.445461e+01
6.694095e+01
6.083926e+01
4.619471e+01
3.250206e+01
5.377735e+01
4.614913e+01
6.476874e+01
5.757451e+01
3.923437e+01
6.849850e+01
4.737217e+01
4.197069e+01
5.405770e+01
4.276515e+01
4.924983e+01
5.785780e+01
6.777545e+01
4.731123e+01
4.562969e+01
5.335896e+01
5.222870e+01
5.279817e+01
5.504194e+01
4.860508e+01
5.248654e+01
3.917643e+01
4.760851e+01
4.299754e+01
4.583423e+01
5.589517e+01
6.337707e+01
5.298788e+01
5.907116e+01
4.266414e+01
3.524175e+01
4.602811e+01
4.799629e+01
3.316778e+01
3.511388e+01
4.214570e+01
5.013869e+01
4.500757e+01
3.217019e+01
3.814274e+01
3.280836e+01
4.088894e+01
4.360662e+01
4.894951e+01
4.016006e+01
5.063485e+01
4.131043e+01
4.321514e+01
4.865128e+01
5.197170e+01
2.819667e+01
3.324859e+01
4.088954e+01
3.820933e+01
2.754095e+01
2.065028e+01
4.804206e+01
3.666168e+01
4.399044e+01
3.841860e+01
6.027466e+01
7.269489e+01
2.503494e+01
1.987215e+01
4.644545e+01
6.253882e+01
3.235386e+01
1.318451e+01
3.273573e+01
2.570422e+01
3.812513e+01
3.037912e+01
5.593705e+01
3.778210e+01
2.989469e+01
1.836224e+01
4.417409e+01
4.850979e+01
2.433032e+01
2.906181e+01
4.519408e+01
3.181036e+01
4.783470e+01
2.005680e+01
2.950231e+01
4.566911e+01
2.787560e+01
3.176707e+01
3.415607e+01
3.281081e+01
4.366979e+01
2.240241e+01
2.523570e+01
1.264055e+01
3.006723e+01
2.455773e+01
2.198115e+01
1.452770e+01
1.034446e+01
1.602466e+01
1.912300e+01
2.125408e+01
2.927608e+01
1.156756e+01
1.946760e+01
2.122449e+01
2.071169e+01
1.456245e+01
2.281508e+01
8.797690e+00
6.819455e+00
1.418052e+01
7.581786e+00
6.305900e-01
1.371059e+01
6.713281e+00
1.807911e+01
1.924205e+00
5.925642e+00
6.957291e+00
6.970469e+00
1.429120e+01
1.364159e+01
9.799371e+00
1.445471e+01
3.173642e+00
1.846856e+01
3.499432e+00
6.592773e+00
4.640978e+00
9.906550e+00
1.414620e+00
8.521005e+00
9.018451e+00
1.679434e+01
8.902695e+00
7.816242e+00
1.659254e+01
1.674824e+01
2.205595e+00
5.656299e+00
1.185276e+01
4.817669e+00
5.386687e+00
9.689713e+00
2.866983e+00
9.441472e+00
2.892552e-01
2.503927e+01
9.515721e+00
2.913209e+01
2.032185e+01
2.555700e+01
3.280075e+01
4.699873e+00
8.752051e+00
2.563830e+00
1.884166e+01
2.242140e+01
8.959595e+00
1.501574e+01
1.596920e+01
3.072950e+01
1.415235e+01
3.877921e+00
1.922382e+00
5.508607e+00
4.555348e+00
1.132528e+01
1.485411e+00
2.334279e+00
1.702776e+01
1.912008e+01
7.157972e+00
6.074589e-01
1.535400e+01
1.407183e+01
4.190887e+00
6.313525e+00
2.598305e+01
4.990843e+00
7.361300e+00
6.267230e+00
9.391337e+00
5.976332e+00
5.374402e+00
1.333159e+01
9.121327e+00
7.244666e+00
1.646176e+01
2.497900e+00
3.784264e+00
1.103861e+01
7.698692e+00
1.396766e+01
1.215674e+01
7.000294e+00
4.495256e+00
2.287856e+01
2.660288e+01
3.884264e+00
1.044315e+01
1.610322e+01
2.766385e+01
1.741303e+00
1.643642e+01
2.201966e+00
2.403617e+01
1.694138e+01
8.875408e+00
5.433298e+00
2.447007e+01
1.730526e+00
4.461926e+00
5.371033e+00
3.807203e+00
1.696741e+00
8.708067e+00
2.951695e+00
1.351072e+01
4.817192e+00
1.222947e+01
7.610757e+00
2.273314e+01
3.894024e+00
2.090742e+01
3.377712e+01
5.738549e+00
2.853737e+00
1.083235e+01
1.588498e+01
2.771364e+01
1.260001e+01
1.976679e+01
5.981865e+00
1.537331e+01
9.018240e+00
2.985898e+01
2.320731e+01
1.321478e+01
1.216847e+01
2.586895e+01
1.619704e+01
1.836112e+01
1.780848e+01
3.065503e+01
2.541885e+01
4.780610e-01
6.467260e+00
6.640475e+00
1.246150e+01
2.828127e+01
4.138475e+01
1.392489e+01
1.692395e+01
1.923588e+01
2.041719e+01
3.075207e+01
1.351777e+01
9.641231e+00
3.130753e+01
2.128577e+01
1.249019e+01
2.138467e+01
3.738936e+01
3.896817e+01
4.046544e+01
2.628573e+01
1.863125e+01
2.747430e+01
4.265452e+01
3.801404e+01
2.181735e+01
2.835168e+01
4.431115e+01
2.545149e+01
2.659746e+01
5.003340e+01
1.950565e+01
3.661705e+01
3.493323e+01
3.627208e+01
3.624746e+01
2.387273e+00
2.913443e+01
4.931041e+01
4.308823e+01
4.555156e+01
1.772089e+01
2.566899e+01
3.042056e+01
1.880583e+01
3.385664e+00
2.001797e+01
3.502572e+01
2.526317e+01
4.106643e+01
3.048015e+01
4.389323e+01
2.850094e+00
2.578040e+01
4.036487e+01
2.158819e+01
5.828635e+01
4.459809e+01
2.802696e+01
4.710034e+01
3.131145e+01
5.900477e+01
1.235145e+01
2.003552e+01
4.943024e+01
2.638278e+01
4.072619e+01
4.304682e+01
3.257891e+01
3.475209e+01
6.171313e+01
4.634376e+01
3.330591e+01
3.356883e+01
3.030394e+01
2.549337e+01
6.303032e+01
5.175721e+01
3.257600e+01
3.031653e+01
6.465566e+01
6.224869e+01
4.067963e+01
2.460113e+01
4.157407e+01
3.462237e+01
2.060781e+01
4.278841e+01
4.751014e+01
2.568251e+01
3.447768e+01
4.062452e+01
5.686246e+01
3.408438e+01
4.195073e+01
4.413325e+01
5.480734e+01
5.012106e+01
3.515716e+01
4.704946e+01
3.117238e+01
5.296254e+01
5.603286e+01
5.525250e+01
4.274781e+01
4.327297e+01
2.850471e+01
6.169385e+01
4.264076e+01
4.717451e+01
5.861067e+01
7.231799e+01
4.784977e+01
5.059155e+01
5.187101e+01
6.232175e+01
4.265919e+01
2.966064e+01
6.434836e+01
7.256345e+01
4.253138e+01
4.085166e+01
6.668569e+01
5.555866e+01
5.363180e+01
4.528220e+01
5.425602e+01
5.657169e+01
6.460394e+01
4.920559e+01
6.458364e+01
4.155532e+01
6.686048e+01
6.213799e+01
6.643085e+01
3.667347e+01
7.664814e+01
3.341159e+01
5.687046e+01
7.023433e+01
5.610868e+01
4.831545e+01
4.713761e+01
6.026247e+01
7.272371e+01
3.846501e+01
6.426167e+01
6.355952e+01
3.116599e+01
4.871119e+01
7.001712e+01
5.843892e+01
6.009483e+01
6.196437e+01
6.042895e+01
5.758896e+01
5.255536e+01
6.677278e+01
4.493573e+01
4.186491e+01
7.839700e+01
6.549014e+01
6.883352e+01
6.158561e+01
4.290071e+01
6.588689e+01
3.816019e+01
8.037740e+01
5.923046e+01
6.077006e+01
6.558301e+01
4.857714e+01
7.283813e+01
5.973731e+01
5.385112e+01
7.007223e+01
5.768680e+01
4.493596e+01
5.061840e+01
5.864417e+01
6.645743e+01
4.227071e+01
6.680965e+01
6.030174e+01
6.776454e+01
4.756520e+01
5.834841e+01
5.326198e+01
5.730204e+01
7.306648e+01
6.240759e+01
5.974718e+01
4.328587e+01
7.849996e+01
6.784410e+01
4.386058e+01
7.714001e+01
4.530996e+01
6.372137e+01
5.576796e+01
7.657875e+01
6.588255e+01
6.259542e+01
6.272102e+01
5.645989e+01
6.897467e+01
7.740298e+01
6.699313e+01
7.143611e+01
4.608077e+01
6.299767e+01
5.062990e+01
4.044509e+01
4.203271e+01
4.340393e+01
3.123477e+01
5.106765e+01
4.107863e+01
4.447736e+01
5.201334e+01
5.845366e+01
6.192610e+01
6.540693e+01
5.292154e+01
5.512098e+01
6.171043e+01
5.393183e+01
3.710162e+01
5.725075e+01
5.354913e+01
6.163758e+01
4.894421e+01
5.288791e+01
4.496298e+01
5.285777e+01
2.849863e+01
4.121791e+01
5.433467e+01
5.444164e+01
2.234517e+01
5.782848e+01
2.498644e+01
5.612199e+01
4.372918e+01
4.301515e+01
3.933705e+01
4.837404e+01
2.344288e+01
3.421833e+01
2.231135e+01
3.750368e+01
1.252378e+01
4.860089e+01
5.314901e+01
2.737507e+01
3.798537e+01
3.923471e+01
5.118963e+01
5.122122e+01
3.834650e+01
3.380378e+01
2.867562e+01
4.614944e+01
3.696562e+01
2.974049e+01
1.969405e+01
2.962048e+01
4.609417e+01
2.038149e+01
3.089909e+01
3.376353e+01
3.594434e+01
4.433513e+01
3.193788e+01
2.476729e+01
2.084144e+01
3.065077e+01
2.701123e+01
1.720259e+01
4.090031e+01
4.212205e+01
4.359682e+01
2.900653e+01
4.955220e+01
4.766820e+01
4.160404e+01
3.817346e+01
4.877630e+01
3.717896e+01
5.272153e+01
3.165173e+01
3.496379e+01
4.412170e+01
3.079026e+01
3.728937e+01
3.681586e+01
4.243020e+01
4.734591e+01
4.459087e+01
2.863618e+01
4.059443e+01
5.255746e+01
5.044386e+01
5.292503e+01
4.103833e+01
3.629269e+01
3.782523e+01
3.345512e+01
3.564729e+01
4.351999e+01
4.579979e+01
3.181503e+01
5.384164e+01
5.871475e+01
2.210716e+01
3.517576e+01
4.714104e+01
6.073543e+01
4.214393e+01
6.843721e+01
7.030218e+01
7.006805e+01
7.155176e+01
3.136036e+01
2.467345e+01
2.295348e+01
2.920188e+01
2.268692e+01
5.171253e+01
2.455138e+01
2.190811e+01
2.709072e+01
4.282203e+01
1.625043e+01
3.031679e+01
3.138829e+01
2.346382e+01
2.479106e+01
6.909298e+01
3.956228e+01
3.877193e+01
2.851542e+01
2.926401e+01
2.984190e+01
3.987113e+00
3.446622e+01
1.569962e+01
3.150244e+01
4.758303e+01
2.373323e+01
2.417999e+01
3.548596e+01
2.558264e+01
4.513563e+01
3.305483e+01
4.949242e+01
3.072792e+01
3.648773e+01
3.461106e+01
3.038103e+01
3.036204e+01
2.224502e+01
1.839324e+01
3.499559e+01
4.432833e+01
8.705433e+00
1.786865e+01
2.282938e+01
2.307942e+01
