# Temperatura_=_-0.2456994328922502
# Concentracion g/m^3_=_1500.0
# C_Vs_to_Am_M_A/Vsm_=_65563218390.804596
# pendiente_HvsI_1/m_=_3716.3
# ordenada_HvsI_A/m_=_1297.0
# frecuencia_Hz_=_135017.59907964864
# Promedio de 1058 ciclos

Tiempo_(s)	Campo_(V.s)	Magnetizacion_(V.s)	Campo_(kA/m)	Magnetizacion_(A/m)
0.000000e+00	-5.276473e-09	-1.200161e-09	-3.842316e+01	-8.192698e+01
1.000000e-08	-5.276544e-09	-1.196208e-09	-3.842368e+01	-8.186912e+01
2.000000e-08	-5.276407e-09	-1.193660e-09	-3.842268e+01	-8.181102e+01
3.000000e-08	-5.276023e-09	-1.192972e-09	-3.841988e+01	-8.175291e+01
4.000000e-08	-5.275289e-09	-1.191285e-09	-3.841454e+01	-8.169500e+01
5.000000e-08	-5.274103e-09	-1.186162e-09	-3.840590e+01	-8.163747e+01
6.000000e-08	-5.272379e-09	-1.176724e-09	-3.839335e+01	-8.158050e+01
7.000000e-08	-5.270059e-09	-1.180709e-09	-3.837645e+01	-8.152423e+01
8.000000e-08	-5.267128e-09	-1.216958e-09	-3.835511e+01	-8.146877e+01
9.000000e-08	-5.263630e-09	-1.231380e-09	-3.832964e+01	-8.141420e+01
1.000000e-07	-5.259694e-09	-1.173502e-09	-3.830097e+01	-8.136058e+01
1.100000e-07	-5.255487e-09	-1.163017e-09	-3.827034e+01	-8.130793e+01
1.200000e-07	-5.251116e-09	-1.215528e-09	-3.823851e+01	-8.125624e+01
1.300000e-07	-5.246516e-09	-1.232138e-09	-3.820501e+01	-8.120545e+01
1.400000e-07	-5.241534e-09	-1.154607e-09	-3.816874e+01	-8.115548e+01
1.500000e-07	-5.236132e-09	-1.126370e-09	-3.812940e+01	-8.110622e+01
1.600000e-07	-5.230377e-09	-1.217482e-09	-3.808749e+01	-8.105752e+01
1.700000e-07	-5.224273e-09	-1.236640e-09	-3.804304e+01	-8.100919e+01
1.800000e-07	-5.217774e-09	-1.174202e-09	-3.799572e+01	-8.096102e+01
1.900000e-07	-5.210900e-09	-1.152520e-09	-3.794566e+01	-8.091277e+01
2.000000e-07	-5.203732e-09	-1.225713e-09	-3.789346e+01	-8.086414e+01
2.100000e-07	-5.196300e-09	-1.217945e-09	-3.783934e+01	-8.081485e+01
2.200000e-07	-5.188574e-09	-1.177013e-09	-3.778308e+01	-8.076455e+01
2.300000e-07	-5.180573e-09	-1.212797e-09	-3.772481e+01	-8.071291e+01
2.400000e-07	-5.172278e-09	-1.279565e-09	-3.766441e+01	-8.065954e+01
2.500000e-07	-5.163532e-09	-1.241821e-09	-3.760073e+01	-8.060405e+01
2.600000e-07	-5.154199e-09	-1.204557e-09	-3.753276e+01	-8.054605e+01
2.700000e-07	-5.144302e-09	-1.259437e-09	-3.746069e+01	-8.048512e+01
2.800000e-07	-5.133909e-09	-1.285564e-09	-3.738501e+01	-8.042084e+01
2.900000e-07	-5.123026e-09	-1.228122e-09	-3.730576e+01	-8.035277e+01
3.000000e-07	-5.111659e-09	-1.223466e-09	-3.722299e+01	-8.028051e+01
3.100000e-07	-5.099864e-09	-1.285717e-09	-3.713710e+01	-8.020362e+01
3.200000e-07	-5.087702e-09	-1.276349e-09	-3.704854e+01	-8.012170e+01
3.300000e-07	-5.075197e-09	-1.238036e-09	-3.695747e+01	-8.003432e+01
3.400000e-07	-5.062320e-09	-1.247445e-09	-3.686371e+01	-7.994111e+01
3.500000e-07	-5.049049e-09	-1.257787e-09	-3.676707e+01	-7.984170e+01
3.600000e-07	-5.035409e-09	-1.229946e-09	-3.666774e+01	-7.973571e+01
3.700000e-07	-5.021418e-09	-1.235988e-09	-3.656586e+01	-7.962284e+01
3.800000e-07	-5.007013e-09	-1.242037e-09	-3.646096e+01	-7.950276e+01
3.900000e-07	-4.992092e-09	-1.223504e-09	-3.635231e+01	-7.937521e+01
4.000000e-07	-4.976627e-09	-1.227777e-09	-3.623969e+01	-7.923994e+01
4.100000e-07	-4.960666e-09	-1.257134e-09	-3.612346e+01	-7.909673e+01
4.200000e-07	-4.944269e-09	-1.228015e-09	-3.600406e+01	-7.894540e+01
4.300000e-07	-4.927502e-09	-1.202028e-09	-3.588196e+01	-7.878582e+01
4.400000e-07	-4.910438e-09	-1.222532e-09	-3.575770e+01	-7.861786e+01
4.500000e-07	-4.893108e-09	-1.235244e-09	-3.563150e+01	-7.844147e+01
4.600000e-07	-4.875495e-09	-1.205772e-09	-3.550325e+01	-7.825660e+01
4.700000e-07	-4.857567e-09	-1.206178e-09	-3.537270e+01	-7.806326e+01
4.800000e-07	-4.839278e-09	-1.217777e-09	-3.523952e+01	-7.786148e+01
4.900000e-07	-4.820583e-09	-1.215364e-09	-3.510339e+01	-7.765134e+01
5.000000e-07	-4.801486e-09	-1.208180e-09	-3.496432e+01	-7.743295e+01
5.100000e-07	-4.782039e-09	-1.203658e-09	-3.482271e+01	-7.720644e+01
5.200000e-07	-4.762310e-09	-1.186771e-09	-3.467904e+01	-7.697200e+01
5.300000e-07	-4.742361e-09	-1.193002e-09	-3.453377e+01	-7.672981e+01
5.400000e-07	-4.722209e-09	-1.204454e-09	-3.438702e+01	-7.648010e+01
5.500000e-07	-4.701808e-09	-1.186846e-09	-3.423846e+01	-7.622313e+01
5.600000e-07	-4.681097e-09	-1.169532e-09	-3.408765e+01	-7.595916e+01
5.700000e-07	-4.660052e-09	-1.182626e-09	-3.393439e+01	-7.568848e+01
5.800000e-07	-4.638684e-09	-1.187918e-09	-3.377880e+01	-7.541140e+01
5.900000e-07	-4.617013e-09	-1.171710e-09	-3.362099e+01	-7.512822e+01
6.000000e-07	-4.595049e-09	-1.163314e-09	-3.346104e+01	-7.483928e+01
6.100000e-07	-4.572778e-09	-1.164408e-09	-3.329887e+01	-7.454489e+01
6.200000e-07	-4.550178e-09	-1.164907e-09	-3.313430e+01	-7.424539e+01
6.300000e-07	-4.527233e-09	-1.158471e-09	-3.296721e+01	-7.394109e+01
6.400000e-07	-4.503953e-09	-1.146790e-09	-3.279769e+01	-7.363233e+01
6.500000e-07	-4.480375e-09	-1.135978e-09	-3.262599e+01	-7.331940e+01
6.600000e-07	-4.456554e-09	-1.141336e-09	-3.245253e+01	-7.300261e+01
6.700000e-07	-4.432532e-09	-1.143130e-09	-3.227760e+01	-7.268224e+01
6.800000e-07	-4.408291e-09	-1.133983e-09	-3.210108e+01	-7.235855e+01
6.900000e-07	-4.383770e-09	-1.124983e-09	-3.192252e+01	-7.203180e+01
7.000000e-07	-4.358904e-09	-1.130682e-09	-3.174145e+01	-7.170221e+01
7.100000e-07	-4.333630e-09	-1.130756e-09	-3.155740e+01	-7.136997e+01
7.200000e-07	-4.307888e-09	-1.121110e-09	-3.136995e+01	-7.103526e+01
7.300000e-07	-4.281654e-09	-1.106932e-09	-3.117891e+01	-7.069822e+01
7.400000e-07	-4.254945e-09	-1.105833e-09	-3.098442e+01	-7.035897e+01
7.500000e-07	-4.227809e-09	-1.107866e-09	-3.078682e+01	-7.001760e+01
7.600000e-07	-4.200321e-09	-1.104595e-09	-3.058665e+01	-6.967418e+01
7.700000e-07	-4.172568e-09	-1.092199e-09	-3.038455e+01	-6.932871e+01
7.800000e-07	-4.144619e-09	-1.086544e-09	-3.018103e+01	-6.898122e+01
7.900000e-07	-4.116498e-09	-1.085801e-09	-2.997625e+01	-6.863166e+01
8.000000e-07	-4.088175e-09	-1.082600e-09	-2.977000e+01	-6.827998e+01
8.100000e-07	-4.059595e-09	-1.070664e-09	-2.956188e+01	-6.792610e+01
8.200000e-07	-4.030717e-09	-1.061420e-09	-2.935159e+01	-6.756990e+01
8.300000e-07	-4.001529e-09	-1.059329e-09	-2.913905e+01	-6.721126e+01
8.400000e-07	-3.972048e-09	-1.058509e-09	-2.892437e+01	-6.685001e+01
8.500000e-07	-3.942299e-09	-1.049512e-09	-2.870774e+01	-6.648600e+01
8.600000e-07	-3.912315e-09	-1.038515e-09	-2.848939e+01	-6.611901e+01
8.700000e-07	-3.882112e-09	-1.033434e-09	-2.826946e+01	-6.574886e+01
8.800000e-07	-3.851676e-09	-1.032191e-09	-2.804782e+01	-6.537532e+01
8.900000e-07	-3.820967e-09	-1.027977e-09	-2.782420e+01	-6.499816e+01
9.000000e-07	-3.789968e-09	-1.018990e-09	-2.759846e+01	-6.461716e+01
9.100000e-07	-3.758696e-09	-1.011303e-09	-2.737075e+01	-6.423208e+01
9.200000e-07	-3.727187e-09	-1.006302e-09	-2.714129e+01	-6.384268e+01
9.300000e-07	-3.695472e-09	-1.000468e-09	-2.691035e+01	-6.344872e+01
9.400000e-07	-3.663583e-09	-9.910961e-10	-2.667813e+01	-6.304999e+01
9.500000e-07	-3.631535e-09	-9.845981e-10	-2.644476e+01	-6.264625e+01
9.600000e-07	-3.599314e-09	-9.800222e-10	-2.621013e+01	-6.223729e+01
9.700000e-07	-3.566877e-09	-9.754668e-10	-2.597392e+01	-6.182291e+01
9.800000e-07	-3.534163e-09	-9.657811e-10	-2.573570e+01	-6.140293e+01
9.900000e-07	-3.501132e-09	-9.575667e-10	-2.549517e+01	-6.097717e+01
1.000000e-06	-3.467758e-09	-9.519105e-10	-2.525214e+01	-6.054549e+01
1.010000e-06	-3.434009e-09	-9.492164e-10	-2.500638e+01	-6.010773e+01
1.020000e-06	-3.399857e-09	-9.443172e-10	-2.475769e+01	-5.966380e+01
1.030000e-06	-3.365305e-09	-9.392355e-10	-2.450608e+01	-5.921359e+01
1.040000e-06	-3.330381e-09	-9.331994e-10	-2.425177e+01	-5.875702e+01
1.050000e-06	-3.295130e-09	-9.270848e-10	-2.399507e+01	-5.829406e+01
1.060000e-06	-3.259607e-09	-9.171149e-10	-2.373639e+01	-5.782465e+01
1.070000e-06	-3.223871e-09	-9.068550e-10	-2.347617e+01	-5.734880e+01
1.080000e-06	-3.187975e-09	-8.990887e-10	-2.321477e+01	-5.686650e+01
1.090000e-06	-3.151951e-09	-8.949350e-10	-2.295244e+01	-5.637777e+01
1.100000e-06	-3.115798e-09	-8.896977e-10	-2.268918e+01	-5.588268e+01
1.110000e-06	-3.079502e-09	-8.838715e-10	-2.242487e+01	-5.538126e+01
1.120000e-06	-3.043040e-09	-8.782666e-10	-2.215936e+01	-5.487358e+01
1.130000e-06	-3.006388e-09	-8.728899e-10	-2.189245e+01	-5.435974e+01
1.140000e-06	-2.969520e-09	-8.635516e-10	-2.162398e+01	-5.383982e+01
1.150000e-06	-2.932425e-09	-8.495205e-10	-2.135386e+01	-5.331391e+01
1.160000e-06	-2.895110e-09	-8.354936e-10	-2.108213e+01	-5.278212e+01
1.170000e-06	-2.857584e-09	-8.252577e-10	-2.080886e+01	-5.224456e+01
1.180000e-06	-2.819859e-09	-8.181621e-10	-2.053415e+01	-5.170131e+01
1.190000e-06	-2.781940e-09	-8.119619e-10	-2.025803e+01	-5.115248e+01
1.200000e-06	-2.743829e-09	-8.053572e-10	-1.998051e+01	-5.059816e+01
1.210000e-06	-2.705523e-09	-7.978703e-10	-1.970156e+01	-5.003843e+01
1.220000e-06	-2.667021e-09	-7.900818e-10	-1.942119e+01	-4.947335e+01
1.230000e-06	-2.628319e-09	-7.793122e-10	-1.913937e+01	-4.890298e+01
1.240000e-06	-2.589422e-09	-7.672707e-10	-1.885612e+01	-4.832735e+01
1.250000e-06	-2.550341e-09	-7.552026e-10	-1.857153e+01	-4.774648e+01
1.260000e-06	-2.511086e-09	-7.465350e-10	-1.828567e+01	-4.716037e+01
1.270000e-06	-2.471664e-09	-7.407133e-10	-1.799861e+01	-4.656898e+01
1.280000e-06	-2.432091e-09	-7.340617e-10	-1.771044e+01	-4.597226e+01
1.290000e-06	-2.392386e-09	-7.244738e-10	-1.742130e+01	-4.537012e+01
1.300000e-06	-2.352571e-09	-7.153316e-10	-1.713137e+01	-4.476247e+01
1.310000e-06	-2.312660e-09	-7.069975e-10	-1.684074e+01	-4.414917e+01
1.320000e-06	-2.272658e-09	-6.976261e-10	-1.654945e+01	-4.353005e+01
1.330000e-06	-2.232564e-09	-6.854678e-10	-1.625748e+01	-4.290491e+01
1.340000e-06	-2.192368e-09	-6.737150e-10	-1.596477e+01	-4.227354e+01
1.350000e-06	-2.152052e-09	-6.637124e-10	-1.567120e+01	-4.163570e+01
1.360000e-06	-2.111597e-09	-6.544587e-10	-1.537660e+01	-4.099109e+01
1.370000e-06	-2.070987e-09	-6.432743e-10	-1.508088e+01	-4.033943e+01
1.380000e-06	-2.030209e-09	-6.312313e-10	-1.478394e+01	-3.968040e+01
1.390000e-06	-1.989258e-09	-6.189860e-10	-1.448573e+01	-3.901364e+01
1.400000e-06	-1.948122e-09	-6.075014e-10	-1.418618e+01	-3.833879e+01
1.410000e-06	-1.906786e-09	-5.959407e-10	-1.388517e+01	-3.765548e+01
1.420000e-06	-1.865240e-09	-5.840527e-10	-1.358264e+01	-3.696330e+01
1.430000e-06	-1.823478e-09	-5.722934e-10	-1.327853e+01	-3.626186e+01
1.440000e-06	-1.781492e-09	-5.614625e-10	-1.297279e+01	-3.555075e+01
1.450000e-06	-1.739275e-09	-5.501996e-10	-1.266537e+01	-3.482954e+01
1.460000e-06	-1.696825e-09	-5.384089e-10	-1.235625e+01	-3.409782e+01
1.470000e-06	-1.654154e-09	-5.256599e-10	-1.204552e+01	-3.335517e+01
1.480000e-06	-1.611280e-09	-5.132731e-10	-1.173332e+01	-3.260121e+01
1.490000e-06	-1.568220e-09	-5.023180e-10	-1.141975e+01	-3.183552e+01
1.500000e-06	-1.524985e-09	-4.907165e-10	-1.110492e+01	-3.105772e+01
1.510000e-06	-1.481602e-09	-4.778528e-10	-1.078901e+01	-3.026747e+01
1.520000e-06	-1.438103e-09	-4.643083e-10	-1.047225e+01	-2.946442e+01
1.530000e-06	-1.394507e-09	-4.505635e-10	-1.015478e+01	-2.864826e+01
1.540000e-06	-1.350825e-09	-4.372209e-10	-9.836694e+00	-2.781870e+01
1.550000e-06	-1.307073e-09	-4.244230e-10	-9.518087e+00	-2.697550e+01
1.560000e-06	-1.263260e-09	-4.119622e-10	-9.199045e+00	-2.611845e+01
1.570000e-06	-1.219397e-09	-3.988363e-10	-8.879631e+00	-2.524737e+01
1.580000e-06	-1.175483e-09	-3.835455e-10	-8.559851e+00	-2.436213e+01
1.590000e-06	-1.131520e-09	-3.668066e-10	-8.239712e+00	-2.346265e+01
1.600000e-06	-1.087511e-09	-3.506272e-10	-7.919239e+00	-2.254888e+01
1.610000e-06	-1.043456e-09	-3.367252e-10	-7.598432e+00	-2.162082e+01
1.620000e-06	-9.993557e-10	-3.228044e-10	-7.277293e+00	-2.067855e+01
1.630000e-06	-9.552131e-10	-3.093376e-10	-6.955847e+00	-1.972216e+01
1.640000e-06	-9.110302e-10	-2.964750e-10	-6.634107e+00	-1.875182e+01
1.650000e-06	-8.668093e-10	-2.829711e-10	-6.312091e+00	-1.776773e+01
1.660000e-06	-8.225534e-10	-2.663276e-10	-5.989820e+00	-1.677015e+01
1.670000e-06	-7.782677e-10	-2.475852e-10	-5.667332e+00	-1.575941e+01
1.680000e-06	-7.339543e-10	-2.295138e-10	-5.344642e+00	-1.473586e+01
1.690000e-06	-6.896092e-10	-2.144995e-10	-5.021722e+00	-1.369992e+01
1.700000e-06	-6.452299e-10	-2.007533e-10	-4.698553e+00	-1.265205e+01
1.710000e-06	-6.008143e-10	-1.862731e-10	-4.375119e+00	-1.159276e+01
1.720000e-06	-5.563636e-10	-1.721243e-10	-4.051430e+00	-1.052259e+01
1.730000e-06	-5.118802e-10	-1.595153e-10	-3.727502e+00	-9.442155e+00
1.740000e-06	-4.673651e-10	-1.446119e-10	-3.403344e+00	-8.352072e+00
1.750000e-06	-4.228166e-10	-1.246762e-10	-3.078943e+00	-7.253015e+00
1.760000e-06	-3.782319e-10	-1.034879e-10	-2.754278e+00	-6.145686e+00
1.770000e-06	-3.336154e-10	-8.494977e-11	-2.429382e+00	-5.030818e+00
1.780000e-06	-2.889704e-10	-6.853911e-11	-2.104278e+00	-3.909168e+00
1.790000e-06	-2.443008e-10	-5.213871e-11	-1.778995e+00	-2.781518e+00
1.800000e-06	-1.996194e-10	-3.592052e-11	-1.453626e+00	-1.648668e+00
1.810000e-06	-1.549379e-10	-2.063335e-11	-1.128256e+00	-5.114349e-01
1.820000e-06	-1.102594e-10	-5.187444e-12	-8.029088e-01	6.293552e-01
1.830000e-06	-6.558530e-11	1.365084e-11	-4.775929e-01	1.772867e+00
1.840000e-06	-2.091721e-11	3.624805e-11	-1.523208e-01	2.918261e+00
1.850000e-06	2.374765e-11	5.842845e-11	1.729276e-01	4.064699e+00
1.860000e-06	6.841233e-11	7.610827e-11	4.981747e-01	5.211344e+00
1.870000e-06	1.130786e-10	8.913281e-11	8.234337e-01	6.357368e+00
1.880000e-06	1.577421e-10	1.019410e-10	1.148672e+00	7.501952e+00
1.890000e-06	2.023982e-10	1.166458e-10	1.473856e+00	8.644291e+00
1.900000e-06	2.470424e-10	1.324011e-10	1.798955e+00	9.783596e+00
1.910000e-06	2.916699e-10	1.506082e-10	2.123931e+00	1.091910e+01
1.920000e-06	3.362770e-10	1.711209e-10	2.448759e+00	1.205005e+01
1.930000e-06	3.808593e-10	1.921576e-10	2.773407e+00	1.317573e+01
1.940000e-06	4.254132e-10	2.102342e-10	3.097847e+00	1.429545e+01
1.950000e-06	4.699323e-10	2.238083e-10	3.422034e+00	1.540853e+01
1.960000e-06	5.144089e-10	2.354840e-10	3.745912e+00	1.651433e+01
1.970000e-06	5.588410e-10	2.493405e-10	4.069466e+00	1.761227e+01
1.980000e-06	6.032344e-10	2.653761e-10	4.392737e+00	1.870175e+01
1.990000e-06	6.475937e-10	2.818526e-10	4.715761e+00	1.978225e+01
2.000000e-06	6.919223e-10	2.988737e-10	5.038562e+00	2.085326e+01
2.010000e-06	7.362189e-10	3.179900e-10	5.361130e+00	2.191431e+01
2.020000e-06	7.804849e-10	3.377509e-10	5.683474e+00	2.296496e+01
2.030000e-06	8.247201e-10	3.551978e-10	6.005594e+00	2.400483e+01
2.040000e-06	8.689208e-10	3.688272e-10	6.327464e+00	2.503355e+01
2.050000e-06	9.130873e-10	3.800319e-10	6.649084e+00	2.605078e+01
2.060000e-06	9.572189e-10	3.919633e-10	6.970450e+00	2.705624e+01
2.070000e-06	1.001314e-09	4.054995e-10	7.291553e+00	2.804966e+01
2.080000e-06	1.045373e-09	4.197146e-10	7.612387e+00	2.903082e+01
2.090000e-06	1.089393e-09	4.336005e-10	7.932945e+00	2.999951e+01
2.100000e-06	1.133373e-09	4.483537e-10	8.253205e+00	3.095556e+01
2.110000e-06	1.177309e-09	4.653369e-10	8.573150e+00	3.189885e+01
2.120000e-06	1.221198e-09	4.823085e-10	8.892748e+00	3.282925e+01
2.130000e-06	1.265033e-09	4.965917e-10	9.211956e+00	3.374668e+01
2.140000e-06	1.308811e-09	5.088427e-10	9.530744e+00	3.465108e+01
2.150000e-06	1.352525e-09	5.222135e-10	9.849071e+00	3.554241e+01
2.160000e-06	1.396163e-09	5.355158e-10	1.016684e+01	3.642067e+01
2.170000e-06	1.439710e-09	5.462311e-10	1.048395e+01	3.728584e+01
2.180000e-06	1.483151e-09	5.560309e-10	1.080028e+01	3.813797e+01
2.190000e-06	1.526454e-09	5.684108e-10	1.111561e+01	3.897708e+01
2.200000e-06	1.569597e-09	5.849582e-10	1.142978e+01	3.980324e+01
2.210000e-06	1.612559e-09	6.028234e-10	1.174263e+01	4.061652e+01
2.220000e-06	1.655321e-09	6.186983e-10	1.205402e+01	4.141701e+01
2.230000e-06	1.697867e-09	6.320026e-10	1.236383e+01	4.220481e+01
2.240000e-06	1.740182e-09	6.433728e-10	1.267197e+01	4.298004e+01
2.250000e-06	1.782254e-09	6.528947e-10	1.297834e+01	4.374281e+01
2.260000e-06	1.824085e-09	6.618261e-10	1.328295e+01	4.449327e+01
2.270000e-06	1.865676e-09	6.707863e-10	1.358581e+01	4.523155e+01
2.280000e-06	1.907037e-09	6.811421e-10	1.388700e+01	4.595780e+01
2.290000e-06	1.948186e-09	6.945810e-10	1.418665e+01	4.667219e+01
2.300000e-06	1.989139e-09	7.088375e-10	1.448487e+01	4.737488e+01
2.310000e-06	2.029917e-09	7.204366e-10	1.478180e+01	4.806604e+01
2.320000e-06	2.070530e-09	7.301019e-10	1.507755e+01	4.874586e+01
2.330000e-06	2.110994e-09	7.383927e-10	1.537221e+01	4.941452e+01
2.340000e-06	2.151326e-09	7.463452e-10	1.566590e+01	5.007220e+01
2.350000e-06	2.191544e-09	7.539160e-10	1.595877e+01	5.071911e+01
2.360000e-06	2.231665e-09	7.612463e-10	1.625093e+01	5.135544e+01
2.370000e-06	2.271695e-09	7.716458e-10	1.654243e+01	5.198139e+01
2.380000e-06	2.311636e-09	7.849451e-10	1.683328e+01	5.259718e+01
2.390000e-06	2.351480e-09	7.978306e-10	1.712343e+01	5.320302e+01
2.400000e-06	2.391210e-09	8.080948e-10	1.741274e+01	5.379911e+01
2.410000e-06	2.430808e-09	8.151754e-10	1.770109e+01	5.438568e+01
2.420000e-06	2.470253e-09	8.211171e-10	1.798832e+01	5.496294e+01
2.430000e-06	2.509527e-09	8.268717e-10	1.827432e+01	5.553111e+01
2.440000e-06	2.548614e-09	8.321211e-10	1.855895e+01	5.609042e+01
2.450000e-06	2.587508e-09	8.393913e-10	1.884217e+01	5.664108e+01
2.460000e-06	2.626207e-09	8.500495e-10	1.912398e+01	5.718333e+01
2.470000e-06	2.664714e-09	8.624860e-10	1.940439e+01	5.771737e+01
2.480000e-06	2.703037e-09	8.740005e-10	1.968345e+01	5.824344e+01
2.490000e-06	2.741187e-09	8.821236e-10	1.996126e+01	5.876175e+01
2.500000e-06	2.779166e-09	8.862465e-10	2.023782e+01	5.927252e+01
2.510000e-06	2.816968e-09	8.898143e-10	2.051310e+01	5.977596e+01
2.520000e-06	2.854580e-09	8.960095e-10	2.078699e+01	6.027227e+01
2.530000e-06	2.891983e-09	9.050620e-10	2.105936e+01	6.076167e+01
2.540000e-06	2.929167e-09	9.149024e-10	2.133013e+01	6.124435e+01
2.550000e-06	2.966123e-09	9.240284e-10	2.159924e+01	6.172050e+01
2.560000e-06	3.002853e-09	9.327104e-10	2.186671e+01	6.219031e+01
2.570000e-06	3.039383e-09	9.406186e-10	2.213272e+01	6.265395e+01
2.580000e-06	3.075743e-09	9.464560e-10	2.239749e+01	6.311158e+01
2.590000e-06	3.111961e-09	9.509426e-10	2.266123e+01	6.356336e+01
2.600000e-06	3.148062e-09	9.558903e-10	2.292412e+01	6.400943e+01
2.610000e-06	3.184055e-09	9.598402e-10	2.318622e+01	6.444994e+01
2.620000e-06	3.219927e-09	9.653699e-10	2.344744e+01	6.488499e+01
2.630000e-06	3.255643e-09	9.743120e-10	2.370752e+01	6.531471e+01
2.640000e-06	3.291150e-09	9.835400e-10	2.396609e+01	6.573917e+01
2.650000e-06	3.326383e-09	9.921070e-10	2.422265e+01	6.615847e+01
2.660000e-06	3.361275e-09	1.000504e-09	2.447674e+01	6.657268e+01
2.670000e-06	3.395772e-09	1.009272e-09	2.472794e+01	6.698184e+01
2.680000e-06	3.429838e-09	1.014803e-09	2.497600e+01	6.738599e+01
2.690000e-06	3.463473e-09	1.015014e-09	2.522093e+01	6.778517e+01
2.700000e-06	3.496708e-09	1.014788e-09	2.546295e+01	6.817938e+01
2.710000e-06	3.529591e-09	1.020570e-09	2.570240e+01	6.856863e+01
2.720000e-06	3.562183e-09	1.032580e-09	2.593973e+01	6.895290e+01
2.730000e-06	3.594547e-09	1.045047e-09	2.617541e+01	6.933216e+01
2.740000e-06	3.626735e-09	1.053382e-09	2.640980e+01	6.970638e+01
2.750000e-06	3.658779e-09	1.058479e-09	2.664315e+01	7.007550e+01
2.760000e-06	3.690678e-09	1.062035e-09	2.687544e+01	7.043947e+01
2.770000e-06	3.722401e-09	1.062526e-09	2.710644e+01	7.079822e+01
2.780000e-06	3.753898e-09	1.059126e-09	2.733580e+01	7.115168e+01
2.790000e-06	3.785121e-09	1.058319e-09	2.756316e+01	7.149976e+01
2.800000e-06	3.816038e-09	1.064703e-09	2.778830e+01	7.184238e+01
2.810000e-06	3.846653e-09	1.075531e-09	2.801124e+01	7.217945e+01
2.820000e-06	3.876993e-09	1.086397e-09	2.823217e+01	7.251088e+01
2.830000e-06	3.907087e-09	1.095039e-09	2.845132e+01	7.283656e+01
2.840000e-06	3.936960e-09	1.101115e-09	2.866886e+01	7.315642e+01
2.850000e-06	3.966611e-09	1.103810e-09	2.888477e+01	7.347036e+01
2.860000e-06	3.996009e-09	1.103292e-09	2.909885e+01	7.377828e+01
2.870000e-06	4.025123e-09	1.101986e-09	2.931086e+01	7.408012e+01
2.880000e-06	4.053943e-09	1.104252e-09	2.952073e+01	7.437580e+01
2.890000e-06	4.082492e-09	1.110872e-09	2.972861e+01	7.466524e+01
2.900000e-06	4.110812e-09	1.120207e-09	2.993484e+01	7.494838e+01
2.910000e-06	4.138954e-09	1.129010e-09	3.013977e+01	7.522519e+01
2.920000e-06	4.166947e-09	1.135418e-09	3.034362e+01	7.549561e+01
2.930000e-06	4.194767e-09	1.140027e-09	3.054620e+01	7.575963e+01
2.940000e-06	4.222352e-09	1.142628e-09	3.074708e+01	7.601723e+01
2.950000e-06	4.249603e-09	1.143195e-09	3.094551e+01	7.626841e+01
2.960000e-06	4.276410e-09	1.144537e-09	3.114072e+01	7.651318e+01
2.970000e-06	4.302692e-09	1.148443e-09	3.133211e+01	7.675158e+01
2.980000e-06	4.328419e-09	1.153694e-09	3.151945e+01	7.698363e+01
2.990000e-06	4.353633e-09	1.159649e-09	3.170306e+01	7.720940e+01
3.000000e-06	4.378420e-09	1.166747e-09	3.188356e+01	7.742896e+01
3.010000e-06	4.402877e-09	1.173922e-09	3.206165e+01	7.764238e+01
3.020000e-06	4.427081e-09	1.178658e-09	3.223790e+01	7.784977e+01
3.030000e-06	4.451071e-09	1.179064e-09	3.241260e+01	7.805123e+01
3.040000e-06	4.474829e-09	1.177461e-09	3.258560e+01	7.824688e+01
3.050000e-06	4.498309e-09	1.178876e-09	3.275659e+01	7.843685e+01
3.060000e-06	4.521465e-09	1.184082e-09	3.292521e+01	7.862127e+01
3.070000e-06	4.544277e-09	1.188858e-09	3.309132e+01	7.880030e+01
3.080000e-06	4.566765e-09	1.192902e-09	3.325508e+01	7.897408e+01
3.090000e-06	4.588964e-09	1.198764e-09	3.341673e+01	7.914276e+01
3.100000e-06	4.610890e-09	1.204861e-09	3.357640e+01	7.930651e+01
3.110000e-06	4.632526e-09	1.207139e-09	3.373395e+01	7.946550e+01
3.120000e-06	4.653839e-09	1.205271e-09	3.388915e+01	7.961987e+01
3.130000e-06	4.674806e-09	1.204557e-09	3.404183e+01	7.976979e+01
3.140000e-06	4.695443e-09	1.207551e-09	3.419211e+01	7.991542e+01
3.150000e-06	4.715808e-09	1.212580e-09	3.434041e+01	8.005691e+01
3.160000e-06	4.735965e-09	1.216119e-09	3.448719e+01	8.019439e+01
3.170000e-06	4.755939e-09	1.218737e-09	3.463265e+01	8.032801e+01
3.180000e-06	4.775705e-09	1.221999e-09	3.477658e+01	8.045790e+01
3.190000e-06	4.795188e-09	1.224245e-09	3.491845e+01	8.058416e+01
3.200000e-06	4.814301e-09	1.224201e-09	3.505763e+01	8.070690e+01
3.210000e-06	4.832981e-09	1.223780e-09	3.519366e+01	8.082622e+01
3.220000e-06	4.851217e-09	1.227268e-09	3.532645e+01	8.094219e+01
3.230000e-06	4.869046e-09	1.232597e-09	3.545628e+01	8.105487e+01
3.240000e-06	4.886536e-09	1.236999e-09	3.558365e+01	8.116431e+01
3.250000e-06	4.903746e-09	1.239170e-09	3.570897e+01	8.127053e+01
3.260000e-06	4.920687e-09	1.240267e-09	3.583233e+01	8.137357e+01
3.270000e-06	4.937327e-09	1.240687e-09	3.595351e+01	8.147340e+01
3.280000e-06	4.953606e-09	1.239288e-09	3.607205e+01	8.157003e+01
3.290000e-06	4.969452e-09	1.239635e-09	3.618744e+01	8.166341e+01
3.300000e-06	4.984819e-09	1.244399e-09	3.629934e+01	8.175351e+01
3.310000e-06	4.999718e-09	1.251387e-09	3.640784e+01	8.184026e+01
3.320000e-06	5.014206e-09	1.257193e-09	3.651334e+01	8.192361e+01
3.330000e-06	5.028338e-09	1.259897e-09	3.661624e+01	8.200346e+01
3.340000e-06	5.042138e-09	1.259714e-09	3.671674e+01	8.207972e+01
3.350000e-06	5.055588e-09	1.257146e-09	3.681468e+01	8.215231e+01
3.360000e-06	5.068660e-09	1.252983e-09	3.690987e+01	8.222110e+01
3.370000e-06	5.081357e-09	1.249871e-09	3.700233e+01	8.228601e+01
3.380000e-06	5.093715e-09	1.251935e-09	3.709232e+01	8.234691e+01
3.390000e-06	5.105763e-09	1.259608e-09	3.718005e+01	8.240369e+01
3.400000e-06	5.117478e-09	1.268735e-09	3.726536e+01	8.245625e+01
3.410000e-06	5.128780e-09	1.274970e-09	3.734766e+01	8.250448e+01
3.420000e-06	5.139556e-09	1.275493e-09	3.742613e+01	8.254828e+01
3.430000e-06	5.149720e-09	1.272471e-09	3.750015e+01	8.258756e+01
3.440000e-06	5.159258e-09	1.269490e-09	3.756960e+01	8.262223e+01
3.450000e-06	5.168241e-09	1.268328e-09	3.763502e+01	8.265223e+01
3.460000e-06	5.176799e-09	1.269445e-09	3.769733e+01	8.267750e+01
3.470000e-06	5.185051e-09	1.273454e-09	3.775743e+01	8.269799e+01
3.480000e-06	5.193065e-09	1.278695e-09	3.781578e+01	8.271369e+01
3.490000e-06	5.200836e-09	1.282831e-09	3.787237e+01	8.272459e+01
3.500000e-06	5.208307e-09	1.284439e-09	3.792677e+01	8.273069e+01
3.510000e-06	5.215419e-09	1.283819e-09	3.797856e+01	8.273204e+01
3.520000e-06	5.222153e-09	1.282061e-09	3.802760e+01	8.272868e+01
3.530000e-06	5.228529e-09	1.281010e-09	3.807403e+01	8.272069e+01
3.540000e-06	5.234563e-09	1.281890e-09	3.811797e+01	8.270818e+01
3.550000e-06	5.240245e-09	1.284462e-09	3.815935e+01	8.269125e+01
3.560000e-06	5.245550e-09	1.287384e-09	3.819798e+01	8.267005e+01
3.570000e-06	5.250465e-09	1.289308e-09	3.823377e+01	8.264474e+01
3.580000e-06	5.255030e-09	1.289369e-09	3.826701e+01	8.261550e+01
3.590000e-06	5.259319e-09	1.288445e-09	3.829824e+01	8.258253e+01
3.600000e-06	5.263387e-09	1.288790e-09	3.832787e+01	8.254605e+01
3.610000e-06	5.267229e-09	1.291157e-09	3.835584e+01	8.250628e+01
3.620000e-06	5.270769e-09	1.294157e-09	3.838163e+01	8.246349e+01
3.630000e-06	5.273896e-09	1.296885e-09	3.840439e+01	8.241791e+01
3.640000e-06	5.276493e-09	1.299140e-09	3.842331e+01	8.236984e+01
3.650000e-06	5.278494e-09	1.300423e-09	3.843787e+01	8.231954e+01
3.660000e-06	5.279900e-09	1.300234e-09	3.844811e+01	8.226728e+01
3.670000e-06	5.280790e-09	1.297190e-09	3.845460e+01	8.221337e+01
3.680000e-06	5.281287e-09	1.294527e-09	3.845822e+01	8.215807e+01
3.690000e-06	5.281502e-09	1.295641e-09	3.845978e+01	8.210167e+01
3.700000e-06	5.281486e-09	1.299818e-09	3.845966e+01	8.204444e+01
3.710000e-06	5.281212e-09	1.303462e-09	3.845767e+01	8.198664e+01
3.720000e-06	5.280614e-09	1.303075e-09	3.845332e+01	8.192852e+01
3.730000e-06	5.279640e-09	1.299449e-09	3.844622e+01	8.187032e+01
3.740000e-06	5.278289e-09	1.297289e-09	3.843639e+01	8.181226e+01
3.750000e-06	5.276606e-09	1.299211e-09	3.842413e+01	8.175453e+01
3.760000e-06	5.274624e-09	1.304040e-09	3.840969e+01	8.169732e+01
3.770000e-06	5.272335e-09	1.280464e-09	3.839303e+01	8.164076e+01
3.780000e-06	5.269679e-09	1.226228e-09	3.837369e+01	8.158498e+01
3.790000e-06	5.266573e-09	1.242869e-09	3.835107e+01	8.153007e+01
3.800000e-06	5.263000e-09	1.307457e-09	3.832505e+01	8.147610e+01
3.810000e-06	5.259086e-09	1.292492e-09	3.829655e+01	8.142309e+01
3.820000e-06	5.255009e-09	1.247461e-09	3.826686e+01	8.137105e+01
3.830000e-06	5.250768e-09	1.260356e-09	3.823598e+01	8.131993e+01
3.840000e-06	5.246124e-09	1.334357e-09	3.820216e+01	8.126966e+01
3.850000e-06	5.240896e-09	1.296217e-09	3.816409e+01	8.122014e+01
3.860000e-06	5.235209e-09	1.202151e-09	3.812268e+01	8.117122e+01
3.870000e-06	5.229205e-09	1.238119e-09	3.807896e+01	8.112274e+01
3.880000e-06	5.222762e-09	1.316668e-09	3.803204e+01	8.107448e+01
3.890000e-06	5.215731e-09	1.278860e-09	3.798084e+01	8.102621e+01
3.900000e-06	5.208205e-09	1.194121e-09	3.792604e+01	8.097766e+01
3.910000e-06	5.200354e-09	1.279091e-09	3.786886e+01	8.092854e+01
3.920000e-06	5.192202e-09	1.346756e-09	3.780950e+01	8.087851e+01
3.930000e-06	5.183728e-09	1.250440e-09	3.774780e+01	8.082724e+01
3.940000e-06	5.174977e-09	1.165610e-09	3.768407e+01	8.077436e+01
3.950000e-06	5.165942e-09	1.274109e-09	3.761828e+01	8.071949e+01
3.960000e-06	5.156527e-09	1.325282e-09	3.754972e+01	8.066222e+01
3.970000e-06	5.146700e-09	1.213445e-09	3.747816e+01	8.060215e+01
3.980000e-06	5.136521e-09	1.188025e-09	3.740403e+01	8.053885e+01
3.990000e-06	5.125995e-09	1.303248e-09	3.732739e+01	8.047190e+01
4.000000e-06	5.115082e-09	1.296765e-09	3.724792e+01	8.040087e+01
4.010000e-06	5.103782e-09	1.183393e-09	3.716563e+01	8.032535e+01
4.020000e-06	5.092112e-09	1.212983e-09	3.708065e+01	8.024491e+01
4.030000e-06	5.080060e-09	1.298185e-09	3.699289e+01	8.015914e+01
4.040000e-06	5.067631e-09	1.253272e-09	3.690238e+01	8.006766e+01
4.050000e-06	5.054791e-09	1.200435e-09	3.680888e+01	7.997008e+01
4.060000e-06	5.041398e-09	1.254806e-09	3.671136e+01	7.986603e+01
4.070000e-06	5.027350e-09	1.262480e-09	3.660906e+01	7.975519e+01
4.080000e-06	5.012721e-09	1.215506e-09	3.650253e+01	7.963724e+01
4.090000e-06	4.997638e-09	1.222263e-09	3.639269e+01	7.951189e+01
4.100000e-06	4.982174e-09	1.238993e-09	3.628009e+01	7.937889e+01
4.110000e-06	4.966399e-09	1.207029e-09	3.616521e+01	7.923801e+01
4.120000e-06	4.950372e-09	1.226366e-09	3.604850e+01	7.908907e+01
4.130000e-06	4.934072e-09	1.250581e-09	3.592981e+01	7.893191e+01
4.140000e-06	4.917440e-09	1.209669e-09	3.580869e+01	7.876641e+01
4.150000e-06	4.900458e-09	1.181124e-09	3.568503e+01	7.859248e+01
4.160000e-06	4.883137e-09	1.218203e-09	3.555890e+01	7.841009e+01
4.170000e-06	4.865494e-09	1.208879e-09	3.543042e+01	7.821922e+01
4.180000e-06	4.847544e-09	1.178577e-09	3.529971e+01	7.801990e+01
4.190000e-06	4.829270e-09	1.190070e-09	3.516664e+01	7.781219e+01
4.200000e-06	4.810643e-09	1.204594e-09	3.503100e+01	7.759620e+01
4.210000e-06	4.791663e-09	1.190039e-09	3.489279e+01	7.737204e+01
4.220000e-06	4.772367e-09	1.187601e-09	3.475227e+01	7.713989e+01
4.230000e-06	4.752802e-09	1.172848e-09	3.460981e+01	7.689993e+01
4.240000e-06	4.733021e-09	1.153416e-09	3.446576e+01	7.665239e+01
4.250000e-06	4.713051e-09	1.165670e-09	3.432034e+01	7.639750e+01
4.260000e-06	4.692866e-09	1.173243e-09	3.417335e+01	7.613554e+01
4.270000e-06	4.672387e-09	1.150821e-09	3.402422e+01	7.586677e+01
4.280000e-06	4.651508e-09	1.151827e-09	3.387218e+01	7.559151e+01
4.290000e-06	4.630127e-09	1.169901e-09	3.371649e+01	7.531007e+01
4.300000e-06	4.608177e-09	1.156645e-09	3.355665e+01	7.502275e+01
4.310000e-06	4.585661e-09	1.134812e-09	3.339269e+01	7.472990e+01
4.320000e-06	4.562644e-09	1.128903e-09	3.322508e+01	7.443183e+01
4.330000e-06	4.539236e-09	1.127343e-09	3.305462e+01	7.412887e+01
4.340000e-06	4.515548e-09	1.124538e-09	3.288213e+01	7.382134e+01
4.350000e-06	4.491646e-09	1.121826e-09	3.270807e+01	7.350956e+01
4.360000e-06	4.467543e-09	1.113344e-09	3.253256e+01	7.319383e+01
4.370000e-06	4.443206e-09	1.115369e-09	3.235533e+01	7.287444e+01
4.380000e-06	4.418583e-09	1.118795e-09	3.217603e+01	7.255166e+01
4.390000e-06	4.393636e-09	1.108005e-09	3.199437e+01	7.222574e+01
4.400000e-06	4.368358e-09	1.086655e-09	3.181030e+01	7.189690e+01
4.410000e-06	4.342770e-09	1.079131e-09	3.162396e+01	7.156537e+01
4.420000e-06	4.316900e-09	1.079122e-09	3.143558e+01	7.123132e+01
4.430000e-06	4.290766e-09	1.077920e-09	3.124527e+01	7.089490e+01
4.440000e-06	4.264342e-09	1.070775e-09	3.105286e+01	7.055624e+01
4.450000e-06	4.237597e-09	1.071673e-09	3.085809e+01	7.021543e+01
4.460000e-06	4.210524e-09	1.077186e-09	3.066095e+01	6.987255e+01
4.470000e-06	4.183157e-09	1.075006e-09	3.046167e+01	6.952763e+01
4.480000e-06	4.155553e-09	1.058880e-09	3.026065e+01	6.918068e+01
4.490000e-06	4.127761e-09	1.045919e-09	3.005827e+01	6.883168e+01
4.500000e-06	4.099804e-09	1.037716e-09	2.985469e+01	6.848058e+01
4.510000e-06	4.071666e-09	1.030526e-09	2.964979e+01	6.812730e+01
4.520000e-06	4.043286e-09	1.022570e-09	2.944312e+01	6.777174e+01
4.530000e-06	4.014580e-09	1.021022e-09	2.923409e+01	6.741378e+01
4.540000e-06	3.985469e-09	1.024327e-09	2.902210e+01	6.705327e+01
4.550000e-06	3.955901e-09	1.024916e-09	2.880680e+01	6.669003e+01
4.560000e-06	3.925866e-09	1.016089e-09	2.858808e+01	6.632389e+01
4.570000e-06	3.895378e-09	1.000999e-09	2.836607e+01	6.595465e+01
4.580000e-06	3.864480e-09	9.864278e-10	2.814107e+01	6.558208e+01
4.590000e-06	3.833235e-09	9.776115e-10	2.791354e+01	6.520597e+01
4.600000e-06	3.801720e-09	9.718605e-10	2.768405e+01	6.482608e+01
4.610000e-06	3.769996e-09	9.659522e-10	2.745304e+01	6.444218e+01
4.620000e-06	3.738097e-09	9.654653e-10	2.722075e+01	6.405404e+01
4.630000e-06	3.706030e-09	9.684732e-10	2.698724e+01	6.366141e+01
4.640000e-06	3.673773e-09	9.656715e-10	2.675235e+01	6.326407e+01
4.650000e-06	3.641294e-09	9.524643e-10	2.651583e+01	6.286179e+01
4.660000e-06	3.608568e-09	9.369963e-10	2.627752e+01	6.245436e+01
4.670000e-06	3.575580e-09	9.243561e-10	2.603730e+01	6.204157e+01
4.680000e-06	3.542337e-09	9.166056e-10	2.579523e+01	6.162322e+01
4.690000e-06	3.508864e-09	9.095749e-10	2.555148e+01	6.119915e+01
4.700000e-06	3.475176e-09	9.056402e-10	2.530617e+01	6.076920e+01
4.710000e-06	3.441278e-09	9.037724e-10	2.505932e+01	6.033322e+01
4.720000e-06	3.407168e-09	9.009357e-10	2.481093e+01	5.989109e+01
4.730000e-06	3.372829e-09	8.920196e-10	2.456088e+01	5.944270e+01
4.740000e-06	3.338242e-09	8.812442e-10	2.430902e+01	5.898799e+01
4.750000e-06	3.303384e-09	8.710203e-10	2.405518e+01	5.852689e+01
4.760000e-06	3.268257e-09	8.646355e-10	2.379939e+01	5.805936e+01
4.770000e-06	3.232897e-09	8.602704e-10	2.354189e+01	5.758538e+01
4.780000e-06	3.197349e-09	8.563666e-10	2.328303e+01	5.710495e+01
4.790000e-06	3.161652e-09	8.505220e-10	2.302309e+01	5.661809e+01
4.800000e-06	3.125835e-09	8.445483e-10	2.276227e+01	5.612484e+01
4.810000e-06	3.089909e-09	8.380504e-10	2.250066e+01	5.562525e+01
4.820000e-06	3.053868e-09	8.310776e-10	2.223821e+01	5.511939e+01
4.830000e-06	3.017687e-09	8.232116e-10	2.197474e+01	5.460733e+01
4.840000e-06	2.981324e-09	8.164625e-10	2.170995e+01	5.408916e+01
4.850000e-06	2.944730e-09	8.101294e-10	2.144347e+01	5.356498e+01
4.860000e-06	2.907860e-09	8.023455e-10	2.117498e+01	5.303489e+01
4.870000e-06	2.870670e-09	7.937995e-10	2.090417e+01	5.249899e+01
4.880000e-06	2.833123e-09	7.857524e-10	2.063075e+01	5.195737e+01
4.890000e-06	2.795193e-09	7.791311e-10	2.035454e+01	5.141015e+01
4.900000e-06	2.756879e-09	7.734587e-10	2.007555e+01	5.085741e+01
4.910000e-06	2.718209e-09	7.660883e-10	1.979395e+01	5.029923e+01
4.920000e-06	2.679230e-09	7.576509e-10	1.951011e+01	4.973569e+01
4.930000e-06	2.639998e-09	7.510607e-10	1.922443e+01	4.916684e+01
4.940000e-06	2.600563e-09	7.438881e-10	1.893726e+01	4.859272e+01
4.950000e-06	2.560968e-09	7.352299e-10	1.864893e+01	4.801337e+01
4.960000e-06	2.521248e-09	7.249890e-10	1.835969e+01	4.742876e+01
4.970000e-06	2.481427e-09	7.149875e-10	1.806971e+01	4.683890e+01
4.980000e-06	2.441515e-09	7.061734e-10	1.777907e+01	4.624372e+01
4.990000e-06	2.401516e-09	6.980140e-10	1.748780e+01	4.564316e+01
5.000000e-06	2.361422e-09	6.884495e-10	1.719584e+01	4.503712e+01
5.010000e-06	2.321220e-09	6.784210e-10	1.690309e+01	4.442546e+01
5.020000e-06	2.280893e-09	6.679112e-10	1.660943e+01	4.380804e+01
5.030000e-06	2.240419e-09	6.583979e-10	1.631470e+01	4.318466e+01
5.040000e-06	2.199780e-09	6.489859e-10	1.601877e+01	4.255513e+01
5.050000e-06	2.158972e-09	6.397565e-10	1.572160e+01	4.191919e+01
5.060000e-06	2.117995e-09	6.311436e-10	1.542321e+01	4.127657e+01
5.070000e-06	2.076859e-09	6.242738e-10	1.512366e+01	4.062700e+01
5.080000e-06	2.035574e-09	6.153653e-10	1.482302e+01	3.997015e+01
5.090000e-06	1.994149e-09	6.032734e-10	1.452137e+01	3.930568e+01
5.100000e-06	1.952590e-09	5.911827e-10	1.421873e+01	3.863323e+01
5.110000e-06	1.910904e-09	5.810453e-10	1.391518e+01	3.795243e+01
5.120000e-06	1.869099e-09	5.714145e-10	1.361075e+01	3.726289e+01
5.130000e-06	1.827178e-09	5.610108e-10	1.330548e+01	3.656421e+01
5.140000e-06	1.785142e-09	5.501378e-10	1.299938e+01	3.585598e+01
5.150000e-06	1.742994e-09	5.402370e-10	1.269246e+01	3.513778e+01
5.160000e-06	1.700729e-09	5.315768e-10	1.238469e+01	3.440919e+01
5.170000e-06	1.658338e-09	5.212135e-10	1.207599e+01	3.366980e+01
5.180000e-06	1.615811e-09	5.088636e-10	1.176631e+01	3.291921e+01
5.190000e-06	1.573140e-09	4.950683e-10	1.145559e+01	3.215702e+01
5.200000e-06	1.530329e-09	4.823105e-10	1.114383e+01	3.138283e+01
5.210000e-06	1.487388e-09	4.695469e-10	1.083114e+01	3.059629e+01
5.220000e-06	1.444333e-09	4.556835e-10	1.051762e+01	2.979706e+01
5.230000e-06	1.401179e-09	4.430933e-10	1.020337e+01	2.898480e+01
5.240000e-06	1.357928e-09	4.335528e-10	9.888421e+00	2.815923e+01
5.250000e-06	1.314588e-09	4.268392e-10	9.572815e+00	2.732009e+01
5.260000e-06	1.271166e-09	4.186586e-10	9.256620e+00	2.646716e+01
5.270000e-06	1.227670e-09	4.065865e-10	8.939879e+00	2.560025e+01
5.280000e-06	1.184106e-09	3.922718e-10	8.622652e+00	2.471922e+01
5.290000e-06	1.140485e-09	3.778435e-10	8.305001e+00	2.382396e+01
5.300000e-06	1.096810e-09	3.633340e-10	7.986958e+00	2.291442e+01
5.310000e-06	1.053085e-09	3.489292e-10	7.668555e+00	2.199060e+01
5.320000e-06	1.009315e-09	3.356130e-10	7.349821e+00	2.105253e+01
5.330000e-06	9.655020e-10	3.236390e-10	7.030777e+00	2.010032e+01
5.340000e-06	9.216552e-10	3.129865e-10	6.711486e+00	1.913409e+01
5.350000e-06	8.777829e-10	3.014060e-10	6.392007e+00	1.815405e+01
5.360000e-06	8.338899e-10	2.866781e-10	6.072379e+00	1.716045e+01
5.370000e-06	7.899774e-10	2.707635e-10	5.752608e+00	1.615357e+01
5.380000e-06	7.460439e-10	2.552235e-10	5.432685e+00	1.513378e+01
5.390000e-06	7.020862e-10	2.396028e-10	5.112585e+00	1.410147e+01
5.400000e-06	6.581012e-10	2.244036e-10	4.792287e+00	1.305709e+01
5.410000e-06	6.140895e-10	2.098888e-10	4.471794e+00	1.200112e+01
5.420000e-06	5.700520e-10	1.943681e-10	4.151114e+00	1.093412e+01
5.430000e-06	5.259941e-10	1.777772e-10	3.830284e+00	9.856658e+00
5.440000e-06	4.819234e-10	1.622907e-10	3.509361e+00	8.769360e+00
5.450000e-06	4.378382e-10	1.478509e-10	3.188334e+00	7.672884e+00
5.460000e-06	3.937343e-10	1.327900e-10	2.867170e+00	6.567922e+00
5.470000e-06	3.496104e-10	1.155447e-10	2.545860e+00	5.455198e+00
5.480000e-06	3.054637e-10	9.801356e-11	2.224384e+00	4.335463e+00
5.490000e-06	2.612950e-10	8.196502e-11	1.902748e+00	3.209492e+00
5.500000e-06	2.171128e-10	6.544429e-11	1.581015e+00	2.078078e+00
5.510000e-06	1.729288e-10	4.652852e-11	1.259267e+00	9.420349e-01
5.520000e-06	1.287509e-10	2.687900e-11	9.375641e-01	-1.978146e-01
5.530000e-06	8.458285e-11	8.410465e-12	6.159333e-01	-1.340637e+00
5.540000e-06	4.042150e-11	-8.239632e-12	2.943510e-01	-2.485595e+00
5.550000e-06	-3.740497e-12	-2.480034e-11	-2.723598e-02	-3.631848e+00
5.560000e-06	-4.790671e-11	-4.255123e-11	-3.488537e-01	-4.778560e+00
5.570000e-06	-9.207586e-11	-6.101651e-11	-6.704928e-01	-5.924898e+00
5.580000e-06	-1.362449e-10	-7.941227e-11	-9.921314e-01	-7.070042e+00
5.590000e-06	-1.804094e-10	-9.776444e-11	-1.313737e+00	-8.213182e+00
5.600000e-06	-2.245656e-10	-1.169035e-10	-1.635281e+00	-9.353524e+00
5.610000e-06	-2.687102e-10	-1.368023e-10	-1.956741e+00	-1.049029e+01
5.620000e-06	-3.128402e-10	-1.565351e-10	-2.278095e+00	-1.162273e+01
5.630000e-06	-3.569525e-10	-1.753686e-10	-2.599321e+00	-1.275012e+01
5.640000e-06	-4.010463e-10	-1.932922e-10	-2.920412e+00	-1.387175e+01
5.650000e-06	-4.451213e-10	-2.108396e-10	-3.241365e+00	-1.498693e+01
5.660000e-06	-4.891722e-10	-2.284126e-10	-3.562143e+00	-1.609504e+01
5.670000e-06	-5.331985e-10	-2.462361e-10	-3.882742e+00	-1.719545e+01
5.680000e-06	-5.772039e-10	-2.638139e-10	-4.203189e+00	-1.828758e+01
5.690000e-06	-6.211892e-10	-2.810225e-10	-4.523490e+00	-1.937089e+01
5.700000e-06	-6.651541e-10	-2.973678e-10	-4.843642e+00	-2.044485e+01
5.710000e-06	-7.090981e-10	-3.127903e-10	-5.163642e+00	-2.150899e+01
5.720000e-06	-7.530189e-10	-3.284670e-10	-5.483473e+00	-2.256287e+01
5.730000e-06	-7.969160e-10	-3.440039e-10	-5.803132e+00	-2.360608e+01
5.740000e-06	-8.407883e-10	-3.579382e-10	-6.122610e+00	-2.463824e+01
5.750000e-06	-8.846335e-10	-3.711363e-10	-6.441890e+00	-2.565902e+01
5.760000e-06	-9.284509e-10	-3.863687e-10	-6.760968e+00	-2.666810e+01
5.770000e-06	-9.722381e-10	-4.032591e-10	-7.079826e+00	-2.766523e+01
5.780000e-06	-1.015989e-09	-4.196255e-10	-7.398418e+00	-2.865015e+01
5.790000e-06	-1.059695e-09	-4.351888e-10	-7.716688e+00	-2.962267e+01
5.800000e-06	-1.103348e-09	-4.504641e-10	-8.034567e+00	-3.058260e+01
5.810000e-06	-1.146938e-09	-4.652970e-10	-8.351988e+00	-3.152981e+01
5.820000e-06	-1.190458e-09	-4.795383e-10	-8.668904e+00	-3.246415e+01
5.830000e-06	-1.233906e-09	-4.931499e-10	-8.985285e+00	-3.338556e+01
5.840000e-06	-1.277279e-09	-5.067391e-10	-9.301128e+00	-3.429395e+01
5.850000e-06	-1.320574e-09	-5.206946e-10	-9.616400e+00	-3.518928e+01
5.860000e-06	-1.363782e-09	-5.354336e-10	-9.931044e+00	-3.607153e+01
5.870000e-06	-1.406895e-09	-5.507592e-10	-1.024499e+01	-3.694071e+01
5.880000e-06	-1.449897e-09	-5.653901e-10	-1.055813e+01	-3.779682e+01
5.890000e-06	-1.492779e-09	-5.782703e-10	-1.087039e+01	-3.863991e+01
5.900000e-06	-1.535533e-09	-5.898885e-10	-1.118173e+01	-3.947002e+01
5.910000e-06	-1.578159e-09	-6.018349e-10	-1.149213e+01	-4.028724e+01
5.920000e-06	-1.620660e-09	-6.147157e-10	-1.180162e+01	-4.109163e+01
5.930000e-06	-1.663039e-09	-6.276406e-10	-1.211023e+01	-4.188331e+01
5.940000e-06	-1.705300e-09	-6.399368e-10	-1.241797e+01	-4.266238e+01
5.950000e-06	-1.747448e-09	-6.520025e-10	-1.272489e+01	-4.342895e+01
5.960000e-06	-1.789487e-09	-6.634824e-10	-1.303102e+01	-4.418316e+01
5.970000e-06	-1.831420e-09	-6.733374e-10	-1.333637e+01	-4.492516e+01
5.980000e-06	-1.873245e-09	-6.819808e-10	-1.364094e+01	-4.565508e+01
5.990000e-06	-1.914958e-09	-6.915252e-10	-1.394469e+01	-4.637309e+01
6.000000e-06	-1.956550e-09	-7.030183e-10	-1.424756e+01	-4.707935e+01
6.010000e-06	-1.998008e-09	-7.148842e-10	-1.454946e+01	-4.777403e+01
6.020000e-06	-2.039319e-09	-7.254685e-10	-1.485028e+01	-4.845731e+01
6.030000e-06	-2.080468e-09	-7.348245e-10	-1.514993e+01	-4.912937e+01
6.040000e-06	-2.121443e-09	-7.436788e-10	-1.544831e+01	-4.979040e+01
6.050000e-06	-2.162237e-09	-7.530406e-10	-1.574537e+01	-5.044060e+01
6.060000e-06	-2.202856e-09	-7.630972e-10	-1.604115e+01	-5.108015e+01
6.070000e-06	-2.243307e-09	-7.730292e-10	-1.633572e+01	-5.170928e+01
6.080000e-06	-2.283609e-09	-7.830596e-10	-1.662920e+01	-5.232817e+01
6.090000e-06	-2.323783e-09	-7.941315e-10	-1.692175e+01	-5.293704e+01
6.100000e-06	-2.363853e-09	-8.055979e-10	-1.721354e+01	-5.353610e+01
6.110000e-06	-2.403836e-09	-8.154547e-10	-1.750469e+01	-5.412558e+01
6.120000e-06	-2.443740e-09	-8.233715e-10	-1.779527e+01	-5.470568e+01
6.130000e-06	-2.483569e-09	-8.315866e-10	-1.808531e+01	-5.527663e+01
6.140000e-06	-2.523311e-09	-8.413312e-10	-1.837470e+01	-5.583864e+01
6.150000e-06	-2.562946e-09	-8.508244e-10	-1.866332e+01	-5.639195e+01
6.160000e-06	-2.602444e-09	-8.574782e-10	-1.895095e+01	-5.693677e+01
6.170000e-06	-2.641763e-09	-8.621557e-10	-1.923727e+01	-5.747332e+01
6.180000e-06	-2.680862e-09	-8.684182e-10	-1.952199e+01	-5.800183e+01
6.190000e-06	-2.719693e-09	-8.771636e-10	-1.980476e+01	-5.852251e+01
6.200000e-06	-2.758213e-09	-8.864723e-10	-2.008526e+01	-5.903559e+01
6.210000e-06	-2.796391e-09	-8.956892e-10	-2.036327e+01	-5.954127e+01
6.220000e-06	-2.834206e-09	-9.054517e-10	-2.063864e+01	-6.003977e+01
6.230000e-06	-2.871651e-09	-9.145614e-10	-2.091131e+01	-6.053129e+01
6.240000e-06	-2.908743e-09	-9.226047e-10	-2.118141e+01	-6.101603e+01
6.250000e-06	-2.945519e-09	-9.288450e-10	-2.144921e+01	-6.149419e+01
6.260000e-06	-2.982026e-09	-9.350649e-10	-2.171505e+01	-6.196594e+01
6.270000e-06	-3.018315e-09	-9.434847e-10	-2.197931e+01	-6.243148e+01
6.280000e-06	-3.054439e-09	-9.528408e-10	-2.224237e+01	-6.289096e+01
6.290000e-06	-3.090436e-09	-9.619095e-10	-2.250449e+01	-6.334455e+01
6.300000e-06	-3.126324e-09	-9.694833e-10	-2.276583e+01	-6.379238e+01
6.310000e-06	-3.162101e-09	-9.772766e-10	-2.302635e+01	-6.423461e+01
6.320000e-06	-3.197741e-09	-9.851608e-10	-2.328589e+01	-6.467136e+01
6.330000e-06	-3.233205e-09	-9.926236e-10	-2.354413e+01	-6.510272e+01
6.340000e-06	-3.268451e-09	-9.990616e-10	-2.380079e+01	-6.552882e+01
6.350000e-06	-3.303448e-09	-1.004443e-09	-2.405564e+01	-6.594973e+01
6.360000e-06	-3.338180e-09	-1.010140e-09	-2.430856e+01	-6.636552e+01
6.370000e-06	-3.372653e-09	-1.016781e-09	-2.455959e+01	-6.677625e+01
6.380000e-06	-3.406887e-09	-1.023824e-09	-2.480888e+01	-6.718197e+01
6.390000e-06	-3.440898e-09	-1.031061e-09	-2.505655e+01	-6.758270e+01
6.400000e-06	-3.474697e-09	-1.038257e-09	-2.530267e+01	-6.797847e+01
6.410000e-06	-3.508271e-09	-1.045312e-09	-2.554716e+01	-6.836927e+01
6.420000e-06	-3.541591e-09	-1.050981e-09	-2.578979e+01	-6.875510e+01
6.430000e-06	-3.574636e-09	-1.055437e-09	-2.603043e+01	-6.913593e+01
6.440000e-06	-3.607398e-09	-1.060250e-09	-2.626900e+01	-6.951172e+01
6.450000e-06	-3.639891e-09	-1.066193e-09	-2.650561e+01	-6.988244e+01
6.460000e-06	-3.672154e-09	-1.072140e-09	-2.674055e+01	-7.024803e+01
6.470000e-06	-3.704229e-09	-1.077445e-09	-2.697412e+01	-7.060842e+01
6.480000e-06	-3.736144e-09	-1.083421e-09	-2.720652e+01	-7.096353e+01
6.490000e-06	-3.767892e-09	-1.089556e-09	-2.743772e+01	-7.131330e+01
6.500000e-06	-3.799438e-09	-1.095724e-09	-2.766743e+01	-7.165763e+01
6.510000e-06	-3.830723e-09	-1.101533e-09	-2.789524e+01	-7.199644e+01
6.520000e-06	-3.861677e-09	-1.106756e-09	-2.812065e+01	-7.232963e+01
6.530000e-06	-3.892240e-09	-1.111449e-09	-2.834321e+01	-7.265711e+01
6.540000e-06	-3.922363e-09	-1.115706e-09	-2.856257e+01	-7.297879e+01
6.550000e-06	-3.952014e-09	-1.118975e-09	-2.877849e+01	-7.329457e+01
6.560000e-06	-3.981203e-09	-1.122608e-09	-2.899103e+01	-7.360437e+01
6.570000e-06	-4.009977e-09	-1.126495e-09	-2.920057e+01	-7.390811e+01
6.580000e-06	-4.038415e-09	-1.130382e-09	-2.940765e+01	-7.420570e+01
6.590000e-06	-4.066601e-09	-1.134316e-09	-2.961291e+01	-7.449708e+01
6.600000e-06	-4.094604e-09	-1.137176e-09	-2.981682e+01	-7.478218e+01
6.610000e-06	-4.122448e-09	-1.139280e-09	-3.001958e+01	-7.506095e+01
6.620000e-06	-4.150115e-09	-1.142806e-09	-3.022105e+01	-7.533336e+01
6.630000e-06	-4.177551e-09	-1.148008e-09	-3.042084e+01	-7.559936e+01
6.640000e-06	-4.204700e-09	-1.153797e-09	-3.061854e+01	-7.585895e+01
6.650000e-06	-4.231526e-09	-1.158661e-09	-3.081388e+01	-7.611212e+01
6.660000e-06	-4.258028e-09	-1.161934e-09	-3.100687e+01	-7.635887e+01
6.670000e-06	-4.284231e-09	-1.164182e-09	-3.119768e+01	-7.659923e+01
6.680000e-06	-4.310148e-09	-1.166755e-09	-3.138641e+01	-7.683325e+01
6.690000e-06	-4.335772e-09	-1.170790e-09	-3.157300e+01	-7.706096e+01
6.700000e-06	-4.361077e-09	-1.175929e-09	-3.175727e+01	-7.728243e+01
6.710000e-06	-4.386042e-09	-1.180331e-09	-3.193907e+01	-7.749775e+01
6.720000e-06	-4.410678e-09	-1.182368e-09	-3.211846e+01	-7.770700e+01
6.730000e-06	-4.435030e-09	-1.182191e-09	-3.229580e+01	-7.791029e+01
6.740000e-06	-4.459159e-09	-1.181718e-09	-3.247150e+01	-7.810773e+01
6.750000e-06	-4.483107e-09	-1.182370e-09	-3.264589e+01	-7.829945e+01
6.760000e-06	-4.506872e-09	-1.185939e-09	-3.281894e+01	-7.848558e+01
6.770000e-06	-4.530402e-09	-1.193402e-09	-3.299029e+01	-7.866627e+01
6.780000e-06	-4.553615e-09	-1.201932e-09	-3.315933e+01	-7.884166e+01
6.790000e-06	-4.576417e-09	-1.207591e-09	-3.332537e+01	-7.901192e+01
6.800000e-06	-4.598731e-09	-1.208256e-09	-3.348786e+01	-7.917720e+01
6.810000e-06	-4.620511e-09	-1.205983e-09	-3.364646e+01	-7.933766e+01
6.820000e-06	-4.641759e-09	-1.203769e-09	-3.380119e+01	-7.949346e+01
6.830000e-06	-4.662536e-09	-1.202928e-09	-3.395249e+01	-7.964476e+01
6.840000e-06	-4.682939e-09	-1.204550e-09	-3.410106e+01	-7.979172e+01
6.850000e-06	-4.703072e-09	-1.209615e-09	-3.424767e+01	-7.993449e+01
6.860000e-06	-4.723006e-09	-1.216648e-09	-3.439283e+01	-8.007323e+01
6.870000e-06	-4.742745e-09	-1.221851e-09	-3.453657e+01	-8.020805e+01
6.880000e-06	-4.762237e-09	-1.221540e-09	-3.467850e+01	-8.033911e+01
6.890000e-06	-4.781409e-09	-1.217607e-09	-3.481812e+01	-8.046651e+01
6.900000e-06	-4.800218e-09	-1.214191e-09	-3.495509e+01	-8.059036e+01
6.910000e-06	-4.818677e-09	-1.213570e-09	-3.508950e+01	-8.071075e+01
6.920000e-06	-4.836826e-09	-1.214730e-09	-3.522166e+01	-8.082778e+01
6.930000e-06	-4.854688e-09	-1.216523e-09	-3.535173e+01	-8.094150e+01
6.940000e-06	-4.872248e-09	-1.220675e-09	-3.547960e+01	-8.105197e+01
6.950000e-06	-4.889466e-09	-1.224275e-09	-3.560499e+01	-8.115921e+01
6.960000e-06	-4.906319e-09	-1.223943e-09	-3.572771e+01	-8.126326e+01
6.970000e-06	-4.922829e-09	-1.220545e-09	-3.584794e+01	-8.136412e+01
6.980000e-06	-4.939059e-09	-1.218456e-09	-3.596613e+01	-8.146177e+01
6.990000e-06	-4.955068e-09	-1.220781e-09	-3.608270e+01	-8.155619e+01
7.000000e-06	-4.970858e-09	-1.226062e-09	-3.619768e+01	-8.164734e+01
7.010000e-06	-4.986346e-09	-1.230828e-09	-3.631046e+01	-8.173516e+01
7.020000e-06	-5.001394e-09	-1.233590e-09	-3.642004e+01	-8.181959e+01
7.030000e-06	-5.015876e-09	-1.235384e-09	-3.652550e+01	-8.190056e+01
7.040000e-06	-5.029741e-09	-1.234585e-09	-3.662647e+01	-8.197796e+01
7.050000e-06	-5.043021e-09	-1.229199e-09	-3.672317e+01	-8.205172e+01
7.060000e-06	-5.055798e-09	-1.222175e-09	-3.681621e+01	-8.212172e+01
7.070000e-06	-5.068176e-09	-1.219783e-09	-3.690635e+01	-8.218787e+01
7.080000e-06	-5.080224e-09	-1.225079e-09	-3.699408e+01	-8.225004e+01
7.090000e-06	-5.091952e-09	-1.232829e-09	-3.707948e+01	-8.230812e+01
7.100000e-06	-5.103324e-09	-1.235895e-09	-3.716230e+01	-8.236202e+01
7.110000e-06	-5.114303e-09	-1.234266e-09	-3.724225e+01	-8.241162e+01
7.120000e-06	-5.124893e-09	-1.230947e-09	-3.731936e+01	-8.245681e+01
7.130000e-06	-5.135135e-09	-1.227061e-09	-3.739394e+01	-8.249751e+01
7.140000e-06	-5.145057e-09	-1.222943e-09	-3.746619e+01	-8.253363e+01
7.150000e-06	-5.154649e-09	-1.221336e-09	-3.753604e+01	-8.256509e+01
7.160000e-06	-5.163872e-09	-1.224976e-09	-3.760321e+01	-8.259184e+01
7.170000e-06	-5.172702e-09	-1.231002e-09	-3.766750e+01	-8.261383e+01
7.180000e-06	-5.181170e-09	-1.234521e-09	-3.772917e+01	-8.263102e+01
7.190000e-06	-5.189357e-09	-1.233979e-09	-3.778879e+01	-8.264341e+01
7.200000e-06	-5.197329e-09	-1.230177e-09	-3.784684e+01	-8.265101e+01
7.210000e-06	-5.205089e-09	-1.225520e-09	-3.790335e+01	-8.265383e+01
7.220000e-06	-5.212568e-09	-1.222067e-09	-3.795780e+01	-8.265194e+01
7.230000e-06	-5.219656e-09	-1.220391e-09	-3.800942e+01	-8.264539e+01
7.240000e-06	-5.226246e-09	-1.220953e-09	-3.805741e+01	-8.263428e+01
7.250000e-06	-5.232263e-09	-1.223798e-09	-3.810122e+01	-8.261872e+01
7.260000e-06	-5.237681e-09	-1.226802e-09	-3.814068e+01	-8.259884e+01
7.270000e-06	-5.242552e-09	-1.226852e-09	-3.817615e+01	-8.257480e+01
7.280000e-06	-5.246997e-09	-1.223333e-09	-3.820852e+01	-8.254678e+01
7.290000e-06	-5.251140e-09	-1.219455e-09	-3.823869e+01	-8.251496e+01
7.300000e-06	-5.255053e-09	-1.217491e-09	-3.826718e+01	-8.247956e+01
7.310000e-06	-5.258728e-09	-1.216897e-09	-3.829394e+01	-8.244082e+01
7.320000e-06	-5.262097e-09	-1.216754e-09	-3.831848e+01	-8.239896e+01
7.330000e-06	-5.265097e-09	-1.217396e-09	-3.834032e+01	-8.235425e+01
7.340000e-06	-5.267714e-09	-1.218620e-09	-3.835938e+01	-8.230696e+01
7.350000e-06	-5.269989e-09	-1.218064e-09	-3.837595e+01	-8.225735e+01
7.360000e-06	-5.271971e-09	-1.213891e-09	-3.839038e+01	-8.220571e+01
7.370000e-06	-5.273649e-09	-1.208015e-09	-3.840260e+01	-8.215233e+01
7.380000e-06	-5.274910e-09	-1.204416e-09	-3.841178e+01	-8.209747e+01
7.390000e-06	-5.275725e-09	-1.203466e-09	-3.841771e+01	-8.204143e+01
7.400000e-06	-5.276210e-09	-1.202693e-09	-3.842124e+01	-8.198448e+01
