5.129031e+01
5.429633e+01
2.053089e+01
5.750487e+01
5.336112e+01
4.578377e+01
4.212126e+01
6.414222e+01
3.966067e+01
6.557727e+01
5.029280e+01
4.459710e+01
6.745696e+01
6.036868e+01
5.709263e+01
2.548724e+01
2.399963e+00
2.500824e+01
4.350025e+00
4.501160e+01
4.984561e+01
4.334047e+01
1.429444e+01
4.800284e+01
4.686098e+01
6.285925e+00
4.759025e+01
2.193748e+00
2.470910e+01
3.325244e+01
1.416732e+01
2.144673e+01
3.799193e+01
1.920765e+01
3.135384e+01
4.851093e+01
4.068082e+01
3.049177e+00
1.043559e+01
1.138602e+01
1.789211e+01
2.674191e+01
2.492249e+01
5.235500e+01
1.492526e+01
3.294239e+01
3.016055e+01
2.633971e+01
3.360867e+01
2.260966e+01
2.276289e+01
2.483055e+01
7.285374e+00
1.826586e+01
1.837851e+01
1.708485e+01
6.139224e+00
1.925765e+01
1.377704e+01
1.005640e+01
3.081145e+01
1.027848e+01
4.069805e+00
2.024548e+01
4.494088e+00
2.747932e+01
1.446384e+01
4.456055e-01
1.566276e+01
2.031284e+00
6.415992e+00
8.327461e+00
4.792313e+00
2.387401e-01
1.499845e+01
3.287320e+01
6.800584e+00
1.259860e+01
1.061327e+01
7.698088e+00
9.958828e+00
2.033744e+01
9.858617e+00
6.906907e+00
2.255296e+01
8.527748e+00
4.224488e+00
1.366368e+01
3.218072e+01
1.230942e+01
1.112088e+01
2.597378e+01
1.387279e+01
1.364030e+01
6.507847e-01
4.244261e+00
9.560634e-01
1.635534e+01
1.205710e+01
5.356939e+00
1.276695e+01
1.329465e+01
2.163314e+01
1.018585e+01
5.183498e+00
4.822835e+00
1.444772e+01
3.319625e+01
3.276290e+01
4.705675e+01
1.914064e+01
4.420925e+01
8.517608e-02
2.463247e+01
1.107064e+01
8.009153e+00
2.795310e+01
1.265390e+01
2.394702e+01
2.679501e+01
3.904157e+00
2.361995e+01
3.330686e+01
3.486629e+01
3.590871e+01
2.002557e+01
2.695631e+01
1.282058e+01
4.549312e+01
5.583532e+01
5.233914e+01
3.728715e+01
4.728288e+01
5.653198e+01
3.468950e+01
4.266675e+01
3.315854e+01
2.673469e+01
2.612960e+01
5.120979e+01
3.562809e+01
4.328484e+01
5.329271e+01
5.252905e+01
3.770560e+01
1.091618e+01
3.643460e+01
3.512850e+01
4.066470e+01
4.533350e+01
2.619103e+01
3.766457e+01
4.187195e+01
3.414825e+01
4.258581e+01
3.788574e+01
2.805897e+01
4.189159e+01
2.557357e+01
3.493274e+01
4.977217e+01
7.139940e+01
3.447488e+01
6.527848e+01
6.210192e+01
4.405157e+01
5.959424e+01
6.234701e+01
6.478912e+01
6.430766e+01
5.576804e+01
4.896975e+01
5.556410e+01
4.044953e+01
7.087919e+01
5.278873e+01
3.438319e+01
1.995403e+01
3.796126e+01
6.278408e+01
2.951043e+01
5.002148e+01
5.062284e+01
4.715220e+01
4.083939e+01
4.095084e+01
5.785054e+01
3.690019e+01
3.038434e+01
5.385897e+01
7.961096e+01
6.156850e+01
4.467483e+01
6.634348e+01
8.178559e+01
3.960642e+01
4.562898e+01
5.524466e+01
4.849017e+01
6.080527e+01
4.915208e+01
4.707773e+01
5.900363e+01
7.685534e+01
5.679060e+01
6.260338e+01
4.509256e+01
5.327848e+01
7.477872e+01
4.780608e+01
4.616133e+01
5.757170e+01
4.997913e+01
6.517163e+01
8.103149e+01
6.341682e+01
4.507492e+01
8.811929e+01
6.326047e+01
4.938681e+01
6.861189e+01
3.832318e+01
7.663628e+01
6.193468e+01
5.891778e+01
6.530853e+01
7.875468e+01
6.658863e+01
6.041032e+01
7.493921e+01
6.978928e+01
5.778660e+01
8.353945e+01
7.381358e+01
7.576692e+01
8.379902e+01
6.977405e+01
7.051582e+01
8.635356e+01
9.076232e+01
6.655188e+01
6.082246e+01
7.972480e+01
9.642715e+01
6.658991e+01
7.668961e+01
8.385997e+01
7.650144e+01
7.322919e+01
8.459726e+01
6.589150e+01
1.056996e+02
8.990513e+01
8.281401e+01
6.572007e+01
5.332867e+01
8.545024e+01
9.366588e+01
8.257195e+01
8.799953e+01
6.671801e+01
7.462877e+01
1.109748e+02
9.228089e+01
9.687820e+01
9.303864e+01
7.722592e+01
8.624320e+01
7.636471e+01
9.600687e+01
1.085034e+02
1.070754e+02
1.004073e+02
9.288249e+01
9.283601e+01
8.251871e+01
1.081434e+02
9.257989e+01
9.101985e+01
1.061154e+02
1.152991e+02
9.606739e+01
8.342961e+01
1.143229e+02
1.069468e+02
1.215542e+02
1.236397e+02
9.622994e+01
1.100434e+02
1.178853e+02
9.020510e+01
1.294444e+02
1.311662e+02
8.322304e+01
1.103057e+02
9.322451e+01
9.502981e+01
1.020035e+02
1.050443e+02
9.363927e+01
9.768307e+01
6.239091e+01
1.173317e+02
1.202842e+02
1.140956e+02
8.707157e+01
1.219896e+02
8.817004e+01
8.338206e+01
9.760436e+01
9.258974e+01
8.690371e+01
8.752808e+01
9.093725e+01
1.329982e+02
8.763172e+01
9.472936e+01
8.155565e+01
1.142745e+02
1.174545e+02
1.041762e+02
1.014396e+02
9.560611e+01
1.115856e+02
9.798391e+01
1.031181e+02
8.260613e+01
8.730259e+01
9.057884e+01
9.778742e+01
9.576418e+01
1.284427e+02
7.835994e+01
1.158701e+02
9.914622e+01
8.198999e+01
7.263510e+01
1.005768e+02
7.148102e+01
9.929056e+01
1.029460e+02
1.199006e+02
1.233466e+02
7.892646e+01
1.009479e+02
1.036429e+02
9.236414e+01
9.991865e+01
1.178765e+02
9.487671e+01
8.150548e+01
9.190830e+01
8.478030e+01
7.211392e+01
9.940830e+01
9.886414e+01
1.004422e+02
4.869707e+01
9.439146e+01
8.147373e+01
5.922660e+01
1.051754e+02
8.493538e+01
9.794483e+01
9.342162e+01
8.765634e+01
1.046354e+02
7.921940e+01
8.854929e+01
8.479993e+01
5.695042e+01
5.060241e+01
9.876287e+01
8.387493e+01
6.939835e+01
5.701166e+01
5.534727e+01
6.424972e+01
8.716200e+01
5.226963e+01
7.253113e+01
5.831634e+01
7.983781e+01
7.214108e+01
5.842032e+01
4.809356e+01
3.890892e+01
7.912928e+01
5.507793e+01
4.714584e+01
7.331778e+01
5.327684e+01
4.712048e+01
4.240498e+01
5.340010e+01
4.743564e+01
5.374794e+01
5.166911e+01
3.564626e+01
3.554739e+01
1.448823e+01
2.391934e+01
1.688810e+01
4.030161e+01
5.007774e+01
4.360170e+01
5.396585e+01
5.102134e+01
5.747155e+01
5.322829e+01
5.233582e+01
5.872507e+01
3.709783e+01
5.283035e+01
2.881879e+01
5.274197e+01
4.449916e+01
4.289671e+01
6.169322e+01
5.975904e+01
5.575736e+01
5.257779e+01
5.754048e+01
3.674293e+01
7.182002e+01
3.579569e+01
4.066351e+01
2.390890e+01
5.489222e+01
7.997725e+01
5.781629e+01
3.454019e+01
2.450544e+01
5.285938e+01
4.938753e+01
6.646580e+01
5.445341e+01
3.580024e+01
6.074039e+01
4.228480e+01
4.026924e+01
4.705878e+01
4.672772e+01
4.475141e+01
6.280974e+01
5.534282e+01
3.808859e+01
8.907957e+01
5.111078e+01
7.046769e+01
5.558234e+01
4.655226e+01
2.566348e+01
6.087096e+01
5.978624e+01
5.782676e+01
5.091925e+01
6.061107e+01
2.706382e+01
6.895237e+01
5.837205e+01
4.757783e+01
5.304444e+01
3.227050e+01
2.604839e+01
7.185897e+01
4.949040e+01
4.640356e+01
6.384382e+01
4.836475e+01
5.896968e+01
4.172013e+01
5.951018e+01
5.209760e+01
6.118846e+01
1.320037e+01
4.830993e+01
6.386425e+01
4.767368e+01
7.181668e+01
4.567041e+01
6.273596e+01
3.180075e+01
5.554982e+01
4.567612e+01
3.315173e+01
2.653567e+01
5.026248e+01
5.153879e+01
4.626758e+01
4.670525e+01
2.577264e+01
3.454051e+01
2.278066e+01
5.438643e+01
4.469527e+01
6.760400e+01
5.209892e+01
5.904175e+01
5.429597e+01
2.942928e+01
2.816380e+01
3.412605e+01
4.203446e+01
5.710012e+01
4.601036e+01
4.096250e+01
4.039780e+01
6.426903e+01
2.350766e+01
3.268324e+01
4.816163e+01
4.489935e+01
6.137047e+01
4.437206e+01
6.891992e+01
5.896053e+01
4.336324e+01
5.050758e+01
7.098531e+01
3.106906e+01
4.447867e+01
5.506239e+01
4.745805e+01
2.670485e+01
2.897835e+01
3.641710e+01
4.413392e+01
1.439129e+01
2.505170e+01
3.086886e+01
3.600316e+01
7.296265e+01
4.958303e+01
6.145022e+01
4.134509e+01
5.557492e+01
3.785961e+01
4.889950e+01
5.060857e+01
4.620770e+01
6.120585e+01
3.511916e+01
2.739849e+01
5.307431e+01
3.833062e+01
2.790687e+01
3.609381e+01
4.349371e+01
4.553202e+01
3.050375e+01
4.120596e+01
2.948750e+01
3.750461e+01
2.559683e+01
7.202612e+01
4.658331e+01
4.449703e+01
3.060697e+01
3.397653e+01
2.091469e+01
4.028834e+01
5.459969e+01
3.454129e+01
5.479494e+01
5.547507e+01
4.182803e+01
3.537701e+01
7.172110e+01
4.470121e+01
5.190305e+01
3.796709e+01
5.630336e+01
3.159889e+01
4.432905e+01
6.308303e+01
4.389613e+01
5.114183e+01
6.231692e+01
4.880085e+01
3.115601e+01
4.695881e+01
2.668564e+01
3.989099e+00
2.290583e+01
1.642357e+01
3.415208e+01
2.954571e+01
2.852167e+01
1.844586e+01
6.163260e+00
1.062000e+01
5.987105e+01
4.470369e+01
4.648734e+01
1.888009e+01
3.811284e+01
4.065378e+01
2.591049e+01
2.849035e+01
4.597178e+01
4.928028e+01
5.701213e+01
4.088405e+01
3.248992e+01
3.750959e+01
2.283415e+01
4.467854e+01
5.589439e+01
2.580480e+01
5.928654e+01
4.414646e+01
5.877433e+01
7.084074e+01
6.934948e+01
3.793692e+01
2.716665e+01
5.877787e+01
6.366829e+01
4.590898e+01
3.706800e+01
1.716432e+01
3.330365e+01
3.019105e+01
1.834697e+01
4.582996e+01
4.991347e+01
4.684955e+01
4.872567e+01
2.821640e+01
5.381949e+01
5.169039e+01
3.729020e+01
5.077021e+01
4.708533e+01
7.944549e+00
4.783690e+01
4.767177e+01
2.791061e+01
2.282130e+01
4.181142e+01
4.485509e+01
1.440975e+01
3.404318e+01
6.105386e+01
4.164224e+01
4.414596e+01
2.100104e+01
3.586161e+01
4.143592e+01
4.170052e+01
6.403462e+01
5.982305e+01
5.202360e+01
4.797447e+01
4.312044e+01
6.866408e+01
2.188156e+01
4.781607e+01
3.528377e+01
2.375451e+01
3.572795e+01
4.125758e+01
3.524282e+01
3.540459e+01
2.060183e+01
4.728561e+01
6.244686e+01
3.125149e+01
2.029727e+01
4.532962e+01
4.023838e+01
3.756887e+01
1.871143e+01
3.871515e+01
5.629538e+01
4.943259e+01
6.849171e+01
2.595724e+01
4.698570e+01
3.557994e+01
3.154766e+01
4.728685e+01
5.075034e+01
4.078590e+01
4.496500e+01
4.493690e+01
2.157259e+01
2.568094e+01
5.003357e+01
4.308209e+01
3.345295e+01
4.103132e+01
5.957736e+01
2.973378e+01
4.295999e+01
3.561309e+01
5.214528e+01
4.399542e+01
4.450033e+01
2.765200e+01
2.078157e+01
2.811834e+01
1.994181e+01
6.891452e+01
4.222380e+01
3.149817e+01
3.444374e+01
5.307614e+01
2.260802e+01
1.285233e+01
3.735482e+01
4.317080e+01
2.714251e+01
3.615974e+01
3.188949e+01
5.021223e+01
2.442496e+01
3.855049e+01
3.107436e+01
4.700472e+01
4.666801e+01
3.694226e+01
5.534396e+01
4.099316e+01
4.351486e+01
4.577271e+01
3.786422e+01
3.257205e+01
6.183989e+01
2.090560e+01
5.759836e+01
4.893170e+01
4.766029e+01
4.531327e+01
7.024283e+01
2.907467e+01
3.341496e+01
4.558496e+01
4.070857e+01
3.123927e+01
3.542920e+01
2.528244e+01
1.538619e+01
4.160796e+01
3.360054e+01
2.942774e+01
3.404101e+01
5.340842e+01
4.203483e+01
2.123092e+01
3.477512e+01
4.232986e+01
1.253651e+01
1.747358e+01
4.607646e+01
3.945351e+01
3.418641e+01
3.583824e+01
3.854514e+01
5.378990e+01
7.332499e+00
5.384096e+01
2.252870e+01
6.079847e+01
5.300027e+01
2.380233e+01
4.142880e+01
1.849554e+01
5.167517e+01
1.545400e+01
4.411106e+01
3.716621e+01
4.816787e+01
3.046244e+01
1.792874e+01
1.950739e+01
1.286341e+01
4.398203e+01
2.876854e+01
4.567013e+01
5.341860e+01
3.959106e+01
3.438947e+01
3.692932e+01
4.461991e+01
2.891512e+01
1.634660e+01
3.935641e+01
5.209041e+00
3.283583e+01
1.652332e+01
3.026722e+01
1.923696e+01
2.159456e+01
2.586729e+01
3.862138e+01
3.146412e+01
3.107357e+01
4.322641e+01
3.132115e+01
2.367693e+01
3.107710e+01
3.409446e+01
4.090249e+01
4.272651e+01
4.407375e+01
2.689063e+01
4.015233e+01
4.606619e+01
2.220214e+01
3.409317e+01
3.218981e+01
3.299758e+01
4.112423e+01
4.488006e+01
2.957375e+01
4.866360e+01
5.725391e+01
5.632984e+01
5.322470e+01
1.841035e+01
3.973873e+01
2.698443e+01
1.559489e+01
3.285016e+01
2.161297e+01
1.557653e+01
2.758340e+01
4.814933e+01
3.782911e+01
2.764873e+01
4.423460e+01
2.567279e+01
4.756244e+01
2.967300e+01
3.894785e+01
3.113267e+01
5.319643e+01
5.415881e+01
3.930530e+01
2.877188e+01
3.825449e+01
5.037086e+01
1.864005e+01
4.323738e+01
4.285910e+01
3.968884e+01
3.533050e+01
3.486097e+01
3.025059e+01
2.733302e+01
4.029156e+01
2.889993e+01
3.794654e+01
1.446918e+01
3.154314e+01
2.774409e+01
4.500448e+01
2.409021e+01
1.333995e+01
3.325489e+01
2.796410e+01
1.825948e+01
4.046895e+01
1.583254e+01
2.396390e+01
2.628799e+01
3.598582e+01
4.379067e+01
4.478658e+01
4.175664e+00
5.985493e+01
2.091579e+01
3.242609e+01
4.701832e+01
4.562249e+01
4.352534e+01
4.272041e+01
4.776016e+01
5.093806e+01
3.998929e+01
1.702454e+01
2.551529e+01
4.110511e+01
4.574575e+01
3.565705e+01
5.198339e+01
5.140562e+01
3.364017e+01
4.363837e+01
3.263479e+01
5.341036e+01
4.106791e+01
5.224079e+01
5.106967e+01
5.674351e+01
4.334815e+01
5.215733e+01
4.708584e+01
4.425713e+01
4.781442e+01
3.991442e+01
4.728202e+01
5.664948e+01
5.702491e+01
2.232774e+01
3.433044e+01
4.871724e+01
4.034554e+01
4.991232e+01
4.285817e+01
6.040493e+01
3.613668e+01
4.661937e+01
4.325491e+01
4.084500e+01
4.374669e+01
5.886202e+01
4.590639e+01
5.308332e+01
3.997245e+01
4.253531e+01
4.336045e+01
2.768302e+01
4.238153e+01
5.114366e+01
4.263639e+01
4.006228e+01
3.442527e+01
4.294518e+01
3.966109e+01
6.779036e+01
4.416041e+01
3.270509e+01
6.156989e+01
5.103426e+01
2.816013e+01
2.538981e+01
5.213468e+01
4.763317e+01
3.619278e+01
5.104762e+01
4.366613e+01
1.673997e+01
1.969309e+01
2.041581e+01
1.173216e+01
5.337796e+01
4.696903e+01
6.040672e+01
5.177071e+01
4.397031e+01
2.908457e+01
2.951591e+01
4.107738e+01
3.474994e+01
5.715465e+01
4.556328e+01
5.494560e+01
4.437523e+01
4.013206e+01
4.643789e+01
4.253980e+01
3.960030e+01
2.778461e+01
6.495896e+01
5.851315e+01
4.435352e+01
3.085774e+01
5.617069e+01
3.509060e+01
2.284730e+01
3.640967e+01
4.695475e+01
5.081326e+01
4.071440e+01
5.599651e+01
4.407165e+01
4.237044e+01
1.490001e+01
3.756016e+01
5.220240e+01
5.488439e+01
4.697804e+01
2.831013e+01
5.030740e+01
3.137661e+01
1.395027e+01
1.645583e+01
2.044381e+01
3.998574e+01
5.116352e+01
4.752552e+01
3.666571e+01
3.047012e+01
2.948417e+01
3.211532e+01
3.273695e+01
4.290859e+01
3.788812e+01
4.067964e+01
5.223407e+01
3.170305e+01
5.148477e+01
3.513491e+01
4.915721e+01
4.412973e+01
2.360785e+01
3.386933e+01
5.488384e+00
4.170457e+01
5.086539e+01
4.189466e+01
3.944453e+01
1.709981e+01
4.452873e+01
4.510809e+01
4.762381e+01
5.402702e+01
5.672624e+01
4.432355e+01
4.853513e+01
6.076898e+01
3.002502e+01
4.126698e+01
4.237608e+01
2.940919e+01
3.390717e+01
6.597129e+01
6.217728e+01
5.247454e+01
5.324336e+01
4.674977e+01
4.174876e+01
2.795529e+01
2.271441e+01
5.007965e+01
3.371654e+01
3.018504e+01
4.380016e+01
2.828855e+01
1.722136e+01
6.365317e+01
2.541898e+01
2.981637e+01
3.027557e+01
4.364859e+01
3.649551e+01
2.334256e+01
5.670869e+01
3.314804e+01
5.962019e+01
2.750952e+01
3.443544e+01
3.044524e+01
1.715074e+01
2.902993e+00
