# Temperatura_=_-0.3111154598825823
# Concentracion g/m^3_=_1500.0
# C_Vs_to_Am_M_A/Vsm_=_65563218390.804596
# pendiente_HvsI_1/m_=_3716.3
# ordenada_HvsI_A/m_=_1297.0
# frecuencia_Hz_=_135023.934967544
# Promedio de 1022 ciclos

Tiempo_(s)	Campo_(V.s)	Magnetizacion_(V.s)	Campo_(kA/m)	Magnetizacion_(A/m)
0.000000e+00	-5.283060e-09	-1.379359e-09	-3.842406e+01	-8.853666e+01
1.000000e-08	-5.283114e-09	-1.378923e-09	-3.842445e+01	-8.850314e+01
2.000000e-08	-5.282958e-09	-1.381279e-09	-3.842332e+01	-8.847172e+01
3.000000e-08	-5.282564e-09	-1.384345e-09	-3.842045e+01	-8.844271e+01
4.000000e-08	-5.281839e-09	-1.382922e-09	-3.841518e+01	-8.841633e+01
5.000000e-08	-5.280684e-09	-1.376252e-09	-3.840678e+01	-8.839281e+01
6.000000e-08	-5.279008e-09	-1.366593e-09	-3.839459e+01	-8.837230e+01
7.000000e-08	-5.276739e-09	-1.374180e-09	-3.837808e+01	-8.835491e+01
8.000000e-08	-5.273848e-09	-1.401727e-09	-3.835706e+01	-8.834071e+01
9.000000e-08	-5.270375e-09	-1.395910e-09	-3.833180e+01	-8.832972e+01
1.000000e-07	-5.266445e-09	-1.354475e-09	-3.830321e+01	-8.832188e+01
1.100000e-07	-5.262235e-09	-1.378005e-09	-3.827260e+01	-8.831711e+01
1.200000e-07	-5.257854e-09	-1.411030e-09	-3.824073e+01	-8.831527e+01
1.300000e-07	-5.253243e-09	-1.376427e-09	-3.820720e+01	-8.831614e+01
1.400000e-07	-5.248260e-09	-1.312471e-09	-3.817096e+01	-8.831948e+01
1.500000e-07	-5.242864e-09	-1.347003e-09	-3.813171e+01	-8.832498e+01
1.600000e-07	-5.237111e-09	-1.413814e-09	-3.808987e+01	-8.833228e+01
1.700000e-07	-5.231011e-09	-1.369386e-09	-3.804550e+01	-8.834098e+01
1.800000e-07	-5.224520e-09	-1.324815e-09	-3.799829e+01	-8.835061e+01
1.900000e-07	-5.217658e-09	-1.378349e-09	-3.794839e+01	-8.836068e+01
2.000000e-07	-5.210500e-09	-1.429662e-09	-3.789632e+01	-8.837065e+01
2.100000e-07	-5.203062e-09	-1.361293e-09	-3.784222e+01	-8.837996e+01
2.200000e-07	-5.195318e-09	-1.324349e-09	-3.778590e+01	-8.838798e+01
2.300000e-07	-5.187296e-09	-1.385617e-09	-3.772756e+01	-8.839409e+01
2.400000e-07	-5.178979e-09	-1.408198e-09	-3.766707e+01	-8.839763e+01
2.500000e-07	-5.170221e-09	-1.341486e-09	-3.760337e+01	-8.839792e+01
2.600000e-07	-5.160894e-09	-1.343163e-09	-3.753553e+01	-8.839427e+01
2.700000e-07	-5.151019e-09	-1.404202e-09	-3.746371e+01	-8.838599e+01
2.800000e-07	-5.140648e-09	-1.376135e-09	-3.738828e+01	-8.837237e+01
2.900000e-07	-5.129780e-09	-1.313948e-09	-3.730924e+01	-8.835274e+01
3.000000e-07	-5.118421e-09	-1.351345e-09	-3.722662e+01	-8.832639e+01
3.100000e-07	-5.106629e-09	-1.384034e-09	-3.714086e+01	-8.829266e+01
3.200000e-07	-5.094469e-09	-1.334443e-09	-3.705242e+01	-8.825090e+01
3.300000e-07	-5.081963e-09	-1.324885e-09	-3.696146e+01	-8.820049e+01
3.400000e-07	-5.069083e-09	-1.366467e-09	-3.686779e+01	-8.814084e+01
3.500000e-07	-5.055808e-09	-1.347939e-09	-3.677123e+01	-8.807138e+01
3.600000e-07	-5.042159e-09	-1.317599e-09	-3.667196e+01	-8.799160e+01
3.700000e-07	-5.028159e-09	-1.343938e-09	-3.657014e+01	-8.790103e+01
3.800000e-07	-5.013756e-09	-1.341604e-09	-3.646539e+01	-8.779925e+01
3.900000e-07	-4.998855e-09	-1.308174e-09	-3.635702e+01	-8.768587e+01
4.000000e-07	-4.983419e-09	-1.327325e-09	-3.624475e+01	-8.756059e+01
4.100000e-07	-4.967481e-09	-1.349146e-09	-3.612883e+01	-8.742313e+01
4.200000e-07	-4.951092e-09	-1.310959e-09	-3.600963e+01	-8.727331e+01
4.300000e-07	-4.934320e-09	-1.302874e-09	-3.588765e+01	-8.711096e+01
4.400000e-07	-4.917244e-09	-1.330690e-09	-3.576345e+01	-8.693602e+01
4.500000e-07	-4.899898e-09	-1.317878e-09	-3.563729e+01	-8.674846e+01
4.600000e-07	-4.882270e-09	-1.291051e-09	-3.550908e+01	-8.654832e+01
4.700000e-07	-4.864333e-09	-1.304178e-09	-3.537863e+01	-8.633569e+01
4.800000e-07	-4.846040e-09	-1.305547e-09	-3.524558e+01	-8.611074e+01
4.900000e-07	-4.827348e-09	-1.292595e-09	-3.510963e+01	-8.587369e+01
5.000000e-07	-4.808256e-09	-1.291452e-09	-3.497077e+01	-8.562479e+01
5.100000e-07	-4.788802e-09	-1.285611e-09	-3.482929e+01	-8.536436e+01
5.200000e-07	-4.769054e-09	-1.271725e-09	-3.468566e+01	-8.509278e+01
5.300000e-07	-4.749077e-09	-1.281185e-09	-3.454036e+01	-8.481046e+01
5.400000e-07	-4.728893e-09	-1.281471e-09	-3.439356e+01	-8.451784e+01
5.500000e-07	-4.708468e-09	-1.262030e-09	-3.424501e+01	-8.421541e+01
5.600000e-07	-4.687741e-09	-1.260069e-09	-3.409426e+01	-8.390368e+01
5.700000e-07	-4.666681e-09	-1.269403e-09	-3.394109e+01	-8.358320e+01
5.800000e-07	-4.645297e-09	-1.257836e-09	-3.378556e+01	-8.325452e+01
5.900000e-07	-4.623606e-09	-1.244427e-09	-3.362780e+01	-8.291822e+01
6.000000e-07	-4.601618e-09	-1.239674e-09	-3.346788e+01	-8.257489e+01
6.100000e-07	-4.579328e-09	-1.234833e-09	-3.330576e+01	-8.222511e+01
6.200000e-07	-4.556717e-09	-1.234227e-09	-3.314131e+01	-8.186946e+01
6.300000e-07	-4.533764e-09	-1.233647e-09	-3.297437e+01	-8.150852e+01
6.400000e-07	-4.510465e-09	-1.223835e-09	-3.280492e+01	-8.114286e+01
6.500000e-07	-4.486857e-09	-1.219243e-09	-3.263322e+01	-8.077302e+01
6.600000e-07	-4.463000e-09	-1.220570e-09	-3.245970e+01	-8.039953e+01
6.700000e-07	-4.438939e-09	-1.208404e-09	-3.228470e+01	-8.002288e+01
6.800000e-07	-4.414662e-09	-1.193076e-09	-3.210814e+01	-7.964354e+01
6.900000e-07	-4.390114e-09	-1.188033e-09	-3.192959e+01	-7.926194e+01
7.000000e-07	-4.365226e-09	-1.187397e-09	-3.174858e+01	-7.887846e+01
7.100000e-07	-4.339932e-09	-1.181411e-09	-3.156462e+01	-7.849345e+01
7.200000e-07	-4.314182e-09	-1.174859e-09	-3.137734e+01	-7.810723e+01
7.300000e-07	-4.287953e-09	-1.169978e-09	-3.118658e+01	-7.772004e+01
7.400000e-07	-4.261247e-09	-1.169274e-09	-3.099234e+01	-7.733211e+01
7.500000e-07	-4.234104e-09	-1.163406e-09	-3.079493e+01	-7.694357e+01
7.600000e-07	-4.206599e-09	-1.150359e-09	-3.059488e+01	-7.655456e+01
7.700000e-07	-4.178817e-09	-1.137245e-09	-3.039282e+01	-7.616513e+01
7.800000e-07	-4.150831e-09	-1.131858e-09	-3.018928e+01	-7.577529e+01
7.900000e-07	-4.122672e-09	-1.126165e-09	-2.998447e+01	-7.538501e+01
8.000000e-07	-4.094315e-09	-1.119569e-09	-2.977823e+01	-7.499421e+01
8.100000e-07	-4.065707e-09	-1.114357e-09	-2.957017e+01	-7.460276e+01
8.200000e-07	-4.036804e-09	-1.112990e-09	-2.935995e+01	-7.421049e+01
8.300000e-07	-4.007592e-09	-1.110443e-09	-2.914749e+01	-7.381720e+01
8.400000e-07	-3.978082e-09	-1.102941e-09	-2.893286e+01	-7.342264e+01
8.500000e-07	-3.948301e-09	-1.089712e-09	-2.871626e+01	-7.302655e+01
8.600000e-07	-3.918282e-09	-1.078876e-09	-2.849793e+01	-7.262861e+01
8.700000e-07	-3.888042e-09	-1.073226e-09	-2.827799e+01	-7.222849e+01
8.800000e-07	-3.857569e-09	-1.069356e-09	-2.805636e+01	-7.182586e+01
8.900000e-07	-3.826826e-09	-1.064019e-09	-2.783277e+01	-7.142035e+01
9.000000e-07	-3.795792e-09	-1.060362e-09	-2.760705e+01	-7.101159e+01
9.100000e-07	-3.764486e-09	-1.058519e-09	-2.737936e+01	-7.059918e+01
9.200000e-07	-3.732944e-09	-1.053069e-09	-2.714996e+01	-7.018276e+01
9.300000e-07	-3.701194e-09	-1.041395e-09	-2.691903e+01	-6.976193e+01
9.400000e-07	-3.669262e-09	-1.029002e-09	-2.668679e+01	-6.933634e+01
9.500000e-07	-3.637169e-09	-1.022004e-09	-2.645337e+01	-6.890561e+01
9.600000e-07	-3.604901e-09	-1.018194e-09	-2.621869e+01	-6.846939e+01
9.700000e-07	-3.572418e-09	-1.014081e-09	-2.598244e+01	-6.802736e+01
9.800000e-07	-3.539664e-09	-1.007544e-09	-2.574421e+01	-6.757922e+01
9.900000e-07	-3.506594e-09	-9.994511e-10	-2.550369e+01	-6.712468e+01
1.000000e-06	-3.473183e-09	-9.899248e-10	-2.526069e+01	-6.666348e+01
1.010000e-06	-3.439403e-09	-9.807251e-10	-2.501501e+01	-6.619541e+01
1.020000e-06	-3.405228e-09	-9.725200e-10	-2.476646e+01	-6.572028e+01
1.030000e-06	-3.370655e-09	-9.668122e-10	-2.451500e+01	-6.523792e+01
1.040000e-06	-3.335707e-09	-9.614459e-10	-2.426082e+01	-6.474822e+01
1.050000e-06	-3.300429e-09	-9.554583e-10	-2.400424e+01	-6.425108e+01
1.060000e-06	-3.264872e-09	-9.459076e-10	-2.374564e+01	-6.374646e+01
1.070000e-06	-3.229094e-09	-9.346061e-10	-2.348542e+01	-6.323433e+01
1.080000e-06	-3.193151e-09	-9.239805e-10	-2.322400e+01	-6.271471e+01
1.090000e-06	-3.157076e-09	-9.169824e-10	-2.296163e+01	-6.218766e+01
1.100000e-06	-3.120876e-09	-9.124098e-10	-2.269834e+01	-6.165324e+01
1.110000e-06	-3.084533e-09	-9.083275e-10	-2.243402e+01	-6.111157e+01
1.120000e-06	-3.048025e-09	-9.028311e-10	-2.216849e+01	-6.056278e+01
1.130000e-06	-3.011326e-09	-8.961445e-10	-2.190158e+01	-6.000702e+01
1.140000e-06	-2.974414e-09	-8.853510e-10	-2.163312e+01	-5.944446e+01
1.150000e-06	-2.937275e-09	-8.695605e-10	-2.136300e+01	-5.887531e+01
1.160000e-06	-2.899911e-09	-8.526500e-10	-2.109125e+01	-5.829976e+01
1.170000e-06	-2.862339e-09	-8.413149e-10	-2.081799e+01	-5.771802e+01
1.180000e-06	-2.824574e-09	-8.376434e-10	-2.054332e+01	-5.713031e+01
1.190000e-06	-2.786616e-09	-8.370763e-10	-2.026724e+01	-5.653683e+01
1.200000e-06	-2.748461e-09	-8.336752e-10	-1.998974e+01	-5.593781e+01
1.210000e-06	-2.710111e-09	-8.272661e-10	-1.971082e+01	-5.533345e+01
1.220000e-06	-2.671563e-09	-8.185814e-10	-1.943046e+01	-5.472392e+01
1.230000e-06	-2.632813e-09	-8.054603e-10	-1.914863e+01	-5.410940e+01
1.240000e-06	-2.593872e-09	-7.877335e-10	-1.886540e+01	-5.349004e+01
1.250000e-06	-2.554746e-09	-7.705639e-10	-1.858084e+01	-5.286597e+01
1.260000e-06	-2.515443e-09	-7.611260e-10	-1.829498e+01	-5.223728e+01
1.270000e-06	-2.475974e-09	-7.583672e-10	-1.800793e+01	-5.160403e+01
1.280000e-06	-2.436357e-09	-7.563363e-10	-1.771979e+01	-5.096626e+01
1.290000e-06	-2.396607e-09	-7.517565e-10	-1.743068e+01	-5.032396e+01
1.300000e-06	-2.356744e-09	-7.443626e-10	-1.714076e+01	-4.967709e+01
1.310000e-06	-2.316782e-09	-7.327745e-10	-1.685011e+01	-4.902555e+01
1.320000e-06	-2.276724e-09	-7.171933e-10	-1.655877e+01	-4.836921e+01
1.330000e-06	-2.236572e-09	-7.002814e-10	-1.626673e+01	-4.770792e+01
1.340000e-06	-2.196316e-09	-6.866279e-10	-1.597395e+01	-4.704145e+01
1.350000e-06	-2.155941e-09	-6.771414e-10	-1.568030e+01	-4.636954e+01
1.360000e-06	-2.115428e-09	-6.702948e-10	-1.538564e+01	-4.569190e+01
1.370000e-06	-2.074761e-09	-6.627799e-10	-1.508987e+01	-4.500818e+01
1.380000e-06	-2.033928e-09	-6.527225e-10	-1.479289e+01	-4.431802e+01
1.390000e-06	-1.992919e-09	-6.407685e-10	-1.449463e+01	-4.362098e+01
1.400000e-06	-1.951727e-09	-6.277500e-10	-1.419504e+01	-4.291663e+01
1.410000e-06	-1.910336e-09	-6.134203e-10	-1.389400e+01	-4.220447e+01
1.420000e-06	-1.868732e-09	-6.001491e-10	-1.359141e+01	-4.148400e+01
1.430000e-06	-1.826912e-09	-5.898871e-10	-1.328726e+01	-4.075469e+01
1.440000e-06	-1.784874e-09	-5.819161e-10	-1.298152e+01	-4.001598e+01
1.450000e-06	-1.742610e-09	-5.724069e-10	-1.267413e+01	-3.926731e+01
1.460000e-06	-1.700112e-09	-5.597602e-10	-1.236504e+01	-3.850809e+01
1.470000e-06	-1.657388e-09	-5.463593e-10	-1.205431e+01	-3.773774e+01
1.480000e-06	-1.614463e-09	-5.334770e-10	-1.174211e+01	-3.695567e+01
1.490000e-06	-1.571351e-09	-5.198812e-10	-1.142856e+01	-3.616131e+01
1.500000e-06	-1.528069e-09	-5.062868e-10	-1.111376e+01	-3.535409e+01
1.510000e-06	-1.484639e-09	-4.952184e-10	-1.079789e+01	-3.453344e+01
1.520000e-06	-1.441089e-09	-4.870813e-10	-1.048115e+01	-3.369885e+01
1.530000e-06	-1.397440e-09	-4.777935e-10	-1.016369e+01	-3.284979e+01
1.540000e-06	-1.353706e-09	-4.638437e-10	-9.845611e+00	-3.198580e+01
1.550000e-06	-1.309903e-09	-4.465491e-10	-9.527027e+00	-3.110642e+01
1.560000e-06	-1.266040e-09	-4.301602e-10	-9.208008e+00	-3.021127e+01
1.570000e-06	-1.222122e-09	-4.153610e-10	-8.888590e+00	-2.930000e+01
1.580000e-06	-1.178155e-09	-4.007816e-10	-8.568810e+00	-2.837228e+01
1.590000e-06	-1.134139e-09	-3.877404e-10	-8.248680e+00	-2.742788e+01
1.600000e-06	-1.090076e-09	-3.769320e-10	-7.928206e+00	-2.646660e+01
1.610000e-06	-1.045967e-09	-3.663995e-10	-7.607397e+00	-2.548830e+01
1.620000e-06	-1.001811e-09	-3.516283e-10	-7.286241e+00	-2.449291e+01
1.630000e-06	-9.576088e-10	-3.320655e-10	-6.964757e+00	-2.348042e+01
1.640000e-06	-9.133663e-10	-3.125767e-10	-6.642978e+00	-2.245089e+01
1.650000e-06	-8.690846e-10	-2.969185e-10	-6.320912e+00	-2.140445e+01
1.660000e-06	-8.247693e-10	-2.833752e-10	-5.998604e+00	-2.034129e+01
1.670000e-06	-7.804249e-10	-2.697353e-10	-5.676083e+00	-1.926166e+01
1.680000e-06	-7.360485e-10	-2.570242e-10	-5.353329e+00	-1.816591e+01
1.690000e-06	-6.916403e-10	-2.453622e-10	-5.030345e+00	-1.705441e+01
1.700000e-06	-6.471990e-10	-2.318235e-10	-4.707120e+00	-1.592764e+01
1.710000e-06	-6.027224e-10	-2.135860e-10	-4.383638e+00	-1.478612e+01
1.720000e-06	-5.582116e-10	-1.918165e-10	-4.059908e+00	-1.363044e+01
1.730000e-06	-5.136691e-10	-1.719125e-10	-3.735947e+00	-1.246124e+01
1.740000e-06	-4.690939e-10	-1.551830e-10	-3.411748e+00	-1.127922e+01
1.750000e-06	-4.244845e-10	-1.398793e-10	-3.087301e+00	-1.008513e+01
1.760000e-06	-3.798421e-10	-1.257501e-10	-2.762614e+00	-8.879793e+00
1.770000e-06	-3.351679e-10	-1.120208e-10	-2.437695e+00	-7.664039e+00
1.780000e-06	-2.904641e-10	-9.613240e-11	-2.112562e+00	-6.438762e+00
1.790000e-06	-2.457372e-10	-7.667972e-11	-1.787260e+00	-5.204886e+00
1.800000e-06	-2.009967e-10	-5.486831e-11	-1.461860e+00	-3.963366e+00
1.810000e-06	-1.562532e-10	-3.407148e-11	-1.136437e+00	-2.715184e+00
1.820000e-06	-1.115121e-10	-1.483153e-11	-8.110319e-01	-1.461342e+00
1.830000e-06	-6.677613e-11	3.136080e-12	-4.856646e-01	-2.028618e-01
1.840000e-06	-2.204681e-11	1.929111e-11	-1.603454e-01	1.059227e+00
1.850000e-06	2.267907e-11	3.509067e-11	1.649489e-01	2.323888e+00
1.860000e-06	6.740348e-11	5.330881e-11	4.902325e-01	3.590081e+00
1.870000e-06	1.121289e-10	7.532915e-11	8.155233e-01	4.856771e+00
1.880000e-06	1.568541e-10	9.933685e-11	1.140813e+00	6.122932e+00
1.890000e-06	2.015726e-10	1.214633e-10	1.466053e+00	7.387549e+00
1.900000e-06	2.462808e-10	1.396902e-10	1.791219e+00	8.649626e+00
1.910000e-06	2.909737e-10	1.557540e-10	2.116273e+00	9.908186e+00
1.920000e-06	3.356441e-10	1.719551e-10	2.441164e+00	1.116228e+01
1.930000e-06	3.802898e-10	1.881282e-10	2.765875e+00	1.241098e+01
1.940000e-06	4.249052e-10	2.042054e-10	3.090366e+00	1.365341e+01
1.950000e-06	4.694834e-10	2.227840e-10	3.414587e+00	1.488869e+01
1.960000e-06	5.140206e-10	2.450793e-10	3.738509e+00	1.611603e+01
1.970000e-06	5.585185e-10	2.679159e-10	4.062146e+00	1.733464e+01
1.980000e-06	6.029784e-10	2.881848e-10	4.385506e+00	1.854378e+01
1.990000e-06	6.474005e-10	3.065159e-10	4.708592e+00	1.974276e+01
2.000000e-06	6.917889e-10	3.224164e-10	5.031432e+00	2.093093e+01
2.010000e-06	7.361464e-10	3.357526e-10	5.354048e+00	2.210770e+01
2.020000e-06	7.804719e-10	3.485604e-10	5.676431e+00	2.327251e+01
2.030000e-06	8.247642e-10	3.649974e-10	5.998573e+00	2.442484e+01
2.040000e-06	8.690267e-10	3.869513e-10	6.320498e+00	2.556424e+01
2.050000e-06	9.132562e-10	4.097472e-10	6.642184e+00	2.669029e+01
2.060000e-06	9.574493e-10	4.283562e-10	6.963604e+00	2.780263e+01
2.070000e-06	1.001606e-09	4.441469e-10	7.284760e+00	2.890092e+01
2.080000e-06	1.045725e-09	4.604358e-10	7.605640e+00	2.998490e+01
2.090000e-06	1.089805e-09	4.763000e-10	7.926242e+00	3.105432e+01
2.100000e-06	1.133845e-09	4.900894e-10	8.246547e+00	3.210898e+01
2.110000e-06	1.177838e-09	5.036727e-10	8.566512e+00	3.314874e+01
2.120000e-06	1.221781e-09	5.198729e-10	8.886113e+00	3.417346e+01
2.130000e-06	1.265671e-09	5.377931e-10	9.205332e+00	3.518309e+01
2.140000e-06	1.309502e-09	5.542964e-10	9.524118e+00	3.617756e+01
2.150000e-06	1.353266e-09	5.684300e-10	9.842417e+00	3.715686e+01
2.160000e-06	1.396953e-09	5.829133e-10	1.016016e+01	3.812101e+01
2.170000e-06	1.440549e-09	5.984538e-10	1.047723e+01	3.907005e+01
2.180000e-06	1.484033e-09	6.140767e-10	1.079350e+01	4.000405e+01
2.190000e-06	1.527386e-09	6.284519e-10	1.110880e+01	4.092311e+01
2.200000e-06	1.570580e-09	6.401011e-10	1.142295e+01	4.182735e+01
2.210000e-06	1.613594e-09	6.505514e-10	1.173579e+01	4.271690e+01
2.220000e-06	1.656408e-09	6.617630e-10	1.204719e+01	4.359191e+01
2.230000e-06	1.699008e-09	6.742688e-10	1.235701e+01	4.445255e+01
2.240000e-06	1.741378e-09	6.878964e-10	1.266517e+01	4.529902e+01
2.250000e-06	1.783509e-09	7.018874e-10	1.297159e+01	4.613150e+01
2.260000e-06	1.825398e-09	7.157548e-10	1.327625e+01	4.695021e+01
2.270000e-06	1.867051e-09	7.289877e-10	1.357919e+01	4.775536e+01
2.280000e-06	1.908481e-09	7.406370e-10	1.388051e+01	4.854718e+01
2.290000e-06	1.949704e-09	7.510578e-10	1.418033e+01	4.932591e+01
2.300000e-06	1.990732e-09	7.606016e-10	1.447873e+01	5.009177e+01
2.310000e-06	2.031580e-09	7.697912e-10	1.477582e+01	5.084502e+01
2.320000e-06	2.072263e-09	7.792983e-10	1.507170e+01	5.158590e+01
2.330000e-06	2.112795e-09	7.900462e-10	1.536650e+01	5.231466e+01
2.340000e-06	2.153197e-09	8.024383e-10	1.566035e+01	5.303155e+01
2.350000e-06	2.193485e-09	8.141690e-10	1.595336e+01	5.373682e+01
2.360000e-06	2.233669e-09	8.242353e-10	1.624563e+01	5.443072e+01
2.370000e-06	2.273761e-09	8.343201e-10	1.653722e+01	5.511350e+01
2.380000e-06	2.313760e-09	8.450246e-10	1.682814e+01	5.578541e+01
2.390000e-06	2.353659e-09	8.560075e-10	1.711832e+01	5.644670e+01
2.400000e-06	2.393443e-09	8.669190e-10	1.740768e+01	5.709762e+01
2.410000e-06	2.433095e-09	8.782772e-10	1.769607e+01	5.773840e+01
2.420000e-06	2.472594e-09	8.902315e-10	1.798335e+01	5.836929e+01
2.430000e-06	2.511920e-09	9.021410e-10	1.826937e+01	5.899053e+01
2.440000e-06	2.551058e-09	9.129416e-10	1.855402e+01	5.960233e+01
2.450000e-06	2.590002e-09	9.226416e-10	1.883726e+01	6.020495e+01
2.460000e-06	2.628752e-09	9.329379e-10	1.911909e+01	6.079858e+01
2.470000e-06	2.667313e-09	9.439242e-10	1.939955e+01	6.138346e+01
2.480000e-06	2.705692e-09	9.544083e-10	1.967869e+01	6.195980e+01
2.490000e-06	2.743897e-09	9.648433e-10	1.995655e+01	6.252780e+01
2.500000e-06	2.781929e-09	9.756045e-10	2.023316e+01	6.308765e+01
2.510000e-06	2.819786e-09	9.852354e-10	2.050850e+01	6.363956e+01
2.520000e-06	2.857454e-09	9.937414e-10	2.078246e+01	6.418370e+01
2.530000e-06	2.894913e-09	1.003007e-09	2.105491e+01	6.472025e+01
2.540000e-06	2.932148e-09	1.013496e-09	2.132571e+01	6.524938e+01
2.550000e-06	2.969156e-09	1.023902e-09	2.159488e+01	6.577125e+01
2.560000e-06	3.005945e-09	1.033324e-09	2.186244e+01	6.628601e+01
2.570000e-06	3.042531e-09	1.042025e-09	2.212854e+01	6.679379e+01
2.580000e-06	3.078946e-09	1.049142e-09	2.239339e+01	6.729473e+01
2.590000e-06	3.115220e-09	1.054026e-09	2.265721e+01	6.778895e+01
2.600000e-06	3.151376e-09	1.058558e-09	2.292018e+01	6.827655e+01
2.610000e-06	3.187422e-09	1.065022e-09	2.318234e+01	6.875763e+01
2.620000e-06	3.223342e-09	1.073576e-09	2.344359e+01	6.923228e+01
2.630000e-06	3.259101e-09	1.082940e-09	2.370367e+01	6.970058e+01
2.640000e-06	3.294644e-09	1.091580e-09	2.396218e+01	7.016259e+01
2.650000e-06	3.329913e-09	1.099561e-09	2.421869e+01	7.061836e+01
2.660000e-06	3.364841e-09	1.107281e-09	2.447273e+01	7.106793e+01
2.670000e-06	3.399374e-09	1.113772e-09	2.472388e+01	7.151134e+01
2.680000e-06	3.433481e-09	1.120142e-09	2.497194e+01	7.194862e+01
2.690000e-06	3.467165e-09	1.127638e-09	2.521693e+01	7.237976e+01
2.700000e-06	3.500453e-09	1.136329e-09	2.545904e+01	7.280478e+01
2.710000e-06	3.533391e-09	1.144155e-09	2.569859e+01	7.322367e+01
2.720000e-06	3.566040e-09	1.149899e-09	2.593605e+01	7.363641e+01
2.730000e-06	3.598464e-09	1.155146e-09	2.617187e+01	7.404299e+01
2.740000e-06	3.630712e-09	1.161317e-09	2.640642e+01	7.444337e+01
2.750000e-06	3.662813e-09	1.167895e-09	2.663989e+01	7.483753e+01
2.760000e-06	3.694763e-09	1.174254e-09	2.687227e+01	7.522543e+01
2.770000e-06	3.726532e-09	1.180600e-09	2.710332e+01	7.560703e+01
2.780000e-06	3.758069e-09	1.187801e-09	2.733270e+01	7.598229e+01
2.790000e-06	3.789330e-09	1.194419e-09	2.756006e+01	7.635116e+01
2.800000e-06	3.820288e-09	1.197445e-09	2.778521e+01	7.671361e+01
2.810000e-06	3.850944e-09	1.198462e-09	2.800818e+01	7.706959e+01
2.820000e-06	3.881327e-09	1.202465e-09	2.822915e+01	7.741908e+01
2.830000e-06	3.911468e-09	1.210252e-09	2.844837e+01	7.776203e+01
2.840000e-06	3.941389e-09	1.217731e-09	2.866599e+01	7.809843e+01
2.850000e-06	3.971085e-09	1.222605e-09	2.888197e+01	7.842825e+01
2.860000e-06	4.000525e-09	1.226261e-09	2.909609e+01	7.875148e+01
2.870000e-06	4.029678e-09	1.230608e-09	2.930813e+01	7.906813e+01
2.880000e-06	4.058540e-09	1.234629e-09	2.951804e+01	7.937818e+01
2.890000e-06	4.087134e-09	1.237388e-09	2.972601e+01	7.968167e+01
2.900000e-06	4.115506e-09	1.239993e-09	2.993236e+01	7.997863e+01
2.910000e-06	4.143699e-09	1.245624e-09	3.013741e+01	8.026908e+01
2.920000e-06	4.171738e-09	1.254805e-09	3.034134e+01	8.055309e+01
2.930000e-06	4.199600e-09	1.263273e-09	3.054398e+01	8.083072e+01
2.940000e-06	4.227221e-09	1.267811e-09	3.074487e+01	8.110204e+01
2.950000e-06	4.254498e-09	1.270080e-09	3.094326e+01	8.136715e+01
2.960000e-06	4.281323e-09	1.272562e-09	3.113836e+01	8.162615e+01
2.970000e-06	4.307620e-09	1.274524e-09	3.132962e+01	8.187915e+01
2.980000e-06	4.333370e-09	1.275723e-09	3.151690e+01	8.212627e+01
2.990000e-06	4.358617e-09	1.279029e-09	3.170052e+01	8.236766e+01
3.000000e-06	4.383444e-09	1.286571e-09	3.188109e+01	8.260345e+01
3.010000e-06	4.407946e-09	1.296057e-09	3.205929e+01	8.283379e+01
3.020000e-06	4.432196e-09	1.302128e-09	3.223566e+01	8.305885e+01
3.030000e-06	4.456228e-09	1.303416e-09	3.241045e+01	8.327879e+01
3.040000e-06	4.480029e-09	1.303106e-09	3.258356e+01	8.349379e+01
3.050000e-06	4.503552e-09	1.303433e-09	3.275464e+01	8.370401e+01
3.060000e-06	4.526741e-09	1.304025e-09	3.292330e+01	8.390962e+01
3.070000e-06	4.549584e-09	1.304395e-09	3.308944e+01	8.411081e+01
3.080000e-06	4.572106e-09	1.306521e-09	3.325324e+01	8.430773e+01
3.090000e-06	4.594342e-09	1.311397e-09	3.341496e+01	8.450056e+01
3.100000e-06	4.616304e-09	1.317284e-09	3.357469e+01	8.468946e+01
3.110000e-06	4.637971e-09	1.320508e-09	3.373228e+01	8.487457e+01
3.120000e-06	4.659311e-09	1.320634e-09	3.388749e+01	8.505604e+01
3.130000e-06	4.680308e-09	1.320980e-09	3.404020e+01	8.523400e+01
3.140000e-06	4.700982e-09	1.323807e-09	3.419056e+01	8.540856e+01
3.150000e-06	4.721390e-09	1.327672e-09	3.433900e+01	8.557984e+01
3.160000e-06	4.741592e-09	1.331000e-09	3.448593e+01	8.574791e+01
3.170000e-06	4.761611e-09	1.333825e-09	3.463152e+01	8.591285e+01
3.180000e-06	4.781413e-09	1.336626e-09	3.477554e+01	8.607471e+01
3.190000e-06	4.800920e-09	1.339362e-09	3.491742e+01	8.623353e+01
3.200000e-06	4.820045e-09	1.340621e-09	3.505652e+01	8.638931e+01
3.210000e-06	4.838735e-09	1.340590e-09	3.519245e+01	8.654206e+01
3.220000e-06	4.856987e-09	1.340963e-09	3.532520e+01	8.669175e+01
3.230000e-06	4.874841e-09	1.342771e-09	3.545505e+01	8.683833e+01
3.240000e-06	4.892364e-09	1.345647e-09	3.558250e+01	8.698173e+01
3.250000e-06	4.909606e-09	1.349006e-09	3.570790e+01	8.712189e+01
3.260000e-06	4.926576e-09	1.351559e-09	3.583133e+01	8.725869e+01
3.270000e-06	4.943242e-09	1.352918e-09	3.595254e+01	8.739202e+01
3.280000e-06	4.959536e-09	1.352798e-09	3.607104e+01	8.752174e+01
3.290000e-06	4.975390e-09	1.351535e-09	3.618635e+01	8.764771e+01
3.300000e-06	4.990767e-09	1.350562e-09	3.629819e+01	8.776977e+01
3.310000e-06	5.005683e-09	1.351687e-09	3.640667e+01	8.788775e+01
3.320000e-06	5.020193e-09	1.355619e-09	3.651221e+01	8.800148e+01
3.330000e-06	5.034355e-09	1.361576e-09	3.661521e+01	8.811077e+01
3.340000e-06	5.048182e-09	1.367228e-09	3.671577e+01	8.821543e+01
3.350000e-06	5.061652e-09	1.370178e-09	3.681374e+01	8.831530e+01
3.360000e-06	5.074741e-09	1.369625e-09	3.690894e+01	8.841018e+01
3.370000e-06	5.087458e-09	1.365758e-09	3.700143e+01	8.849989e+01
3.380000e-06	5.099840e-09	1.361082e-09	3.709149e+01	8.858428e+01
3.390000e-06	5.111911e-09	1.358697e-09	3.717928e+01	8.866318e+01
3.400000e-06	5.123644e-09	1.359861e-09	3.726461e+01	8.873645e+01
3.410000e-06	5.134951e-09	1.363844e-09	3.734685e+01	8.880396e+01
3.420000e-06	5.145721e-09	1.370283e-09	3.742518e+01	8.886561e+01
3.430000e-06	5.155878e-09	1.377451e-09	3.749905e+01	8.892132e+01
3.440000e-06	5.165415e-09	1.381045e-09	3.756842e+01	8.897101e+01
3.450000e-06	5.174412e-09	1.378446e-09	3.763385e+01	8.901467e+01
3.460000e-06	5.182994e-09	1.372178e-09	3.769627e+01	8.905227e+01
3.470000e-06	5.191280e-09	1.366574e-09	3.775653e+01	8.908385e+01
3.480000e-06	5.199330e-09	1.364486e-09	3.781508e+01	8.910945e+01
3.490000e-06	5.207126e-09	1.366469e-09	3.787178e+01	8.912916e+01
3.500000e-06	5.214610e-09	1.371696e-09	3.792622e+01	8.914311e+01
3.510000e-06	5.221733e-09	1.377559e-09	3.797802e+01	8.915143e+01
3.520000e-06	5.228477e-09	1.381018e-09	3.802707e+01	8.915432e+01
3.530000e-06	5.234866e-09	1.380826e-09	3.807353e+01	8.915199e+01
3.540000e-06	5.240918e-09	1.377001e-09	3.811755e+01	8.914468e+01
3.550000e-06	5.246617e-09	1.371026e-09	3.815900e+01	8.913268e+01
3.560000e-06	5.251929e-09	1.367105e-09	3.819764e+01	8.911630e+01
3.570000e-06	5.256855e-09	1.368051e-09	3.823346e+01	8.909586e+01
3.580000e-06	5.261442e-09	1.372057e-09	3.826683e+01	8.907172e+01
3.590000e-06	5.265761e-09	1.376520e-09	3.829824e+01	8.904428e+01
3.600000e-06	5.269858e-09	1.379742e-09	3.832804e+01	8.901391e+01
3.610000e-06	5.273720e-09	1.380480e-09	3.835612e+01	8.898106e+01
3.620000e-06	5.277263e-09	1.378488e-09	3.838189e+01	8.894613e+01
3.630000e-06	5.280371e-09	1.373421e-09	3.840450e+01	8.890957e+01
3.640000e-06	5.282942e-09	1.366539e-09	3.842320e+01	8.887183e+01
3.650000e-06	5.284919e-09	1.363388e-09	3.843758e+01	8.883334e+01
3.660000e-06	5.286313e-09	1.365876e-09	3.844772e+01	8.879454e+01
3.670000e-06	5.287207e-09	1.369464e-09	3.845421e+01	8.875588e+01
3.680000e-06	5.287721e-09	1.370366e-09	3.845795e+01	8.871776e+01
3.690000e-06	5.287962e-09	1.369247e-09	3.845971e+01	8.868059e+01
3.700000e-06	5.287971e-09	1.367820e-09	3.845978e+01	8.864475e+01
3.710000e-06	5.287713e-09	1.366089e-09	3.845790e+01	8.861060e+01
3.720000e-06	5.287119e-09	1.363152e-09	3.845358e+01	8.857847e+01
3.730000e-06	5.286145e-09	1.360434e-09	3.844650e+01	8.854866e+01
3.740000e-06	5.284800e-09	1.360625e-09	3.843671e+01	8.852142e+01
3.750000e-06	5.283125e-09	1.366711e-09	3.842453e+01	8.849697e+01
3.760000e-06	5.281150e-09	1.373648e-09	3.841017e+01	8.847548e+01
3.770000e-06	5.278866e-09	1.347351e-09	3.839356e+01	8.845709e+01
3.780000e-06	5.276214e-09	1.308839e-09	3.837427e+01	8.844186e+01
3.790000e-06	5.273113e-09	1.342124e-09	3.835171e+01	8.842985e+01
3.800000e-06	5.269547e-09	1.368740e-09	3.832578e+01	8.842101e+01
3.810000e-06	5.265644e-09	1.333019e-09	3.829739e+01	8.841527e+01
3.820000e-06	5.261580e-09	1.327265e-09	3.826783e+01	8.841251e+01
3.830000e-06	5.257353e-09	1.374182e-09	3.823708e+01	8.841253e+01
3.840000e-06	5.252708e-09	1.404281e-09	3.820331e+01	8.841511e+01
3.850000e-06	5.247460e-09	1.324453e-09	3.816514e+01	8.841994e+01
3.860000e-06	5.241734e-09	1.284963e-09	3.812349e+01	8.842669e+01
3.870000e-06	5.235681e-09	1.360297e-09	3.807946e+01	8.843497e+01
3.880000e-06	5.229203e-09	1.377683e-09	3.803235e+01	8.844433e+01
3.890000e-06	5.222170e-09	1.285664e-09	3.798120e+01	8.845428e+01
3.900000e-06	5.214667e-09	1.275878e-09	3.792663e+01	8.846432e+01
3.910000e-06	5.206839e-09	1.398071e-09	3.786970e+01	8.847386e+01
3.920000e-06	5.198701e-09	1.389701e-09	3.781051e+01	8.848231e+01
3.930000e-06	5.190225e-09	1.263774e-09	3.774886e+01	8.848905e+01
3.940000e-06	5.181458e-09	1.275972e-09	3.768510e+01	8.849342e+01
3.950000e-06	5.172399e-09	1.397122e-09	3.761921e+01	8.849475e+01
3.960000e-06	5.162961e-09	1.360846e-09	3.755057e+01	8.849237e+01
3.970000e-06	5.153118e-09	1.268264e-09	3.747898e+01	8.848556e+01
3.980000e-06	5.142924e-09	1.351403e-09	3.740484e+01	8.847364e+01
3.990000e-06	5.132385e-09	1.448219e-09	3.732819e+01	8.845591e+01
4.000000e-06	5.121454e-09	1.361939e-09	3.724869e+01	8.843168e+01
4.010000e-06	5.110137e-09	1.303663e-09	3.716638e+01	8.840028e+01
4.020000e-06	5.098451e-09	1.397598e-09	3.708138e+01	8.836104e+01
4.030000e-06	5.086374e-09	1.411498e-09	3.699355e+01	8.831335e+01
4.040000e-06	5.073904e-09	1.312916e-09	3.690285e+01	8.825659e+01
4.050000e-06	5.061013e-09	1.332326e-09	3.680910e+01	8.819019e+01
4.060000e-06	5.047566e-09	1.406620e-09	3.671130e+01	8.811363e+01
4.070000e-06	5.033463e-09	1.358158e-09	3.660873e+01	8.802642e+01
4.080000e-06	5.018790e-09	1.318788e-09	3.650201e+01	8.792812e+01
4.090000e-06	5.003682e-09	1.366556e-09	3.639212e+01	8.781834e+01
4.100000e-06	4.988214e-09	1.352948e-09	3.627963e+01	8.769675e+01
4.110000e-06	4.972453e-09	1.303037e-09	3.616499e+01	8.756306e+01
4.120000e-06	4.956439e-09	1.339275e-09	3.604852e+01	8.741706e+01
4.130000e-06	4.940137e-09	1.354514e-09	3.592996e+01	8.725857e+01
4.140000e-06	4.923484e-09	1.304510e-09	3.580884e+01	8.708751e+01
4.150000e-06	4.906473e-09	1.312754e-09	3.568511e+01	8.690383e+01
4.160000e-06	4.889126e-09	1.349962e-09	3.555896e+01	8.670755e+01
4.170000e-06	4.871469e-09	1.313937e-09	3.543053e+01	8.649875e+01
4.180000e-06	4.853509e-09	1.290478e-09	3.529991e+01	8.627757e+01
4.190000e-06	4.835222e-09	1.311784e-09	3.516691e+01	8.604421e+01
4.200000e-06	4.816574e-09	1.307341e-09	3.503128e+01	8.579892e+01
4.210000e-06	4.797570e-09	1.293905e-09	3.489306e+01	8.554200e+01
4.220000e-06	4.778256e-09	1.303440e-09	3.475258e+01	8.527381e+01
4.230000e-06	4.758690e-09	1.290657e-09	3.461029e+01	8.499474e+01
4.240000e-06	4.738923e-09	1.279707e-09	3.446651e+01	8.470524e+01
4.250000e-06	4.718965e-09	1.290002e-09	3.432136e+01	8.440576e+01
4.260000e-06	4.698773e-09	1.277745e-09	3.417450e+01	8.409683e+01
4.270000e-06	4.678256e-09	1.258676e-09	3.402528e+01	8.377898e+01
4.280000e-06	4.657304e-09	1.270501e-09	3.387289e+01	8.345275e+01
4.290000e-06	4.635826e-09	1.271182e-09	3.371669e+01	8.311873e+01
4.300000e-06	4.613781e-09	1.255578e-09	3.355635e+01	8.277749e+01
4.310000e-06	4.591189e-09	1.253937e-09	3.339204e+01	8.242961e+01
4.320000e-06	4.568128e-09	1.248854e-09	3.322431e+01	8.207569e+01
4.330000e-06	4.544705e-09	1.238059e-09	3.305395e+01	8.171631e+01
4.340000e-06	4.521017e-09	1.237354e-09	3.288168e+01	8.135202e+01
4.350000e-06	4.497123e-09	1.227492e-09	3.270789e+01	8.098340e+01
4.360000e-06	4.473016e-09	1.214057e-09	3.253256e+01	8.061095e+01
4.370000e-06	4.448657e-09	1.219031e-09	3.235539e+01	8.023520e+01
4.380000e-06	4.423999e-09	1.218880e-09	3.217606e+01	7.985662e+01
4.390000e-06	4.399014e-09	1.204579e-09	3.199434e+01	7.947565e+01
4.400000e-06	4.373700e-09	1.197072e-09	3.181023e+01	7.909268e+01
4.410000e-06	4.348085e-09	1.194820e-09	3.162393e+01	7.870809e+01
4.420000e-06	4.322196e-09	1.187764e-09	3.143564e+01	7.832218e+01
4.430000e-06	4.296035e-09	1.182171e-09	3.124536e+01	7.793524e+01
4.440000e-06	4.269574e-09	1.175356e-09	3.105291e+01	7.754749e+01
4.450000e-06	4.242787e-09	1.172175e-09	3.085809e+01	7.715910e+01
4.460000e-06	4.215681e-09	1.173178e-09	3.066094e+01	7.677019e+01
4.470000e-06	4.188295e-09	1.168297e-09	3.046177e+01	7.638086e+01
4.480000e-06	4.160687e-09	1.156950e-09	3.026097e+01	7.599112e+01
4.490000e-06	4.132897e-09	1.150222e-09	3.005885e+01	7.560095e+01
4.500000e-06	4.104938e-09	1.142219e-09	2.985550e+01	7.521029e+01
4.510000e-06	4.076782e-09	1.133395e-09	2.965072e+01	7.481903e+01
4.520000e-06	4.048359e-09	1.127924e-09	2.944400e+01	7.442700e+01
4.530000e-06	4.019580e-09	1.125168e-09	2.923469e+01	7.403402e+01
4.540000e-06	3.990378e-09	1.123962e-09	2.902230e+01	7.363985e+01
4.550000e-06	3.960710e-09	1.125401e-09	2.880652e+01	7.324423e+01
4.560000e-06	3.930570e-09	1.122826e-09	2.858732e+01	7.284687e+01
4.570000e-06	3.899987e-09	1.115250e-09	2.836489e+01	7.244743e+01
4.580000e-06	3.869017e-09	1.105199e-09	2.813964e+01	7.204559e+01
4.590000e-06	3.837731e-09	1.094686e-09	2.791209e+01	7.164098e+01
4.600000e-06	3.806198e-09	1.083296e-09	2.768275e+01	7.123322e+01
4.610000e-06	3.774471e-09	1.073542e-09	2.745200e+01	7.082195e+01
4.620000e-06	3.742574e-09	1.069499e-09	2.722001e+01	7.040678e+01
4.630000e-06	3.710501e-09	1.070266e-09	2.698674e+01	6.998733e+01
4.640000e-06	3.678221e-09	1.069851e-09	2.675196e+01	6.956322e+01
4.650000e-06	3.645704e-09	1.064333e-09	2.651546e+01	6.913408e+01
4.660000e-06	3.612930e-09	1.056100e-09	2.627710e+01	6.869956e+01
4.670000e-06	3.579899e-09	1.046274e-09	2.603686e+01	6.825934e+01
4.680000e-06	3.546620e-09	1.033559e-09	2.579482e+01	6.781309e+01
4.690000e-06	3.513114e-09	1.020371e-09	2.555113e+01	6.736052e+01
4.700000e-06	3.479395e-09	1.013048e-09	2.530589e+01	6.690137e+01
4.710000e-06	3.445466e-09	1.010297e-09	2.505912e+01	6.643542e+01
4.720000e-06	3.411318e-09	1.009014e-09	2.481076e+01	6.596246e+01
4.730000e-06	3.376935e-09	1.005994e-09	2.456069e+01	6.548231e+01
4.740000e-06	3.342295e-09	1.000593e-09	2.430875e+01	6.499486e+01
4.750000e-06	3.307386e-09	9.928778e-10	2.405485e+01	6.450000e+01
4.760000e-06	3.272220e-09	9.818751e-10	2.379909e+01	6.399766e+01
4.770000e-06	3.236836e-09	9.670256e-10	2.354174e+01	6.348782e+01
4.780000e-06	3.201275e-09	9.528677e-10	2.328310e+01	6.297048e+01
4.790000e-06	3.165578e-09	9.441355e-10	2.302348e+01	6.244569e+01
4.800000e-06	3.129767e-09	9.425866e-10	2.276302e+01	6.191350e+01
4.810000e-06	3.093845e-09	9.428789e-10	2.250176e+01	6.137403e+01
4.820000e-06	3.057796e-09	9.399396e-10	2.223957e+01	6.082739e+01
4.830000e-06	3.021585e-09	9.313010e-10	2.197620e+01	6.027373e+01
4.840000e-06	2.985162e-09	9.188787e-10	2.171130e+01	5.971322e+01
4.850000e-06	2.948481e-09	9.042125e-10	2.144452e+01	5.914606e+01
4.860000e-06	2.911506e-09	8.888968e-10	2.117559e+01	5.857243e+01
4.870000e-06	2.874197e-09	8.750300e-10	2.090425e+01	5.799254e+01
4.880000e-06	2.836519e-09	8.672260e-10	2.063021e+01	5.740662e+01
4.890000e-06	2.798459e-09	8.663376e-10	2.035340e+01	5.681487e+01
4.900000e-06	2.760029e-09	8.659064e-10	2.007390e+01	5.621751e+01
4.910000e-06	2.721264e-09	8.596186e-10	1.979196e+01	5.561474e+01
4.920000e-06	2.682213e-09	8.481897e-10	1.950794e+01	5.500675e+01
4.930000e-06	2.642927e-09	8.348404e-10	1.922221e+01	5.439372e+01
4.940000e-06	2.603459e-09	8.203323e-10	1.893516e+01	5.377581e+01
4.950000e-06	2.563850e-09	8.049699e-10	1.864708e+01	5.315315e+01
4.960000e-06	2.524130e-09	7.913328e-10	1.835819e+01	5.252584e+01
4.970000e-06	2.484313e-09	7.827515e-10	1.806860e+01	5.189396e+01
4.980000e-06	2.444405e-09	7.790058e-10	1.777834e+01	5.125755e+01
4.990000e-06	2.404402e-09	7.751907e-10	1.748740e+01	5.061662e+01
5.000000e-06	2.364296e-09	7.669383e-10	1.719570e+01	4.997113e+01
5.010000e-06	2.324070e-09	7.552224e-10	1.690314e+01	4.932100e+01
5.020000e-06	2.283703e-09	7.413643e-10	1.660955e+01	4.866613e+01
5.030000e-06	2.243182e-09	7.272568e-10	1.631483e+01	4.800636e+01
5.040000e-06	2.202493e-09	7.128587e-10	1.601890e+01	4.734147e+01
5.050000e-06	2.161630e-09	7.004545e-10	1.572170e+01	4.667124e+01
5.060000e-06	2.120596e-09	6.926797e-10	1.542325e+01	4.599537e+01
5.070000e-06	2.079402e-09	6.878984e-10	1.512365e+01	4.531353e+01
5.080000e-06	2.038061e-09	6.806866e-10	1.482297e+01	4.462536e+01
5.090000e-06	1.996584e-09	6.695431e-10	1.452131e+01	4.393046e+01
5.100000e-06	1.954979e-09	6.576904e-10	1.421871e+01	4.322838e+01
5.110000e-06	1.913253e-09	6.453961e-10	1.391524e+01	4.251864e+01
5.120000e-06	1.871409e-09	6.309547e-10	1.361090e+01	4.180076e+01
5.130000e-06	1.829449e-09	6.161385e-10	1.330572e+01	4.107420e+01
5.140000e-06	1.787375e-09	6.042180e-10	1.299972e+01	4.033842e+01
5.150000e-06	1.745182e-09	5.961986e-10	1.269285e+01	3.959284e+01
5.160000e-06	1.702862e-09	5.886951e-10	1.238505e+01	3.883690e+01
5.170000e-06	1.660410e-09	5.790271e-10	1.207629e+01	3.807001e+01
5.180000e-06	1.617821e-09	5.671109e-10	1.176654e+01	3.729159e+01
5.190000e-06	1.575091e-09	5.529388e-10	1.145576e+01	3.650105e+01
5.200000e-06	1.532220e-09	5.387052e-10	1.114396e+01	3.569782e+01
5.210000e-06	1.489217e-09	5.234308e-10	1.083120e+01	3.488134e+01
5.220000e-06	1.446104e-09	5.076782e-10	1.051763e+01	3.405106e+01
5.230000e-06	1.402892e-09	4.944535e-10	1.020335e+01	3.320648e+01
5.240000e-06	1.359590e-09	4.832754e-10	9.888413e+00	3.234710e+01
5.250000e-06	1.316208e-09	4.713656e-10	9.572888e+00	3.147248e+01
5.260000e-06	1.272753e-09	4.576207e-10	9.256839e+00	3.058220e+01
5.270000e-06	1.229232e-09	4.433382e-10	8.940307e+00	2.967589e+01
5.280000e-06	1.185652e-09	4.298425e-10	8.623344e+00	2.875324e+01
5.290000e-06	1.142021e-09	4.162121e-10	8.306012e+00	2.781397e+01
5.300000e-06	1.098343e-09	4.029966e-10	7.988340e+00	2.685787e+01
5.310000e-06	1.054618e-09	3.903389e-10	7.670328e+00	2.588479e+01
5.320000e-06	1.010849e-09	3.763367e-10	7.351988e+00	2.489463e+01
5.330000e-06	9.670391e-10	3.591698e-10	7.033355e+00	2.388737e+01
5.340000e-06	9.231967e-10	3.393377e-10	6.714485e+00	2.286305e+01
5.350000e-06	8.793288e-10	3.195847e-10	6.395430e+00	2.182176e+01
5.360000e-06	8.354390e-10	3.014004e-10	6.076215e+00	2.076368e+01
5.370000e-06	7.915274e-10	2.863699e-10	5.756842e+00	1.968906e+01
5.380000e-06	7.475911e-10	2.738871e-10	5.437289e+00	1.859819e+01
5.390000e-06	7.036257e-10	2.619653e-10	5.117525e+00	1.749146e+01
5.400000e-06	6.596299e-10	2.481485e-10	4.797540e+00	1.636930e+01
5.410000e-06	6.156044e-10	2.308311e-10	4.477338e+00	1.523222e+01
5.420000e-06	5.715546e-10	2.095491e-10	4.156960e+00	1.408079e+01
5.430000e-06	5.274858e-10	1.874945e-10	3.836444e+00	1.291563e+01
5.440000e-06	4.833993e-10	1.663185e-10	3.515799e+00	1.173744e+01
5.450000e-06	4.392941e-10	1.464931e-10	3.195018e+00	1.054694e+01
5.460000e-06	3.951667e-10	1.294199e-10	2.874076e+00	9.344935e+00
5.470000e-06	3.510133e-10	1.161581e-10	2.552945e+00	8.132249e+00
5.480000e-06	3.068341e-10	1.045679e-10	2.231626e+00	6.909762e+00
5.490000e-06	2.626333e-10	8.978990e-11	1.910150e+00	5.678386e+00
5.500000e-06	2.184181e-10	6.801495e-11	1.588569e+00	4.439069e+00
5.510000e-06	1.742009e-10	4.209023e-11	1.266975e+00	3.192785e+00
5.520000e-06	1.299900e-10	1.656771e-11	9.454252e-01	1.940530e+00
5.530000e-06	8.578679e-11	-6.713836e-12	6.239320e-01	6.833210e-01
5.540000e-06	4.158964e-11	-2.770585e-11	3.024826e-01	-5.778152e-01
5.550000e-06	-2.603615e-12	-4.622715e-11	-1.893832e-02	-1.841842e+00
5.560000e-06	-4.679884e-11	-6.206716e-11	-3.403736e-01	-3.107721e+00
5.570000e-06	-9.099924e-11	-7.798269e-11	-6.618465e-01	-4.374416e+00
5.580000e-06	-1.351993e-10	-9.732431e-11	-9.833170e-01	-5.640896e+00
5.590000e-06	-1.793943e-10	-1.207657e-10	-1.304751e+00	-6.906142e+00
5.600000e-06	-2.235797e-10	-1.450751e-10	-1.626115e+00	-8.169152e+00
5.610000e-06	-2.677521e-10	-1.686482e-10	-1.947384e+00	-9.428943e+00
5.620000e-06	-3.119102e-10	-1.910221e-10	-2.268549e+00	-1.068456e+01
5.630000e-06	-3.560496e-10	-2.112444e-10	-2.589579e+00	-1.193506e+01
5.640000e-06	-4.001645e-10	-2.282873e-10	-2.910430e+00	-1.317955e+01
5.650000e-06	-4.442529e-10	-2.441166e-10	-3.231089e+00	-1.441717e+01
5.660000e-06	-4.883164e-10	-2.611799e-10	-3.551566e+00	-1.564708e+01
5.670000e-06	-5.323548e-10	-2.797852e-10	-3.871861e+00	-1.686850e+01
5.680000e-06	-5.763669e-10	-2.994048e-10	-4.191966e+00	-1.808066e+01
5.690000e-06	-6.203561e-10	-3.196814e-10	-4.511903e+00	-1.928288e+01
5.700000e-06	-6.643224e-10	-3.407017e-10	-4.831674e+00	-2.047449e+01
5.710000e-06	-7.082666e-10	-3.623611e-10	-5.151284e+00	-2.165487e+01
5.720000e-06	-7.521880e-10	-3.837395e-10	-5.470728e+00	-2.282345e+01
5.730000e-06	-7.960832e-10	-4.020187e-10	-5.789982e+00	-2.397971e+01
5.740000e-06	-8.399524e-10	-4.171908e-10	-6.109047e+00	-2.512317e+01
5.750000e-06	-8.837951e-10	-4.325265e-10	-6.427919e+00	-2.625341e+01
5.760000e-06	-9.276099e-10	-4.479646e-10	-6.746588e+00	-2.737004e+01
5.770000e-06	-9.713953e-10	-4.627489e-10	-7.065044e+00	-2.847272e+01
5.780000e-06	-1.015147e-09	-4.783560e-10	-7.383256e+00	-2.956116e+01
5.790000e-06	-1.058859e-09	-4.973556e-10	-7.701176e+00	-3.063511e+01
5.800000e-06	-1.102523e-09	-5.193417e-10	-8.018749e+00	-3.169436e+01
5.810000e-06	-1.146133e-09	-5.389519e-10	-8.335926e+00	-3.273875e+01
5.820000e-06	-1.189683e-09	-5.530402e-10	-8.652670e+00	-3.376815e+01
5.830000e-06	-1.233170e-09	-5.652755e-10	-8.968953e+00	-3.478246e+01
5.840000e-06	-1.276587e-09	-5.789557e-10	-9.284730e+00	-3.578162e+01
5.850000e-06	-1.319929e-09	-5.928862e-10	-9.599961e+00	-3.676562e+01
5.860000e-06	-1.363194e-09	-6.038614e-10	-9.914624e+00	-3.773446e+01
5.870000e-06	-1.406371e-09	-6.145356e-10	-1.022866e+01	-3.868817e+01
5.880000e-06	-1.449445e-09	-6.295638e-10	-1.054193e+01	-3.962682e+01
5.890000e-06	-1.492400e-09	-6.459804e-10	-1.085435e+01	-4.055050e+01
5.900000e-06	-1.535230e-09	-6.587432e-10	-1.116585e+01	-4.145932e+01
5.910000e-06	-1.577927e-09	-6.689359e-10	-1.147640e+01	-4.235340e+01
5.920000e-06	-1.620493e-09	-6.818069e-10	-1.178598e+01	-4.323290e+01
5.930000e-06	-1.662930e-09	-6.980122e-10	-1.209463e+01	-4.409797e+01
5.940000e-06	-1.705244e-09	-7.124309e-10	-1.240238e+01	-4.494882e+01
5.950000e-06	-1.747441e-09	-7.219654e-10	-1.270928e+01	-4.578561e+01
5.960000e-06	-1.789525e-09	-7.308639e-10	-1.301536e+01	-4.660857e+01
5.970000e-06	-1.831497e-09	-7.428878e-10	-1.332062e+01	-4.741790e+01
5.980000e-06	-1.873358e-09	-7.551990e-10	-1.362509e+01	-4.821384e+01
5.990000e-06	-1.915113e-09	-7.653943e-10	-1.392877e+01	-4.899660e+01
6.000000e-06	-1.956753e-09	-7.771261e-10	-1.423162e+01	-4.976644e+01
6.010000e-06	-1.998270e-09	-7.933591e-10	-1.453358e+01	-5.052358e+01
6.020000e-06	-2.039648e-09	-8.104984e-10	-1.483452e+01	-5.126828e+01
6.030000e-06	-2.080869e-09	-8.228445e-10	-1.513432e+01	-5.200078e+01
6.040000e-06	-2.121919e-09	-8.302073e-10	-1.543289e+01	-5.272134e+01
6.050000e-06	-2.162791e-09	-8.361796e-10	-1.573015e+01	-5.343019e+01
6.060000e-06	-2.203482e-09	-8.436431e-10	-1.602609e+01	-5.412761e+01
6.070000e-06	-2.243996e-09	-8.531713e-10	-1.632076e+01	-5.481383e+01
6.080000e-06	-2.284346e-09	-8.644914e-10	-1.661423e+01	-5.548910e+01
6.090000e-06	-2.324554e-09	-8.765833e-10	-1.690666e+01	-5.615367e+01
6.100000e-06	-2.364642e-09	-8.883507e-10	-1.719822e+01	-5.680780e+01
6.110000e-06	-2.404629e-09	-8.997669e-10	-1.748905e+01	-5.745172e+01
6.120000e-06	-2.444528e-09	-9.112414e-10	-1.777924e+01	-5.808568e+01
6.130000e-06	-2.484347e-09	-9.220542e-10	-1.806885e+01	-5.870990e+01
6.140000e-06	-2.524086e-09	-9.300964e-10	-1.835787e+01	-5.932463e+01
6.150000e-06	-2.563729e-09	-9.358217e-10	-1.864620e+01	-5.993009e+01
6.160000e-06	-2.603248e-09	-9.423208e-10	-1.893363e+01	-6.052652e+01
6.170000e-06	-2.642611e-09	-9.509173e-10	-1.921991e+01	-6.111411e+01
6.180000e-06	-2.681777e-09	-9.602979e-10	-1.950477e+01	-6.169310e+01
6.190000e-06	-2.720699e-09	-9.697366e-10	-1.978785e+01	-6.226369e+01
6.200000e-06	-2.759332e-09	-9.789747e-10	-2.006883e+01	-6.282608e+01
6.210000e-06	-2.797643e-09	-9.876982e-10	-2.034747e+01	-6.338046e+01
6.220000e-06	-2.835605e-09	-9.957613e-10	-2.062357e+01	-6.392701e+01
6.230000e-06	-2.873202e-09	-1.001638e-09	-2.089701e+01	-6.446593e+01
6.240000e-06	-2.910436e-09	-1.006048e-09	-2.116782e+01	-6.499737e+01
6.250000e-06	-2.947333e-09	-1.013122e-09	-2.143617e+01	-6.552151e+01
6.260000e-06	-2.983934e-09	-1.023470e-09	-2.170237e+01	-6.603848e+01
6.270000e-06	-3.020286e-09	-1.033746e-09	-2.196676e+01	-6.654844e+01
6.280000e-06	-3.056442e-09	-1.040838e-09	-2.222972e+01	-6.705152e+01
6.290000e-06	-3.092448e-09	-1.046160e-09	-2.249160e+01	-6.754783e+01
6.300000e-06	-3.128336e-09	-1.053517e-09	-2.275262e+01	-6.803750e+01
6.310000e-06	-3.164114e-09	-1.061949e-09	-2.301283e+01	-6.852062e+01
6.320000e-06	-3.199765e-09	-1.068347e-09	-2.327213e+01	-6.899729e+01
6.330000e-06	-3.235258e-09	-1.074237e-09	-2.353027e+01	-6.946758e+01
6.340000e-06	-3.270551e-09	-1.082478e-09	-2.378696e+01	-6.993156e+01
6.350000e-06	-3.305606e-09	-1.092467e-09	-2.404191e+01	-7.038928e+01
6.360000e-06	-3.340399e-09	-1.100298e-09	-2.429497e+01	-7.084080e+01
6.370000e-06	-3.374929e-09	-1.106790e-09	-2.454610e+01	-7.128615e+01
6.380000e-06	-3.409212e-09	-1.113513e-09	-2.479545e+01	-7.172536e+01
6.390000e-06	-3.443270e-09	-1.120114e-09	-2.504315e+01	-7.215843e+01
6.400000e-06	-3.477109e-09	-1.124679e-09	-2.528927e+01	-7.258538e+01
6.410000e-06	-3.510727e-09	-1.126966e-09	-2.553377e+01	-7.300620e+01
6.420000e-06	-3.544107e-09	-1.131784e-09	-2.577654e+01	-7.342088e+01
6.430000e-06	-3.577222e-09	-1.139208e-09	-2.601739e+01	-7.382940e+01
6.440000e-06	-3.610056e-09	-1.146998e-09	-2.625620e+01	-7.423173e+01
6.450000e-06	-3.642609e-09	-1.154335e-09	-2.649296e+01	-7.462786e+01
6.460000e-06	-3.674910e-09	-1.162035e-09	-2.672789e+01	-7.501773e+01
6.470000e-06	-3.707005e-09	-1.168884e-09	-2.696131e+01	-7.540132e+01
6.480000e-06	-3.738930e-09	-1.173587e-09	-2.719350e+01	-7.577858e+01
6.490000e-06	-3.770690e-09	-1.176902e-09	-2.742450e+01	-7.614946e+01
6.500000e-06	-3.802266e-09	-1.180120e-09	-2.765415e+01	-7.651394e+01
6.510000e-06	-3.833604e-09	-1.182955e-09	-2.788208e+01	-7.687197e+01
6.520000e-06	-3.864641e-09	-1.186339e-09	-2.810781e+01	-7.722350e+01
6.530000e-06	-3.895311e-09	-1.192309e-09	-2.833088e+01	-7.756852e+01
6.540000e-06	-3.925558e-09	-1.201226e-09	-2.855086e+01	-7.790699e+01
6.550000e-06	-3.955343e-09	-1.210440e-09	-2.876749e+01	-7.823889e+01
6.560000e-06	-3.984662e-09	-1.216893e-09	-2.898073e+01	-7.856420e+01
6.570000e-06	-4.013542e-09	-1.220963e-09	-2.919077e+01	-7.888292e+01
6.580000e-06	-4.042049e-09	-1.223772e-09	-2.939811e+01	-7.919506e+01
6.590000e-06	-4.070273e-09	-1.224629e-09	-2.960338e+01	-7.950062e+01
6.600000e-06	-4.098287e-09	-1.224334e-09	-2.980713e+01	-7.979963e+01
6.610000e-06	-4.126135e-09	-1.225613e-09	-3.000967e+01	-8.009214e+01
6.620000e-06	-4.153813e-09	-1.231498e-09	-3.021098e+01	-8.037818e+01
6.630000e-06	-4.181283e-09	-1.240631e-09	-3.041077e+01	-8.065782e+01
6.640000e-06	-4.208484e-09	-1.248864e-09	-3.060860e+01	-8.093113e+01
6.650000e-06	-4.235369e-09	-1.254411e-09	-3.080414e+01	-8.119820e+01
6.660000e-06	-4.261933e-09	-1.256960e-09	-3.099734e+01	-8.145912e+01
6.670000e-06	-4.288189e-09	-1.258405e-09	-3.118830e+01	-8.171401e+01
6.680000e-06	-4.314152e-09	-1.258409e-09	-3.137713e+01	-8.196298e+01
6.690000e-06	-4.339826e-09	-1.259097e-09	-3.156386e+01	-8.220618e+01
6.700000e-06	-4.365187e-09	-1.264087e-09	-3.174831e+01	-8.244373e+01
6.710000e-06	-4.390213e-09	-1.273595e-09	-3.193033e+01	-8.267579e+01
6.720000e-06	-4.414901e-09	-1.282231e-09	-3.210989e+01	-8.290251e+01
6.730000e-06	-4.439288e-09	-1.286545e-09	-3.228725e+01	-8.312407e+01
6.740000e-06	-4.463431e-09	-1.289268e-09	-3.246285e+01	-8.334062e+01
6.750000e-06	-4.487380e-09	-1.293398e-09	-3.263703e+01	-8.355235e+01
6.760000e-06	-4.511148e-09	-1.298222e-09	-3.280990e+01	-8.375942e+01
6.770000e-06	-4.534698e-09	-1.302058e-09	-3.298118e+01	-8.396200e+01
6.780000e-06	-4.557957e-09	-1.304650e-09	-3.315035e+01	-8.416028e+01
6.790000e-06	-4.580838e-09	-1.308742e-09	-3.331676e+01	-8.435440e+01
6.800000e-06	-4.603256e-09	-1.313151e-09	-3.347980e+01	-8.454455e+01
6.810000e-06	-4.625152e-09	-1.315676e-09	-3.363905e+01	-8.473086e+01
6.820000e-06	-4.646510e-09	-1.317125e-09	-3.379439e+01	-8.491349e+01
6.830000e-06	-4.667370e-09	-1.319478e-09	-3.394611e+01	-8.509257e+01
6.840000e-06	-4.687824e-09	-1.323476e-09	-3.409487e+01	-8.526822e+01
6.850000e-06	-4.707976e-09	-1.326912e-09	-3.424144e+01	-8.544054e+01
6.860000e-06	-4.727910e-09	-1.330354e-09	-3.438642e+01	-8.560965e+01
6.870000e-06	-4.747653e-09	-1.335020e-09	-3.453001e+01	-8.577559e+01
6.880000e-06	-4.767165e-09	-1.339802e-09	-3.467192e+01	-8.593845e+01
6.890000e-06	-4.786376e-09	-1.342775e-09	-3.481164e+01	-8.609825e+01
6.900000e-06	-4.805233e-09	-1.344613e-09	-3.494880e+01	-8.625501e+01
6.910000e-06	-4.823733e-09	-1.347407e-09	-3.508335e+01	-8.640875e+01
6.920000e-06	-4.841911e-09	-1.351429e-09	-3.521556e+01	-8.655943e+01
6.930000e-06	-4.859801e-09	-1.354890e-09	-3.534567e+01	-8.670702e+01
6.940000e-06	-4.877397e-09	-1.356496e-09	-3.547365e+01	-8.685146e+01
6.950000e-06	-4.894661e-09	-1.358031e-09	-3.559921e+01	-8.699267e+01
6.960000e-06	-4.911561e-09	-1.361800e-09	-3.572212e+01	-8.713056e+01
6.970000e-06	-4.928110e-09	-1.365427e-09	-3.584248e+01	-8.726502e+01
6.980000e-06	-4.944357e-09	-1.366176e-09	-3.596065e+01	-8.739592e+01
6.990000e-06	-4.960367e-09	-1.366282e-09	-3.607709e+01	-8.752311e+01
7.000000e-06	-4.976160e-09	-1.369126e-09	-3.619196e+01	-8.764644e+01
7.010000e-06	-4.991678e-09	-1.372883e-09	-3.630482e+01	-8.776575e+01
7.020000e-06	-5.006795e-09	-1.375089e-09	-3.641477e+01	-8.788085e+01
7.030000e-06	-5.021379e-09	-1.375655e-09	-3.652084e+01	-8.799158e+01
7.040000e-06	-5.035350e-09	-1.376138e-09	-3.662245e+01	-8.809774e+01
7.050000e-06	-5.048719e-09	-1.377571e-09	-3.671968e+01	-8.819916e+01
7.060000e-06	-5.061566e-09	-1.379250e-09	-3.681312e+01	-8.829565e+01
7.070000e-06	-5.073990e-09	-1.379755e-09	-3.690348e+01	-8.838702e+01
7.080000e-06	-5.086068e-09	-1.379923e-09	-3.699133e+01	-8.847312e+01
7.090000e-06	-5.097826e-09	-1.381579e-09	-3.707684e+01	-8.855378e+01
7.100000e-06	-5.109236e-09	-1.384881e-09	-3.715982e+01	-8.862885e+01
7.110000e-06	-5.120256e-09	-1.387804e-09	-3.723998e+01	-8.869821e+01
7.120000e-06	-5.130881e-09	-1.389720e-09	-3.731725e+01	-8.876173e+01
7.130000e-06	-5.141142e-09	-1.391004e-09	-3.739188e+01	-8.881934e+01
7.140000e-06	-5.151083e-09	-1.390417e-09	-3.746418e+01	-8.887095e+01
7.150000e-06	-5.160702e-09	-1.388073e-09	-3.753414e+01	-8.891652e+01
7.160000e-06	-5.169960e-09	-1.386557e-09	-3.760147e+01	-8.895605e+01
7.170000e-06	-5.178826e-09	-1.387212e-09	-3.766596e+01	-8.898954e+01
7.180000e-06	-5.187318e-09	-1.388016e-09	-3.772772e+01	-8.901703e+01
7.190000e-06	-5.195506e-09	-1.388413e-09	-3.778727e+01	-8.903861e+01
7.200000e-06	-5.203464e-09	-1.389365e-09	-3.784516e+01	-8.905437e+01
7.210000e-06	-5.211215e-09	-1.390746e-09	-3.790153e+01	-8.906447e+01
7.220000e-06	-5.218703e-09	-1.390813e-09	-3.795599e+01	-8.906907e+01
7.230000e-06	-5.225823e-09	-1.388659e-09	-3.800777e+01	-8.906838e+01
7.240000e-06	-5.232467e-09	-1.386249e-09	-3.805609e+01	-8.906264e+01
7.250000e-06	-5.238551e-09	-1.386223e-09	-3.810035e+01	-8.905212e+01
7.260000e-06	-5.244042e-09	-1.388006e-09	-3.814027e+01	-8.903711e+01
7.270000e-06	-5.248974e-09	-1.389219e-09	-3.817615e+01	-8.901794e+01
7.280000e-06	-5.253451e-09	-1.388943e-09	-3.820871e+01	-8.899496e+01
7.290000e-06	-5.257598e-09	-1.387752e-09	-3.823887e+01	-8.896855e+01
7.300000e-06	-5.261504e-09	-1.386810e-09	-3.826728e+01	-8.893910e+01
7.310000e-06	-5.265178e-09	-1.384624e-09	-3.829400e+01	-8.890702e+01
7.320000e-06	-5.268561e-09	-1.380708e-09	-3.831861e+01	-8.887274e+01
7.330000e-06	-5.271583e-09	-1.377820e-09	-3.834059e+01	-8.883669e+01
7.340000e-06	-5.274220e-09	-1.379012e-09	-3.835976e+01	-8.879932e+01
7.350000e-06	-5.276504e-09	-1.382407e-09	-3.837637e+01	-8.876107e+01
7.360000e-06	-5.278486e-09	-1.384156e-09	-3.839079e+01	-8.872237e+01
7.370000e-06	-5.280173e-09	-1.384387e-09	-3.840306e+01	-8.868367e+01
7.380000e-06	-5.281473e-09	-1.383263e-09	-3.841252e+01	-8.864539e+01
7.390000e-06	-5.282316e-09	-1.381388e-09	-3.841865e+01	-8.860793e+01
7.400000e-06	-5.282800e-09	-1.380068e-09	-3.842217e+01	-8.857169e+01
