3.330196e+01
6.581149e+01
4.614109e+01
3.629348e+01
4.382506e+01
3.564295e+01
8.589712e+00
3.382915e+01
3.690734e+01
3.044151e+01
8.784862e+00
1.983502e+01
2.101712e+01
1.153214e+01
7.143571e+00
2.427913e+01
9.935248e+00
2.997240e+01
2.417143e+00
1.688018e+01
5.757508e+00
1.612717e+01
2.254221e+01
2.063040e+00
1.069157e+01
1.710305e-02
7.401802e+00
1.669974e+01
1.206491e+00
4.758532e+00
1.138975e+00
9.845549e+00
8.115981e+00
2.383853e+01
1.676620e+01
9.335059e+00
1.164054e+00
1.424182e+01
1.098818e+00
1.168006e+01
8.884514e+00
2.317953e+01
2.580192e+01
3.379601e+01
2.324726e+01
5.059854e+00
6.906392e+00
5.867627e+00
2.492671e+01
8.947154e+00
7.099574e+00
3.261417e+00
1.356136e+01
1.861408e+01
1.293409e+01
1.617098e+01
2.822814e+01
2.424951e+01
3.939577e+01
4.298050e+01
1.760207e+01
1.902488e+01
5.613365e+01
4.131848e+01
3.799968e+01
4.350304e+01
2.995991e+01
2.480466e+01
3.670006e+01
4.976518e+01
3.564760e+01
6.730038e+01
4.199331e+01
5.406417e+01
4.206701e+01
6.172343e+01
2.680734e+01
6.901494e+01
4.067557e+01
2.838443e+01
1.503484e+01
3.445960e+01
5.038617e+01
4.403665e+01
5.838105e+01
3.972735e+01
5.975373e+01
6.104358e+01
5.262786e+01
2.850454e+01
4.733112e+01
2.932319e+01
3.569937e+01
6.526253e+01
4.211242e+01
6.869008e+01
4.159531e+01
6.462898e+01
4.651269e+01
2.969402e+01
4.995613e+01
3.973269e+01
6.782021e+01
4.751678e+01
6.341692e+01
2.594756e+01
6.463683e+01
6.055772e+01
9.742487e+01
4.092114e+01
5.854220e+01
8.486683e+01
6.128075e+01
6.212655e+01
5.694897e+01
8.750871e+01
6.959490e+01
5.035900e+01
7.526928e+01
6.384454e+01
6.691056e+01
6.097565e+01
5.712088e+01
9.189609e+01
4.791257e+01
5.509105e+01
9.790881e+01
6.324138e+01
6.446225e+01
6.240194e+01
7.111450e+01
2.931560e+01
7.200607e+01
6.978069e+01
7.597842e+01
6.656675e+01
6.353611e+01
8.015850e+01
4.250166e+01
8.089633e+01
6.401592e+01
7.136187e+01
8.883277e+01
8.102350e+01
7.248768e+01
8.442492e+01
7.237617e+01
9.381445e+01
8.868348e+01
6.776716e+01
6.491353e+01
1.023175e+02
1.000944e+02
8.774089e+01
6.035331e+01
8.932615e+01
1.219551e+02
8.132402e+01
8.053461e+01
8.330926e+01
7.694988e+01
8.505572e+01
7.943190e+01
1.025299e+02
6.103307e+01
7.406915e+01
9.865032e+01
7.332286e+01
1.010508e+02
1.254706e+02
1.158199e+02
1.202030e+02
9.808303e+01
7.921609e+01
6.877365e+01
1.029359e+02
7.212008e+01
1.070187e+02
1.080732e+02
1.057814e+02
1.124237e+02
1.084817e+02
8.103807e+01
1.000968e+02
1.051624e+02
1.023807e+02
1.320645e+02
9.139090e+01
8.839269e+01
7.958831e+01
1.079004e+02
8.536763e+01
8.519130e+01
1.349659e+02
9.883665e+01
1.158422e+02
8.575925e+01
1.143586e+02
9.109919e+01
1.145661e+02
8.304945e+01
9.345501e+01
8.844633e+01
1.181469e+02
1.008197e+02
1.141215e+02
1.147672e+02
1.059976e+02
9.445125e+01
1.252568e+02
1.259302e+02
9.524292e+01
7.157531e+01
8.904901e+01
7.546535e+01
1.009912e+02
9.731733e+01
7.575498e+01
8.111569e+01
1.245231e+02
9.915455e+01
1.228997e+02
1.182755e+02
9.720342e+01
1.166965e+02
1.041506e+02
1.069289e+02
1.011474e+02
1.165420e+02
1.300628e+02
1.248843e+02
1.204478e+02
1.434443e+02
9.421917e+01
9.983345e+01
9.254697e+01
1.185333e+02
1.001624e+02
9.565954e+01
1.220302e+02
1.188566e+02
1.260295e+02
1.132432e+02
1.250797e+02
1.241240e+02
1.072871e+02
1.225579e+02
1.345533e+02
1.216233e+02
1.234145e+02
1.190378e+02
1.372525e+02
1.442251e+02
1.102693e+02
1.306559e+02
1.082622e+02
1.149064e+02
1.483506e+02
1.223365e+02
1.434664e+02
1.517056e+02
1.319823e+02
1.265540e+02
1.267912e+02
1.282763e+02
1.256856e+02
1.379422e+02
1.343959e+02
1.340391e+02
1.221478e+02
1.247722e+02
1.459109e+02
1.173239e+02
1.462073e+02
1.111668e+02
1.065224e+02
1.131002e+02
1.487290e+02
1.431377e+02
1.171689e+02
1.376733e+02
1.162189e+02
1.454740e+02
1.365330e+02
1.179749e+02
1.384371e+02
1.239767e+02
1.211989e+02
1.192475e+02
1.474786e+02
1.061579e+02
1.416004e+02
1.564049e+02
1.342138e+02
1.176741e+02
1.428011e+02
1.103713e+02
1.268444e+02
1.246330e+02
1.306521e+02
1.357455e+02
1.163183e+02
1.267518e+02
9.156314e+01
1.246742e+02
1.434317e+02
9.885173e+01
1.010697e+02
1.274426e+02
1.162175e+02
1.065397e+02
1.076203e+02
1.133025e+02
1.282994e+02
1.264104e+02
1.048925e+02
9.792211e+01
1.222104e+02
8.894110e+01
1.107902e+02
1.050103e+02
1.123324e+02
1.230971e+02
1.086022e+02
9.858820e+01
9.683480e+01
9.487276e+01
1.034034e+02
1.050429e+02
9.945330e+01
1.021368e+02
1.151142e+02
1.088398e+02
8.816416e+01
1.084975e+02
8.839395e+01
9.026554e+01
9.441770e+01
9.692222e+01
9.158204e+01
9.704229e+01
1.020516e+02
8.387007e+01
9.269301e+01
9.270754e+01
9.284861e+01
9.804805e+01
9.025701e+01
8.245928e+01
9.786600e+01
1.005377e+02
9.072126e+01
7.944478e+01
1.010407e+02
5.981167e+01
5.758347e+01
7.848204e+01
8.474303e+01
8.368779e+01
7.737489e+01
7.986303e+01
5.545514e+01
8.446966e+01
8.076119e+01
7.579148e+01
6.893732e+01
8.384917e+01
9.432480e+01
5.775633e+01
1.026980e+02
7.514361e+01
9.097160e+01
7.215326e+01
7.227336e+01
7.094508e+01
7.109319e+01
8.068172e+01
8.484740e+01
7.058791e+01
8.894793e+01
8.457441e+01
7.495894e+01
8.169413e+01
7.263613e+01
9.001528e+01
8.130713e+01
9.202467e+01
8.312378e+01
8.559931e+01
7.403863e+01
8.595567e+01
9.196632e+01
1.062565e+02
8.826590e+01
8.112266e+01
9.606135e+01
7.182929e+01
8.676739e+01
7.546528e+01
8.215475e+01
7.930773e+01
8.797582e+01
7.994511e+01
6.740120e+01
8.807095e+01
7.437389e+01
9.208697e+01
1.040829e+02
8.042249e+01
6.266459e+01
7.195098e+01
7.479023e+01
9.058889e+01
9.690182e+01
1.042243e+02
9.573413e+01
1.033425e+02
8.033774e+01
8.789071e+01
9.329208e+01
8.199118e+01
8.164456e+01
9.925596e+01
9.628390e+01
8.242544e+01
9.115371e+01
1.015967e+02
7.764412e+01
1.040843e+02
9.049107e+01
9.019407e+01
9.514456e+01
7.106705e+01
8.067151e+01
8.231493e+01
9.509731e+01
7.726310e+01
7.176440e+01
7.772089e+01
7.277277e+01
8.488312e+01
7.124892e+01
8.102147e+01
7.071354e+01
9.352830e+01
7.988312e+01
7.739696e+01
9.011893e+01
1.009659e+02
7.369556e+01
7.195190e+01
1.002169e+02
6.441900e+01
8.677109e+01
8.325524e+01
7.128645e+01
7.010923e+01
7.385439e+01
8.702319e+01
9.929596e+01
9.026426e+01
9.250122e+01
9.142189e+01
6.905639e+01
8.280069e+01
9.277130e+01
7.332132e+01
6.381113e+01
8.655716e+01
6.969026e+01
9.310783e+01
7.623682e+01
9.490330e+01
1.087557e+02
7.197554e+01
8.044424e+01
8.662929e+01
9.057953e+01
6.715684e+01
9.729276e+01
7.403276e+01
8.915892e+01
6.818102e+01
8.228591e+01
6.649657e+01
7.361248e+01
7.958199e+01
6.607274e+01
8.511442e+01
6.898372e+01
9.547344e+01
6.255825e+01
9.069884e+01
1.017362e+02
7.466600e+01
6.957003e+01
8.432540e+01
8.470061e+01
1.009873e+02
6.963183e+01
7.867022e+01
8.374051e+01
8.360064e+01
8.221710e+01
9.736654e+01
9.851526e+01
9.260314e+01
9.499793e+01
7.853004e+01
9.236538e+01
9.279450e+01
7.981325e+01
9.412778e+01
8.898039e+01
9.516006e+01
8.818703e+01
1.097102e+02
8.646901e+01
8.469121e+01
8.186951e+01
7.788563e+01
8.445208e+01
7.547332e+01
1.100490e+02
8.475850e+01
8.333615e+01
9.762860e+01
9.898067e+01
8.219198e+01
9.715816e+01
1.016972e+02
1.011682e+02
1.129808e+02
8.270182e+01
8.660487e+01
9.455607e+01
8.530031e+01
7.871407e+01
1.066228e+02
8.102600e+01
1.007742e+02
7.707199e+01
8.202524e+01
7.969335e+01
8.593248e+01
1.042360e+02
7.832206e+01
1.103379e+02
8.295012e+01
1.056498e+02
1.127982e+02
8.473389e+01
8.595302e+01
8.108135e+01
8.362780e+01
9.086457e+01
8.780708e+01
8.475749e+01
8.906735e+01
9.878368e+01
9.917104e+01
9.922630e+01
9.585173e+01
1.146825e+02
7.325391e+01
9.233237e+01
8.884946e+01
1.080316e+02
1.264377e+02
1.188054e+02
1.119606e+02
9.466592e+01
9.827125e+01
6.650533e+01
1.106644e+02
8.918465e+01
1.090546e+02
1.177885e+02
1.212787e+02
8.911668e+01
1.021348e+02
1.159001e+02
1.107439e+02
1.021445e+02
8.275593e+01
1.084440e+02
1.040668e+02
8.548643e+01
8.173654e+01
1.087929e+02
8.531091e+01
1.137074e+02
1.092376e+02
1.224162e+02
1.107140e+02
9.647565e+01
9.720327e+01
1.083203e+02
9.099198e+01
9.202842e+01
1.021990e+02
1.059658e+02
9.932256e+01
9.102920e+01
1.231757e+02
9.280731e+01
9.969561e+01
1.097351e+02
7.379569e+01
6.163278e+01
9.062861e+01
1.045393e+02
9.891741e+01
7.411365e+01
1.003926e+02
9.832167e+01
1.005101e+02
1.087099e+02
1.035472e+02
9.234917e+01
1.026414e+02
1.034304e+02
8.971149e+01
1.097773e+02
9.203207e+01
1.031268e+02
9.720210e+01
9.229318e+01
1.137952e+02
1.027851e+02
9.688974e+01
6.961444e+01
9.061778e+01
1.041692e+02
9.636427e+01
7.154502e+01
8.608994e+01
1.050881e+02
8.452660e+01
9.530460e+01
9.353092e+01
1.046051e+02
9.741938e+01
7.405583e+01
8.805255e+01
8.770337e+01
7.124204e+01
8.371547e+01
9.941415e+01
1.016355e+02
8.029428e+01
1.008126e+02
9.773414e+01
1.043952e+02
9.180846e+01
6.276280e+01
9.206882e+01
1.023412e+02
7.649842e+01
7.891071e+01
1.097373e+02
7.361580e+01
1.036818e+02
7.578162e+01
8.218888e+01
1.083409e+02
9.133004e+01
9.789981e+01
9.289200e+01
9.049450e+01
6.551828e+01
7.329750e+01
8.982883e+01
8.917112e+01
6.746293e+01
8.335148e+01
8.422672e+01
9.552380e+01
8.785219e+01
9.859338e+01
8.728842e+01
8.172013e+01
8.679019e+01
1.012610e+02
7.029446e+01
1.108332e+02
8.706230e+01
8.797685e+01
9.742659e+01
9.715360e+01
7.199607e+01
6.452674e+01
7.161621e+01
7.705705e+01
7.516398e+01
9.438390e+01
1.014393e+02
1.157132e+02
9.746590e+01
8.910749e+01
8.627449e+01
9.250159e+01
9.310781e+01
7.635843e+01
1.021418e+02
7.844784e+01
8.465282e+01
9.406011e+01
6.291993e+01
7.557707e+01
7.702373e+01
9.250919e+01
7.449426e+01
7.923246e+01
1.045666e+02
9.820472e+01
9.473883e+01
1.048632e+02
8.137646e+01
6.910749e+01
8.306750e+01
1.178806e+02
6.809137e+01
1.079322e+01
1.204815e+01
5.002134e+00
1.866157e+01
1.301862e+01
2.420077e+00
8.795105e+00
1.649638e+01
1.506653e+01
2.381285e+01
5.077294e+00
6.016351e+00
9.415691e+00
1.011442e+01
2.503611e+00
2.306519e+01
1.570479e+01
1.101961e+01
2.098858e+01
1.525967e+01
1.985961e+00
1.626353e+01
2.752468e+00
6.880579e-03
9.980589e+00
4.560469e+00
5.611085e+01
1.746810e+01
1.377948e+01
1.274924e+01
6.933250e-01
1.078553e+01
4.763439e+00
2.464704e+01
2.129762e+00
1.886696e+01
2.557223e-01
1.896145e+01
6.187274e+00
8.964939e+00
5.372747e-01
6.818240e+00
1.942068e+01
3.368582e+00
1.790182e+01
3.332394e+00
1.601865e+00
8.419763e+00
5.144880e-01
2.012270e+01
3.584277e+00
1.312956e+01
2.286871e+01
1.821960e+00
1.345949e+01
7.882746e+00
1.814851e+01
2.684552e+01
9.440317e+00
9.434162e+00
3.225575e+00
2.314322e+01
2.365972e+01
5.759483e-01
2.505757e+01
6.381715e+00
1.317475e+01
2.343446e+01
4.752052e+00
2.115219e+01
9.445653e+00
9.324731e+00
9.134017e+00
4.148973e+00
1.042053e+01
5.291317e+00
2.642858e+01
1.644344e+01
2.676369e+01
7.717609e+00
2.678713e+01
3.405397e+01
2.954253e+01
2.552402e+01
3.988402e+00
1.656975e+01
1.376254e+01
2.037925e+01
9.792894e-01
3.951320e+00
1.463773e+01
4.673970e+00
2.595097e+00
1.713477e+01
1.065566e+01
3.064521e+01
2.142545e+01
6.406627e+00
1.939817e+00
1.480790e+01
1.745355e+00
9.571143e+00
2.931316e+00
3.769686e+00
2.633409e+00
3.568168e+01
7.305633e+00
3.461151e+00
2.399284e+00
3.334401e+01
2.288883e+01
2.564834e+00
1.528401e+01
4.486345e+00
3.130436e+00
2.332553e+00
1.250058e+01
1.590124e+01
1.732137e+01
8.568117e+00
1.891962e+01
2.037858e+01
3.009278e+00
2.047194e+01
1.888287e+01
8.203898e+00
4.438185e+01
3.183450e+01
1.429318e+01
2.212388e+01
2.514640e+01
1.889851e+01
3.853486e+00
9.653856e+00
1.940640e-01
2.565573e+01
1.392865e+01
5.546163e+01
3.778231e+00
1.210201e+00
8.300475e+00
2.130299e+01
2.831454e+01
9.478758e+00
8.505484e-01
2.984239e+00
6.516183e+00
1.685715e+01
1.074160e+01
1.056354e+01
1.052801e+01
4.571259e-01
2.005044e+00
6.003147e+00
5.050979e+00
1.213609e+01
6.214741e+00
1.636554e+01
1.776748e+01
1.293189e+00
1.621844e+00
4.253381e+00
1.367398e+01
3.105465e-01
2.256601e+01
1.429614e+01
2.595204e+01
3.026184e+01
8.254721e-01
2.505309e+01
2.067987e+00
4.385055e-01
2.393348e+01
8.310289e+00
2.404946e+00
3.377327e-01
3.412270e+00
4.940651e+00
6.145322e+00
2.948976e+01
4.119446e+00
1.269638e+01
9.393287e+00
1.031014e+01
5.205287e+00
1.002077e+01
5.673767e+00
1.074413e+01
1.387081e+01
2.713424e+01
6.937433e+00
1.254769e+01
7.346169e+00
1.533910e+01
1.669857e+01
3.510256e+00
3.824670e+00
2.067288e+01
8.428071e+00
2.148171e+01
5.616020e+00
9.984819e+00
2.959592e+01
1.233525e+01
2.362918e+00
2.201285e+01
7.212511e+00
5.344554e+00
8.195047e-01
7.064880e-01
9.503451e+00
1.275662e+01
6.976225e+00
1.474543e+01
5.174053e+00
9.471141e+00
1.511917e+01
2.092956e+01
1.149438e+00
1.006757e+01
2.459983e+01
1.802023e+01
7.252943e+00
3.245626e+01
5.467086e+00
1.556624e+01
7.322319e+00
1.334903e+01
1.813771e+01
2.182820e+00
1.280333e+01
1.463887e+00
1.331482e+01
2.925181e+00
2.248096e+01
8.732735e+00
5.712298e+00
9.140714e+00
2.420823e-01
1.995730e+01
7.522255e+00
2.421809e+01
2.308420e+01
1.352759e+00
1.637297e+01
1.240595e+01
2.341799e+01
4.835284e+00
4.361463e+00
3.731210e+00
3.882484e+00
1.579210e+01
2.317395e+01
3.157583e-01
2.231405e+01
5.200857e+00
9.167261e+00
6.883877e+00
1.901620e+01
8.433087e-01
7.262033e+00
3.328001e+01
1.068464e+01
1.577968e+01
1.471592e+01
3.205678e+01
6.887362e+00
2.443824e+01
1.266600e+01
1.333368e+01
4.552055e+01
9.029963e+00
4.723695e+00
6.776443e+00
2.551384e+00
3.023006e+00
3.213967e+00
4.890353e+00
5.231989e+00
9.823170e+00
6.644080e+00
2.022372e+00
2.283009e+01
5.401143e+00
3.288917e+00
1.001710e+01
2.682461e+01
1.926385e+01
1.264916e+01
1.781933e+01
2.683502e+01
4.193552e+01
4.724217e+00
6.135022e+00
1.264546e+01
3.611200e+00
2.320294e+01
3.328885e+01
5.788531e+01
