# Temperatura_=_22.997083333333336
# Concentracion g/m^3_=_1720.0
# C_Vs_to_Am_M_A/Vsm_=_65563218390.804596
# pendiente_HvsI_1/m_=_3716.3
# ordenada_HvsI_A/m_=_1297.0
# frecuencia_Hz_=_135021.1455645874
# Promedio de 24 ciclos

Tiempo_(s)	Campo_(V.s)	Magnetizacion_(V.s)	Campo_(kA/m)	Magnetizacion_(A/m)
0.000000e+00	-5.300333e-09	-8.708952e-10	-3.842204e+01	-5.892630e+01
1.000000e-08	-5.300420e-09	-8.659249e-10	-3.842268e+01	-5.889469e+01
2.000000e-08	-5.300296e-09	-8.645606e-10	-3.842178e+01	-5.886356e+01
3.000000e-08	-5.299909e-09	-8.658276e-10	-3.841897e+01	-5.883309e+01
4.000000e-08	-5.299177e-09	-8.663017e-10	-3.841366e+01	-5.880342e+01
5.000000e-08	-5.297993e-09	-8.667198e-10	-3.840508e+01	-5.877471e+01
6.000000e-08	-5.296255e-09	-8.644799e-10	-3.839248e+01	-5.874705e+01
7.000000e-08	-5.293904e-09	-8.411669e-10	-3.837544e+01	-5.872054e+01
8.000000e-08	-5.290915e-09	-8.399681e-10	-3.835378e+01	-5.869526e+01
9.000000e-08	-5.287361e-09	-9.165543e-10	-3.832802e+01	-5.867123e+01
1.000000e-07	-5.283397e-09	-9.480324e-10	-3.829928e+01	-5.864848e+01
1.100000e-07	-5.279179e-09	-8.511471e-10	-3.826870e+01	-5.862699e+01
1.200000e-07	-5.274790e-09	-7.961828e-10	-3.823689e+01	-5.860672e+01
1.300000e-07	-5.270155e-09	-8.806111e-10	-3.820329e+01	-5.858760e+01
1.400000e-07	-5.265129e-09	-9.489269e-10	-3.816686e+01	-5.856953e+01
1.500000e-07	-5.259691e-09	-8.164490e-10	-3.812744e+01	-5.855239e+01
1.600000e-07	-5.253920e-09	-7.498720e-10	-3.808561e+01	-5.853603e+01
1.700000e-07	-5.247802e-09	-8.755615e-10	-3.804126e+01	-5.852026e+01
1.800000e-07	-5.241266e-09	-9.641006e-10	-3.799387e+01	-5.850489e+01
1.900000e-07	-5.234339e-09	-8.557057e-10	-3.794367e+01	-5.848968e+01
2.000000e-07	-5.227137e-09	-7.959276e-10	-3.789146e+01	-5.847438e+01
2.100000e-07	-5.219697e-09	-8.875757e-10	-3.783753e+01	-5.845872e+01
2.200000e-07	-5.211969e-09	-9.025948e-10	-3.778151e+01	-5.844241e+01
2.300000e-07	-5.203942e-09	-8.189393e-10	-3.772332e+01	-5.842514e+01
2.400000e-07	-5.195598e-09	-8.391888e-10	-3.766283e+01	-5.840659e+01
2.500000e-07	-5.186786e-09	-9.313608e-10	-3.759895e+01	-5.838644e+01
2.600000e-07	-5.177369e-09	-8.919641e-10	-3.753069e+01	-5.836433e+01
2.700000e-07	-5.167370e-09	-8.438953e-10	-3.745822e+01	-5.833992e+01
2.800000e-07	-5.156862e-09	-9.175477e-10	-3.738204e+01	-5.831287e+01
2.900000e-07	-5.145867e-09	-9.501359e-10	-3.730234e+01	-5.828283e+01
3.000000e-07	-5.134399e-09	-8.522837e-10	-3.721921e+01	-5.824944e+01
3.100000e-07	-5.122534e-09	-8.595916e-10	-3.713320e+01	-5.821238e+01
3.200000e-07	-5.110298e-09	-9.537263e-10	-3.704450e+01	-5.817131e+01
3.300000e-07	-5.097703e-09	-9.412828e-10	-3.695320e+01	-5.812591e+01
3.400000e-07	-5.084749e-09	-8.679183e-10	-3.685930e+01	-5.807589e+01
3.500000e-07	-5.071407e-09	-8.963627e-10	-3.676258e+01	-5.802095e+01
3.600000e-07	-5.057682e-09	-9.161533e-10	-3.666309e+01	-5.796083e+01
3.700000e-07	-5.043569e-09	-8.818300e-10	-3.656078e+01	-5.789529e+01
3.800000e-07	-5.029004e-09	-8.819946e-10	-3.645520e+01	-5.782411e+01
3.900000e-07	-5.013892e-09	-9.029828e-10	-3.634566e+01	-5.774709e+01
4.000000e-07	-4.998210e-09	-8.754719e-10	-3.623198e+01	-5.766409e+01
4.100000e-07	-4.982044e-09	-8.868322e-10	-3.611480e+01	-5.757495e+01
4.200000e-07	-4.965488e-09	-9.227311e-10	-3.599478e+01	-5.747958e+01
4.300000e-07	-4.948589e-09	-8.885757e-10	-3.587228e+01	-5.737790e+01
4.400000e-07	-4.931388e-09	-8.425442e-10	-3.574759e+01	-5.726988e+01
4.500000e-07	-4.913919e-09	-8.713835e-10	-3.562096e+01	-5.715550e+01
4.600000e-07	-4.896176e-09	-8.947590e-10	-3.549234e+01	-5.703480e+01
4.700000e-07	-4.878120e-09	-8.684850e-10	-3.536145e+01	-5.690781e+01
4.800000e-07	-4.859713e-09	-8.569140e-10	-3.522802e+01	-5.677463e+01
4.900000e-07	-4.840905e-09	-8.712426e-10	-3.509168e+01	-5.663537e+01
5.000000e-07	-4.821711e-09	-8.818768e-10	-3.495254e+01	-5.649018e+01
5.100000e-07	-4.802204e-09	-8.766511e-10	-3.481114e+01	-5.633923e+01
5.200000e-07	-4.782442e-09	-8.542758e-10	-3.466788e+01	-5.618270e+01
5.300000e-07	-4.762465e-09	-8.388421e-10	-3.452307e+01	-5.602082e+01
5.400000e-07	-4.742269e-09	-8.614009e-10	-3.437667e+01	-5.585383e+01
5.500000e-07	-4.721807e-09	-8.720366e-10	-3.422834e+01	-5.568197e+01
5.600000e-07	-4.701017e-09	-8.489899e-10	-3.407764e+01	-5.550553e+01
5.700000e-07	-4.679878e-09	-8.371847e-10	-3.392440e+01	-5.532477e+01
5.800000e-07	-4.658400e-09	-8.534070e-10	-3.376871e+01	-5.514000e+01
5.900000e-07	-4.636623e-09	-8.577372e-10	-3.361085e+01	-5.495151e+01
6.000000e-07	-4.614569e-09	-8.492249e-10	-3.345098e+01	-5.475961e+01
6.100000e-07	-4.592203e-09	-8.327551e-10	-3.328884e+01	-5.456460e+01
6.200000e-07	-4.569508e-09	-8.276333e-10	-3.312433e+01	-5.436677e+01
6.300000e-07	-4.546460e-09	-8.400812e-10	-3.295726e+01	-5.416642e+01
6.400000e-07	-4.523060e-09	-8.453916e-10	-3.278763e+01	-5.396384e+01
6.500000e-07	-4.499389e-09	-8.211469e-10	-3.261604e+01	-5.375929e+01
6.600000e-07	-4.475517e-09	-8.114667e-10	-3.244299e+01	-5.355304e+01
6.700000e-07	-4.451438e-09	-8.266514e-10	-3.226845e+01	-5.334534e+01
6.800000e-07	-4.427100e-09	-8.323054e-10	-3.209202e+01	-5.313639e+01
6.900000e-07	-4.402442e-09	-8.151076e-10	-3.191327e+01	-5.292642e+01
7.000000e-07	-4.377411e-09	-8.048966e-10	-3.173182e+01	-5.271559e+01
7.100000e-07	-4.351947e-09	-8.084712e-10	-3.154724e+01	-5.250407e+01
7.200000e-07	-4.325995e-09	-8.141298e-10	-3.135911e+01	-5.229197e+01
7.300000e-07	-4.299521e-09	-8.045227e-10	-3.116721e+01	-5.207942e+01
7.400000e-07	-4.272581e-09	-7.882643e-10	-3.097192e+01	-5.186647e+01
7.500000e-07	-4.245279e-09	-7.886417e-10	-3.077401e+01	-5.165319e+01
7.600000e-07	-4.217687e-09	-8.011512e-10	-3.057399e+01	-5.143959e+01
7.700000e-07	-4.189868e-09	-7.980818e-10	-3.037233e+01	-5.122566e+01
7.800000e-07	-4.161866e-09	-7.820560e-10	-3.016935e+01	-5.101137e+01
7.900000e-07	-4.133680e-09	-7.755166e-10	-2.996503e+01	-5.079665e+01
8.000000e-07	-4.105259e-09	-7.796536e-10	-2.975901e+01	-5.058143e+01
8.100000e-07	-4.076541e-09	-7.792217e-10	-2.955083e+01	-5.036559e+01
8.200000e-07	-4.047510e-09	-7.667093e-10	-2.934038e+01	-5.014899e+01
8.300000e-07	-4.018168e-09	-7.569111e-10	-2.912768e+01	-4.993149e+01
8.400000e-07	-3.988547e-09	-7.599692e-10	-2.891296e+01	-4.971291e+01
8.500000e-07	-3.958678e-09	-7.655202e-10	-2.869644e+01	-4.949307e+01
8.600000e-07	-3.928564e-09	-7.547668e-10	-2.847814e+01	-4.927175e+01
8.700000e-07	-3.898229e-09	-7.399036e-10	-2.825825e+01	-4.904876e+01
8.800000e-07	-3.867655e-09	-7.380073e-10	-2.803661e+01	-4.882385e+01
8.900000e-07	-3.836793e-09	-7.449781e-10	-2.781290e+01	-4.859682e+01
9.000000e-07	-3.805647e-09	-7.400561e-10	-2.758712e+01	-4.836742e+01
9.100000e-07	-3.774265e-09	-7.262024e-10	-2.735963e+01	-4.813542e+01
9.200000e-07	-3.742673e-09	-7.199105e-10	-2.713062e+01	-4.790059e+01
9.300000e-07	-3.710880e-09	-7.268204e-10	-2.690016e+01	-4.766271e+01
9.400000e-07	-3.678920e-09	-7.279805e-10	-2.666848e+01	-4.742156e+01
9.500000e-07	-3.646793e-09	-7.187210e-10	-2.643559e+01	-4.717693e+01
9.600000e-07	-3.614456e-09	-7.104564e-10	-2.620118e+01	-4.692863e+01
9.700000e-07	-3.581854e-09	-7.123828e-10	-2.596485e+01	-4.667647e+01
9.800000e-07	-3.548928e-09	-7.126624e-10	-2.572617e+01	-4.642030e+01
9.900000e-07	-3.515657e-09	-7.038281e-10	-2.548499e+01	-4.615996e+01
1.000000e-06	-3.482024e-09	-6.929769e-10	-2.524119e+01	-4.589534e+01
1.010000e-06	-3.448000e-09	-6.917631e-10	-2.499455e+01	-4.562632e+01
1.020000e-06	-3.413571e-09	-6.939978e-10	-2.474498e+01	-4.535282e+01
1.030000e-06	-3.378750e-09	-6.889901e-10	-2.449256e+01	-4.507480e+01
1.040000e-06	-3.343585e-09	-6.793894e-10	-2.423765e+01	-4.479221e+01
1.050000e-06	-3.308147e-09	-6.755808e-10	-2.398077e+01	-4.450504e+01
1.060000e-06	-3.272491e-09	-6.763298e-10	-2.372229e+01	-4.421330e+01
1.070000e-06	-3.236660e-09	-6.732251e-10	-2.346255e+01	-4.391704e+01
1.080000e-06	-3.200692e-09	-6.646484e-10	-2.320182e+01	-4.361632e+01
1.090000e-06	-3.164584e-09	-6.569682e-10	-2.294007e+01	-4.331121e+01
1.100000e-06	-3.128325e-09	-6.536825e-10	-2.267723e+01	-4.300182e+01
1.110000e-06	-3.091900e-09	-6.495388e-10	-2.241319e+01	-4.268828e+01
1.120000e-06	-3.055276e-09	-6.417777e-10	-2.214770e+01	-4.237073e+01
1.130000e-06	-3.018455e-09	-6.336927e-10	-2.188079e+01	-4.204932e+01
1.140000e-06	-2.981407e-09	-6.310851e-10	-2.161223e+01	-4.172422e+01
1.150000e-06	-2.944120e-09	-6.300445e-10	-2.134194e+01	-4.139564e+01
1.160000e-06	-2.906620e-09	-6.252380e-10	-2.107010e+01	-4.106374e+01
1.170000e-06	-2.868919e-09	-6.169323e-10	-2.079681e+01	-4.072875e+01
1.180000e-06	-2.831031e-09	-6.109572e-10	-2.052215e+01	-4.039087e+01
1.190000e-06	-2.792956e-09	-6.064027e-10	-2.024615e+01	-4.005030e+01
1.200000e-06	-2.754685e-09	-5.999808e-10	-1.996873e+01	-3.970725e+01
1.210000e-06	-2.716214e-09	-5.906333e-10	-1.968985e+01	-3.936194e+01
1.220000e-06	-2.677558e-09	-5.835192e-10	-1.940964e+01	-3.901456e+01
1.230000e-06	-2.638691e-09	-5.795257e-10	-1.912789e+01	-3.866531e+01
1.240000e-06	-2.599605e-09	-5.782090e-10	-1.884455e+01	-3.831437e+01
1.250000e-06	-2.560344e-09	-5.760486e-10	-1.855995e+01	-3.796191e+01
1.260000e-06	-2.520926e-09	-5.709463e-10	-1.827421e+01	-3.760808e+01
1.270000e-06	-2.481361e-09	-5.642463e-10	-1.798740e+01	-3.725303e+01
1.280000e-06	-2.441666e-09	-5.578034e-10	-1.769965e+01	-3.689688e+01
1.290000e-06	-2.401865e-09	-5.504321e-10	-1.741114e+01	-3.653972e+01
1.300000e-06	-2.361969e-09	-5.424920e-10	-1.712193e+01	-3.618164e+01
1.310000e-06	-2.321979e-09	-5.352142e-10	-1.683204e+01	-3.582269e+01
1.320000e-06	-2.281899e-09	-5.292353e-10	-1.654150e+01	-3.546291e+01
1.330000e-06	-2.241708e-09	-5.234305e-10	-1.625016e+01	-3.510230e+01
1.340000e-06	-2.201389e-09	-5.181709e-10	-1.595788e+01	-3.474085e+01
1.350000e-06	-2.160923e-09	-5.132591e-10	-1.566455e+01	-3.437852e+01
1.360000e-06	-2.120280e-09	-5.066393e-10	-1.536993e+01	-3.401524e+01
1.370000e-06	-2.079440e-09	-4.988286e-10	-1.507388e+01	-3.365092e+01
1.380000e-06	-2.038411e-09	-4.926051e-10	-1.477646e+01	-3.328546e+01
1.390000e-06	-1.997205e-09	-4.877110e-10	-1.447776e+01	-3.291870e+01
1.400000e-06	-1.955786e-09	-4.811001e-10	-1.417752e+01	-3.255050e+01
1.410000e-06	-1.914124e-09	-4.724815e-10	-1.387552e+01	-3.218069e+01
1.420000e-06	-1.872222e-09	-4.640185e-10	-1.357177e+01	-3.180905e+01
1.430000e-06	-1.830090e-09	-4.581596e-10	-1.326636e+01	-3.143539e+01
1.440000e-06	-1.787732e-09	-4.542484e-10	-1.295931e+01	-3.105946e+01
1.450000e-06	-1.745154e-09	-4.494369e-10	-1.265066e+01	-3.068104e+01
1.460000e-06	-1.702373e-09	-4.419732e-10	-1.234054e+01	-3.029986e+01
1.470000e-06	-1.659398e-09	-4.350764e-10	-1.202902e+01	-2.991568e+01
1.480000e-06	-1.616254e-09	-4.304174e-10	-1.171628e+01	-2.952821e+01
1.490000e-06	-1.572950e-09	-4.250634e-10	-1.140237e+01	-2.913719e+01
1.500000e-06	-1.529495e-09	-4.159577e-10	-1.108736e+01	-2.874235e+01
1.510000e-06	-1.485927e-09	-4.071103e-10	-1.077153e+01	-2.834341e+01
1.520000e-06	-1.442270e-09	-4.033334e-10	-1.045506e+01	-2.794011e+01
1.530000e-06	-1.398518e-09	-4.029759e-10	-1.013790e+01	-2.753218e+01
1.540000e-06	-1.354696e-09	-3.989448e-10	-9.820241e+00	-2.711936e+01
1.550000e-06	-1.310834e-09	-3.901454e-10	-9.502281e+00	-2.670141e+01
1.560000e-06	-1.266930e-09	-3.820749e-10	-9.184026e+00	-2.627810e+01
1.570000e-06	-1.222981e-09	-3.776657e-10	-8.865439e+00	-2.584919e+01
1.580000e-06	-1.178985e-09	-3.739023e-10	-8.546510e+00	-2.541449e+01
1.590000e-06	-1.134940e-09	-3.677646e-10	-8.227227e+00	-2.497380e+01
1.600000e-06	-1.090840e-09	-3.601385e-10	-7.907543e+00	-2.452695e+01
1.610000e-06	-1.046683e-09	-3.544703e-10	-7.587453e+00	-2.407378e+01
1.620000e-06	-1.002483e-09	-3.502768e-10	-7.267045e+00	-2.361416e+01
1.630000e-06	-9.582369e-10	-3.454867e-10	-6.946306e+00	-2.314797e+01
1.640000e-06	-9.139354e-10	-3.395258e-10	-6.625165e+00	-2.267511e+01
1.650000e-06	-8.695791e-10	-3.345333e-10	-6.303626e+00	-2.219551e+01
1.660000e-06	-8.251801e-10	-3.311825e-10	-5.981778e+00	-2.170911e+01
1.670000e-06	-7.807459e-10	-3.260532e-10	-5.659674e+00	-2.121588e+01
1.680000e-06	-7.362775e-10	-3.172182e-10	-5.337323e+00	-2.071581e+01
1.690000e-06	-6.917777e-10	-3.084220e-10	-5.014744e+00	-2.020889e+01
1.700000e-06	-6.472276e-10	-3.022308e-10	-4.691802e+00	-1.969515e+01
1.710000e-06	-6.026159e-10	-2.955553e-10	-4.368412e+00	-1.917462e+01
1.720000e-06	-5.579628e-10	-2.864440e-10	-4.044722e+00	-1.864736e+01
1.730000e-06	-5.132998e-10	-2.772960e-10	-3.720960e+00	-1.811344e+01
1.740000e-06	-4.686079e-10	-2.707573e-10	-3.396990e+00	-1.757294e+01
1.750000e-06	-4.238647e-10	-2.647879e-10	-3.072647e+00	-1.702596e+01
1.760000e-06	-3.790914e-10	-2.567753e-10	-2.748086e+00	-1.647259e+01
1.770000e-06	-3.342860e-10	-2.467345e-10	-2.423292e+00	-1.591294e+01
1.780000e-06	-2.894266e-10	-2.379230e-10	-2.098107e+00	-1.534715e+01
1.790000e-06	-2.445270e-10	-2.306818e-10	-1.772632e+00	-1.477532e+01
1.800000e-06	-1.996244e-10	-2.226551e-10	-1.447133e+00	-1.419759e+01
1.810000e-06	-1.547346e-10	-2.128105e-10	-1.121729e+00	-1.361409e+01
1.820000e-06	-1.098560e-10	-2.032630e-10	-7.964047e-01	-1.302494e+01
1.830000e-06	-6.497727e-11	-1.950046e-10	-4.710796e-01	-1.243028e+01
1.840000e-06	-2.008083e-11	-1.860890e-10	-1.456265e-01	-1.183022e+01
1.850000e-06	2.480903e-11	-1.750248e-10	1.797790e-01	-1.122490e+01
1.860000e-06	6.969044e-11	-1.648611e-10	5.051233e-01	-1.061442e+01
1.870000e-06	1.145713e-10	-1.578919e-10	8.304636e-01	-9.998909e+00
1.880000e-06	1.594325e-10	-1.516983e-10	1.155662e+00	-9.378459e+00
1.890000e-06	2.042862e-10	-1.433015e-10	1.480805e+00	-8.753174e+00
1.900000e-06	2.491392e-10	-1.329221e-10	1.805944e+00	-8.123143e+00
1.910000e-06	2.939868e-10	-1.216932e-10	2.131044e+00	-7.488451e+00
1.920000e-06	3.388150e-10	-1.104735e-10	2.456002e+00	-6.849172e+00
1.930000e-06	3.836163e-10	-9.845235e-11	2.780766e+00	-6.205374e+00
1.940000e-06	4.283781e-10	-8.540162e-11	3.105243e+00	-5.557119e+00
1.950000e-06	4.730849e-10	-7.506211e-11	3.429322e+00	-4.904459e+00
1.960000e-06	5.177399e-10	-6.934165e-11	3.753026e+00	-4.247444e+00
1.970000e-06	5.623505e-10	-6.528827e-11	4.076407e+00	-3.586114e+00
1.980000e-06	6.069200e-10	-5.841395e-11	4.399490e+00	-2.920510e+00
1.990000e-06	6.514442e-10	-4.746231e-11	4.722245e+00	-2.250664e+00
2.000000e-06	6.959213e-10	-3.249230e-11	5.044660e+00	-1.576612e+00
2.010000e-06	7.403609e-10	-1.577166e-11	5.366802e+00	-8.983842e-01
2.020000e-06	7.847700e-10	-1.321576e-12	5.688724e+00	-2.160153e-01
2.030000e-06	8.291239e-10	8.628345e-12	6.010245e+00	4.704593e-01
2.040000e-06	8.734217e-10	1.451057e-11	6.331360e+00	1.161000e+00
2.050000e-06	9.176910e-10	1.902330e-11	6.652268e+00	1.855562e+00
2.060000e-06	9.619161e-10	2.446075e-11	6.972856e+00	2.554093e+00
2.070000e-06	1.006085e-09	3.279838e-11	7.293036e+00	3.256532e+00
2.080000e-06	1.050211e-09	4.621630e-11	7.612908e+00	3.962809e+00
2.090000e-06	1.094299e-09	6.361336e-11	7.932502e+00	4.672841e+00
2.100000e-06	1.138348e-09	8.133774e-11	8.251816e+00	5.386533e+00
2.110000e-06	1.182354e-09	9.612556e-11	8.570817e+00	6.103775e+00
2.120000e-06	1.226312e-09	1.082751e-10	8.889465e+00	6.824443e+00
2.130000e-06	1.270224e-09	1.178934e-10	9.207784e+00	7.548395e+00
2.140000e-06	1.314090e-09	1.240276e-10	9.525772e+00	8.275472e+00
2.150000e-06	1.357913e-09	1.297441e-10	9.843442e+00	9.005498e+00
2.160000e-06	1.401687e-09	1.392469e-10	1.016077e+01	9.738277e+00
2.170000e-06	1.445394e-09	1.529473e-10	1.047760e+01	1.047359e+01
2.180000e-06	1.489025e-09	1.678885e-10	1.079388e+01	1.121122e+01
2.190000e-06	1.532553e-09	1.807354e-10	1.110941e+01	1.195089e+01
2.200000e-06	1.575938e-09	1.917440e-10	1.142391e+01	1.269234e+01
2.210000e-06	1.619168e-09	2.031376e-10	1.173728e+01	1.343528e+01
2.220000e-06	1.662243e-09	2.135267e-10	1.204953e+01	1.417941e+01
2.230000e-06	1.705142e-09	2.215195e-10	1.236050e+01	1.492438e+01
2.240000e-06	1.747843e-09	2.303135e-10	1.267004e+01	1.566987e+01
2.250000e-06	1.790308e-09	2.425970e-10	1.297787e+01	1.641552e+01
2.260000e-06	1.832525e-09	2.559451e-10	1.328390e+01	1.716095e+01
2.270000e-06	1.874500e-09	2.666166e-10	1.358817e+01	1.790578e+01
2.280000e-06	1.916223e-09	2.748635e-10	1.389062e+01	1.864961e+01
2.290000e-06	1.957699e-09	2.838274e-10	1.419127e+01	1.939205e+01
2.300000e-06	1.998965e-09	2.935179e-10	1.449041e+01	2.013268e+01
2.310000e-06	2.040025e-09	3.026354e-10	1.478805e+01	2.087108e+01
2.320000e-06	2.080877e-09	3.117125e-10	1.508418e+01	2.160684e+01
2.330000e-06	2.121540e-09	3.226752e-10	1.537895e+01	2.233954e+01
2.340000e-06	2.162028e-09	3.354769e-10	1.567245e+01	2.306875e+01
2.350000e-06	2.202373e-09	3.465300e-10	1.596491e+01	2.379406e+01
2.360000e-06	2.242597e-09	3.546248e-10	1.625649e+01	2.451505e+01
2.370000e-06	2.282725e-09	3.629440e-10	1.654738e+01	2.523133e+01
2.380000e-06	2.322761e-09	3.735956e-10	1.683760e+01	2.594249e+01
2.390000e-06	2.362701e-09	3.847033e-10	1.712713e+01	2.664814e+01
2.400000e-06	2.402554e-09	3.945725e-10	1.741602e+01	2.734792e+01
2.410000e-06	2.442297e-09	4.049547e-10	1.770413e+01	2.804147e+01
2.420000e-06	2.481925e-09	4.175455e-10	1.799139e+01	2.872843e+01
2.430000e-06	2.521406e-09	4.300445e-10	1.827758e+01	2.940848e+01
2.440000e-06	2.560702e-09	4.401515e-10	1.856244e+01	3.008132e+01
2.450000e-06	2.599822e-09	4.484412e-10	1.884602e+01	3.074666e+01
2.460000e-06	2.638734e-09	4.561080e-10	1.912809e+01	3.140422e+01
2.470000e-06	2.677433e-09	4.642247e-10	1.940862e+01	3.205376e+01
2.480000e-06	2.715924e-09	4.732003e-10	1.968764e+01	3.269505e+01
2.490000e-06	2.754213e-09	4.831724e-10	1.996520e+01	3.332789e+01
2.500000e-06	2.792322e-09	4.941993e-10	2.024145e+01	3.395211e+01
2.510000e-06	2.830258e-09	5.061295e-10	2.051645e+01	3.456753e+01
2.520000e-06	2.868024e-09	5.175666e-10	2.079021e+01	3.517402e+01
2.530000e-06	2.905591e-09	5.268643e-10	2.106254e+01	3.577147e+01
2.540000e-06	2.942946e-09	5.342696e-10	2.133333e+01	3.635978e+01
2.550000e-06	2.980091e-09	5.412851e-10	2.160259e+01	3.693888e+01
2.560000e-06	3.017018e-09	5.490153e-10	2.187027e+01	3.750872e+01
2.570000e-06	3.053716e-09	5.577867e-10	2.213629e+01	3.806927e+01
2.580000e-06	3.090189e-09	5.673623e-10	2.240069e+01	3.862050e+01
2.590000e-06	3.126496e-09	5.771031e-10	2.266388e+01	3.916242e+01
2.600000e-06	3.162668e-09	5.869136e-10	2.292609e+01	3.969505e+01
2.610000e-06	3.198716e-09	5.968610e-10	2.318740e+01	4.021840e+01
2.620000e-06	3.234659e-09	6.050803e-10	2.344795e+01	4.073254e+01
2.630000e-06	3.270467e-09	6.107173e-10	2.370753e+01	4.123751e+01
2.640000e-06	3.306102e-09	6.162972e-10	2.396584e+01	4.173338e+01
2.650000e-06	3.341523e-09	6.237315e-10	2.422261e+01	4.222022e+01
2.660000e-06	3.376643e-09	6.323295e-10	2.447720e+01	4.269811e+01
2.670000e-06	3.411395e-09	6.416285e-10	2.472911e+01	4.316713e+01
2.680000e-06	3.445767e-09	6.504147e-10	2.497827e+01	4.362739e+01
2.690000e-06	3.479726e-09	6.568410e-10	2.522444e+01	4.407897e+01
2.700000e-06	3.513252e-09	6.618893e-10	2.546747e+01	4.452198e+01
2.710000e-06	3.546372e-09	6.678711e-10	2.570755e+01	4.495650e+01
2.720000e-06	3.579148e-09	6.746736e-10	2.594514e+01	4.538264e+01
2.730000e-06	3.611642e-09	6.810999e-10	2.618070e+01	4.580049e+01
2.740000e-06	3.643908e-09	6.877155e-10	2.641459e+01	4.621015e+01
2.750000e-06	3.676010e-09	6.944845e-10	2.664730e+01	4.661171e+01
2.760000e-06	3.707969e-09	7.003984e-10	2.687897e+01	4.700526e+01
2.770000e-06	3.739775e-09	7.048064e-10	2.710953e+01	4.739089e+01
2.780000e-06	3.771394e-09	7.082418e-10	2.733874e+01	4.776868e+01
2.790000e-06	3.802758e-09	7.133441e-10	2.756610e+01	4.813871e+01
2.800000e-06	3.833834e-09	7.215131e-10	2.779137e+01	4.850106e+01
2.810000e-06	3.864608e-09	7.295476e-10	2.801445e+01	4.885579e+01
2.820000e-06	3.895078e-09	7.351376e-10	2.823532e+01	4.920299e+01
2.830000e-06	3.925287e-09	7.390990e-10	2.845431e+01	4.954270e+01
2.840000e-06	3.955256e-09	7.424817e-10	2.867155e+01	4.987500e+01
2.850000e-06	3.984989e-09	7.459647e-10	2.888709e+01	5.019994e+01
2.860000e-06	4.014499e-09	7.500779e-10	2.910101e+01	5.051759e+01
2.870000e-06	4.043753e-09	7.546093e-10	2.931307e+01	5.082800e+01
2.880000e-06	4.072705e-09	7.589861e-10	2.952295e+01	5.113122e+01
2.890000e-06	4.101350e-09	7.627628e-10	2.973060e+01	5.142731e+01
2.900000e-06	4.129739e-09	7.669276e-10	2.993638e+01	5.171634e+01
2.910000e-06	4.157926e-09	7.726266e-10	3.014071e+01	5.199835e+01
2.920000e-06	4.185953e-09	7.775340e-10	3.034388e+01	5.227340e+01
2.930000e-06	4.213823e-09	7.797948e-10	3.054591e+01	5.254157e+01
2.940000e-06	4.241491e-09	7.822835e-10	3.074648e+01	5.280291e+01
2.950000e-06	4.268880e-09	7.876964e-10	3.094502e+01	5.305750e+01
2.960000e-06	4.295872e-09	7.939201e-10	3.114069e+01	5.330541e+01
2.970000e-06	4.322386e-09	7.981252e-10	3.133289e+01	5.354671e+01
2.980000e-06	4.348366e-09	8.013109e-10	3.152121e+01	5.378149e+01
2.990000e-06	4.373823e-09	8.048535e-10	3.170575e+01	5.400983e+01
3.000000e-06	4.398790e-09	8.084243e-10	3.188674e+01	5.423184e+01
3.010000e-06	4.423349e-09	8.107532e-10	3.206476e+01	5.444761e+01
3.020000e-06	4.447625e-09	8.113735e-10	3.224074e+01	5.465723e+01
3.030000e-06	4.471670e-09	8.126858e-10	3.241504e+01	5.486083e+01
3.040000e-06	4.495488e-09	8.167632e-10	3.258770e+01	5.505851e+01
3.050000e-06	4.519043e-09	8.210546e-10	3.275845e+01	5.525039e+01
3.060000e-06	4.542294e-09	8.221634e-10	3.292699e+01	5.543660e+01
3.070000e-06	4.565218e-09	8.222868e-10	3.309317e+01	5.561725e+01
3.080000e-06	4.587820e-09	8.253768e-10	3.325701e+01	5.579248e+01
3.090000e-06	4.610120e-09	8.300947e-10	3.341866e+01	5.596241e+01
3.100000e-06	4.632126e-09	8.330810e-10	3.357818e+01	5.612718e+01
3.110000e-06	4.653845e-09	8.360401e-10	3.373563e+01	5.628691e+01
3.120000e-06	4.675252e-09	8.408647e-10	3.389081e+01	5.644174e+01
3.130000e-06	4.696306e-09	8.451523e-10	3.404343e+01	5.659179e+01
3.140000e-06	4.717027e-09	8.457157e-10	3.419364e+01	5.673720e+01
3.150000e-06	4.737460e-09	8.440931e-10	3.434175e+01	5.687807e+01
3.160000e-06	4.757649e-09	8.445515e-10	3.448811e+01	5.701455e+01
3.170000e-06	4.777647e-09	8.485863e-10	3.463307e+01	5.714672e+01
3.180000e-06	4.797449e-09	8.534976e-10	3.477661e+01	5.727472e+01
3.190000e-06	4.816999e-09	8.572984e-10	3.491833e+01	5.739862e+01
3.200000e-06	4.836212e-09	8.611527e-10	3.505761e+01	5.751854e+01
3.210000e-06	4.855009e-09	8.654168e-10	3.519387e+01	5.763455e+01
3.220000e-06	4.873362e-09	8.678204e-10	3.532691e+01	5.774673e+01
3.230000e-06	4.891310e-09	8.673651e-10	3.545701e+01	5.785515e+01
3.240000e-06	4.908919e-09	8.657518e-10	3.558466e+01	5.795986e+01
3.250000e-06	4.926236e-09	8.645530e-10	3.571020e+01	5.806092e+01
3.260000e-06	4.943293e-09	8.652322e-10	3.583384e+01	5.815836e+01
3.270000e-06	4.960080e-09	8.683198e-10	3.595553e+01	5.825222e+01
3.280000e-06	4.976525e-09	8.737553e-10	3.607475e+01	5.834250e+01
3.290000e-06	4.992537e-09	8.797869e-10	3.619082e+01	5.842923e+01
3.300000e-06	5.008050e-09	8.840575e-10	3.630326e+01	5.851240e+01
3.310000e-06	5.023067e-09	8.855879e-10	3.641213e+01	5.859202e+01
3.320000e-06	5.037644e-09	8.849178e-10	3.651780e+01	5.866805e+01
3.330000e-06	5.051846e-09	8.835135e-10	3.662075e+01	5.874050e+01
3.340000e-06	5.065712e-09	8.833264e-10	3.672126e+01	5.880932e+01
3.350000e-06	5.079215e-09	8.849518e-10	3.681914e+01	5.887450e+01
3.360000e-06	5.092328e-09	8.876206e-10	3.691420e+01	5.893600e+01
3.370000e-06	5.105071e-09	8.899914e-10	3.700657e+01	5.899379e+01
3.380000e-06	5.117466e-09	8.915287e-10	3.709643e+01	5.904783e+01
3.390000e-06	5.129528e-09	8.917298e-10	3.718386e+01	5.909809e+01
3.400000e-06	5.141261e-09	8.897637e-10	3.726891e+01	5.914454e+01
3.410000e-06	5.152593e-09	8.873193e-10	3.735106e+01	5.918715e+01
3.420000e-06	5.163420e-09	8.868095e-10	3.742955e+01	5.922590e+01
3.430000e-06	5.173644e-09	8.896486e-10	3.750367e+01	5.926078e+01
3.440000e-06	5.183240e-09	8.945645e-10	3.757323e+01	5.929177e+01
3.450000e-06	5.192278e-09	8.985434e-10	3.763874e+01	5.931889e+01
3.460000e-06	5.200854e-09	8.996331e-10	3.770091e+01	5.934214e+01
3.470000e-06	5.209103e-09	8.978274e-10	3.776070e+01	5.936154e+01
3.480000e-06	5.217117e-09	8.947678e-10	3.781880e+01	5.937713e+01
3.490000e-06	5.224903e-09	8.932544e-10	3.787524e+01	5.938897e+01
3.500000e-06	5.232389e-09	8.950463e-10	3.792951e+01	5.939712e+01
3.510000e-06	5.239518e-09	8.993752e-10	3.798118e+01	5.940165e+01
3.520000e-06	5.246278e-09	9.036686e-10	3.803019e+01	5.940266e+01
3.530000e-06	5.252669e-09	9.054818e-10	3.807652e+01	5.940026e+01
3.540000e-06	5.258712e-09	9.046078e-10	3.812032e+01	5.939457e+01
3.550000e-06	5.264408e-09	9.025348e-10	3.816161e+01	5.938573e+01
3.560000e-06	5.269723e-09	9.013925e-10	3.820014e+01	5.937390e+01
3.570000e-06	5.274643e-09	9.017179e-10	3.823581e+01	5.935925e+01
3.580000e-06	5.279202e-09	9.032429e-10	3.826886e+01	5.934194e+01
3.590000e-06	5.283475e-09	9.062437e-10	3.829984e+01	5.932219e+01
3.600000e-06	5.287522e-09	9.096545e-10	3.832918e+01	5.930019e+01
3.610000e-06	5.291339e-09	9.118176e-10	3.835684e+01	5.927616e+01
3.620000e-06	5.294863e-09	9.116333e-10	3.838239e+01	5.925032e+01
3.630000e-06	5.297981e-09	9.101619e-10	3.840499e+01	5.922289e+01
3.640000e-06	5.300578e-09	9.099754e-10	3.842382e+01	5.919412e+01
3.650000e-06	5.302592e-09	9.116454e-10	3.843842e+01	5.916423e+01
3.660000e-06	5.304008e-09	9.143358e-10	3.844869e+01	5.913346e+01
3.670000e-06	5.304882e-09	9.169829e-10	3.845502e+01	5.910205e+01
3.680000e-06	5.305357e-09	9.182349e-10	3.845846e+01	5.907023e+01
3.690000e-06	5.305547e-09	9.185046e-10	3.845984e+01	5.903822e+01
3.700000e-06	5.305504e-09	9.168887e-10	3.845952e+01	5.900625e+01
3.710000e-06	5.305215e-09	9.120882e-10	3.845744e+01	5.897450e+01
3.720000e-06	5.304596e-09	9.083243e-10	3.845294e+01	5.894319e+01
3.730000e-06	5.303593e-09	9.079715e-10	3.844568e+01	5.891248e+01
3.740000e-06	5.302220e-09	9.093113e-10	3.843573e+01	5.888253e+01
3.750000e-06	5.300499e-09	9.092951e-10	3.842325e+01	5.885349e+01
3.760000e-06	5.298486e-09	9.221542e-10	3.840866e+01	5.882548e+01
3.770000e-06	5.296189e-09	9.570741e-10	3.839200e+01	5.879860e+01
3.780000e-06	5.293516e-09	9.196847e-10	3.837263e+01	5.877292e+01
3.790000e-06	5.290389e-09	8.024314e-10	3.834997e+01	5.874849e+01
3.800000e-06	5.286830e-09	8.219992e-10	3.832416e+01	5.872533e+01
3.810000e-06	5.282944e-09	9.321002e-10	3.829600e+01	5.870343e+01
3.820000e-06	5.278859e-09	9.438858e-10	3.826638e+01	5.868277e+01
3.830000e-06	5.274566e-09	8.424012e-10	3.823526e+01	5.866329e+01
3.840000e-06	5.269880e-09	8.536201e-10	3.820130e+01	5.864489e+01
3.850000e-06	5.264647e-09	1.013517e-09	3.816337e+01	5.862745e+01
3.860000e-06	5.258918e-09	9.752846e-10	3.812184e+01	5.861084e+01
3.870000e-06	5.252826e-09	7.877180e-10	3.807768e+01	5.859488e+01
3.880000e-06	5.246288e-09	7.796609e-10	3.803029e+01	5.857938e+01
3.890000e-06	5.239172e-09	9.557034e-10	3.797870e+01	5.856410e+01
3.900000e-06	5.231571e-09	9.281512e-10	3.792361e+01	5.854882e+01
3.910000e-06	5.223657e-09	7.875385e-10	3.786623e+01	5.853326e+01
3.920000e-06	5.215461e-09	8.785804e-10	3.780682e+01	5.851713e+01
3.930000e-06	5.206951e-09	1.032546e-09	3.774514e+01	5.850014e+01
3.940000e-06	5.198139e-09	9.069475e-10	3.768125e+01	5.848196e+01
3.950000e-06	5.189029e-09	7.521288e-10	3.761522e+01	5.846228e+01
3.960000e-06	5.179546e-09	8.834097e-10	3.754648e+01	5.844074e+01
3.970000e-06	5.169651e-09	9.886688e-10	3.747475e+01	5.841702e+01
3.980000e-06	5.159408e-09	8.494591e-10	3.740050e+01	5.839075e+01
3.990000e-06	5.148807e-09	8.116099e-10	3.732365e+01	5.836159e+01
4.000000e-06	5.137806e-09	9.858204e-10	3.724390e+01	5.832919e+01
4.010000e-06	5.126433e-09	9.776114e-10	3.716147e+01	5.829321e+01
4.020000e-06	5.114709e-09	8.132374e-10	3.707648e+01	5.825332e+01
4.030000e-06	5.102615e-09	8.537130e-10	3.698881e+01	5.820921e+01
4.040000e-06	5.090124e-09	9.834445e-10	3.689827e+01	5.816055e+01
4.050000e-06	5.077191e-09	9.050091e-10	3.680451e+01	5.810706e+01
4.060000e-06	5.063711e-09	8.382784e-10	3.670680e+01	5.804847e+01
4.070000e-06	5.049577e-09	9.282468e-10	3.660434e+01	5.798452e+01
4.080000e-06	5.034842e-09	9.477522e-10	3.649753e+01	5.791500e+01
4.090000e-06	5.019658e-09	8.694571e-10	3.638746e+01	5.783971e+01
4.100000e-06	5.004112e-09	8.872699e-10	3.627477e+01	5.775847e+01
4.110000e-06	4.988259e-09	9.049934e-10	3.615985e+01	5.767113e+01
4.120000e-06	4.972159e-09	8.578543e-10	3.604314e+01	5.757759e+01
4.130000e-06	4.955762e-09	8.765862e-10	3.592428e+01	5.747777e+01
4.140000e-06	4.939007e-09	9.298173e-10	3.580282e+01	5.737161e+01
4.150000e-06	4.921907e-09	8.826993e-10	3.567887e+01	5.725909e+01
4.160000e-06	4.904489e-09	8.481298e-10	3.555261e+01	5.714024e+01
4.170000e-06	4.886772e-09	8.891803e-10	3.542417e+01	5.701509e+01
4.180000e-06	4.868743e-09	8.886608e-10	3.529348e+01	5.688371e+01
4.190000e-06	4.850372e-09	8.474942e-10	3.516031e+01	5.674623e+01
4.200000e-06	4.831626e-09	8.448208e-10	3.502443e+01	5.660277e+01
4.210000e-06	4.812516e-09	8.635178e-10	3.488590e+01	5.645349e+01
4.220000e-06	4.793108e-09	8.784273e-10	3.474521e+01	5.629857e+01
4.230000e-06	4.773452e-09	8.791613e-10	3.460272e+01	5.613824e+01
4.240000e-06	4.753590e-09	8.478105e-10	3.445875e+01	5.597273e+01
4.250000e-06	4.733539e-09	8.380495e-10	3.431339e+01	5.580227e+01
4.260000e-06	4.713254e-09	8.564855e-10	3.416635e+01	5.562714e+01
4.270000e-06	4.692643e-09	8.431950e-10	3.401695e+01	5.544762e+01
4.280000e-06	4.671598e-09	8.194062e-10	3.386439e+01	5.526400e+01
4.290000e-06	4.650020e-09	8.352058e-10	3.370797e+01	5.507657e+01
4.300000e-06	4.627877e-09	8.461358e-10	3.354746e+01	5.488563e+01
4.310000e-06	4.605222e-09	8.457990e-10	3.338323e+01	5.469150e+01
4.320000e-06	4.582098e-09	8.453512e-10	3.321561e+01	5.449445e+01
4.330000e-06	4.558585e-09	8.282449e-10	3.304516e+01	5.429480e+01
4.340000e-06	4.534799e-09	8.170155e-10	3.287274e+01	5.409284e+01
4.350000e-06	4.510806e-09	8.372596e-10	3.269881e+01	5.388882e+01
4.360000e-06	4.486603e-09	8.297798e-10	3.252337e+01	5.368303e+01
4.370000e-06	4.462149e-09	8.031455e-10	3.234610e+01	5.347571e+01
4.380000e-06	4.437407e-09	8.137788e-10	3.216675e+01	5.326709e+01
4.390000e-06	4.412333e-09	8.367146e-10	3.198499e+01	5.305737e+01
4.400000e-06	4.386920e-09	8.249389e-10	3.180077e+01	5.284675e+01
4.410000e-06	4.361200e-09	8.067857e-10	3.161433e+01	5.263539e+01
4.420000e-06	4.335193e-09	8.026059e-10	3.142580e+01	5.242342e+01
4.430000e-06	4.308913e-09	8.099045e-10	3.123529e+01	5.221096e+01
4.440000e-06	4.282338e-09	8.120875e-10	3.104266e+01	5.199809e+01
4.450000e-06	4.255437e-09	7.978745e-10	3.084765e+01	5.178486e+01
4.460000e-06	4.228223e-09	7.876054e-10	3.065038e+01	5.157132e+01
4.470000e-06	4.200744e-09	7.980247e-10	3.045118e+01	5.135744e+01
4.480000e-06	4.173036e-09	8.021221e-10	3.025032e+01	5.114322e+01
4.490000e-06	4.145132e-09	7.889089e-10	3.004805e+01	5.092860e+01
4.500000e-06	4.117056e-09	7.798156e-10	2.984453e+01	5.071349e+01
4.510000e-06	4.088788e-09	7.817242e-10	2.963961e+01	5.049780e+01
4.520000e-06	4.060250e-09	7.857909e-10	2.943275e+01	5.028140e+01
4.530000e-06	4.031353e-09	7.815783e-10	2.922327e+01	5.006413e+01
4.540000e-06	4.002016e-09	7.705400e-10	2.901061e+01	4.984584e+01
4.550000e-06	3.972200e-09	7.654079e-10	2.879447e+01	4.962634e+01
4.560000e-06	3.941931e-09	7.713619e-10	2.857506e+01	4.940544e+01
4.570000e-06	3.911234e-09	7.711104e-10	2.835254e+01	4.918291e+01
4.580000e-06	3.880149e-09	7.619927e-10	2.812720e+01	4.895855e+01
4.590000e-06	3.848752e-09	7.567724e-10	2.789961e+01	4.873212e+01
4.600000e-06	3.817110e-09	7.615414e-10	2.767023e+01	4.850340e+01
4.610000e-06	3.785268e-09	7.611435e-10	2.743941e+01	4.827214e+01
4.620000e-06	3.753252e-09	7.489212e-10	2.720733e+01	4.803813e+01
4.630000e-06	3.721067e-09	7.367538e-10	2.697402e+01	4.780114e+01
4.640000e-06	3.688655e-09	7.392780e-10	2.673907e+01	4.756094e+01
4.650000e-06	3.655985e-09	7.436103e-10	2.650224e+01	4.731732e+01
4.660000e-06	3.623068e-09	7.372658e-10	2.626363e+01	4.707009e+01
4.670000e-06	3.589897e-09	7.262681e-10	2.602317e+01	4.681905e+01
4.680000e-06	3.556501e-09	7.231814e-10	2.578108e+01	4.656405e+01
4.690000e-06	3.522893e-09	7.227040e-10	2.553746e+01	4.630493e+01
4.700000e-06	3.489065e-09	7.176747e-10	2.529224e+01	4.604155e+01
4.710000e-06	3.455031e-09	7.111768e-10	2.504553e+01	4.577382e+01
4.720000e-06	3.420778e-09	7.116323e-10	2.479723e+01	4.550163e+01
4.730000e-06	3.386255e-09	7.154415e-10	2.454698e+01	4.522493e+01
4.740000e-06	3.351458e-09	7.134874e-10	2.429473e+01	4.494367e+01
4.750000e-06	3.316399e-09	7.038544e-10	2.404059e+01	4.465784e+01
4.760000e-06	3.281094e-09	6.936520e-10	2.378466e+01	4.436744e+01
4.770000e-06	3.245580e-09	6.873551e-10	2.352722e+01	4.407250e+01
4.780000e-06	3.209901e-09	6.839096e-10	2.326859e+01	4.377308e+01
4.790000e-06	3.174093e-09	6.816351e-10	2.300901e+01	4.346925e+01
4.800000e-06	3.138165e-09	6.815833e-10	2.274857e+01	4.316111e+01
4.810000e-06	3.102115e-09	6.837350e-10	2.248725e+01	4.284878e+01
4.820000e-06	3.065926e-09	6.830751e-10	2.222492e+01	4.253239e+01
4.830000e-06	3.029566e-09	6.759623e-10	2.196134e+01	4.221211e+01
4.840000e-06	2.992984e-09	6.645694e-10	2.169616e+01	4.188808e+01
4.850000e-06	2.956143e-09	6.554962e-10	2.142910e+01	4.156051e+01
4.860000e-06	2.919026e-09	6.504867e-10	2.116004e+01	4.122957e+01
4.870000e-06	2.881552e-09	6.475500e-10	2.088840e+01	4.089548e+01
4.880000e-06	2.843681e-09	6.436783e-10	2.061387e+01	4.055843e+01
4.890000e-06	2.805432e-09	6.404252e-10	2.033661e+01	4.021863e+01
4.900000e-06	2.766815e-09	6.385296e-10	2.005667e+01	3.987630e+01
4.910000e-06	2.727884e-09	6.363423e-10	1.977447e+01	3.953163e+01
4.920000e-06	2.688680e-09	6.296194e-10	1.949027e+01	3.918484e+01
4.930000e-06	2.649246e-09	6.203847e-10	1.920442e+01	3.883612e+01
4.940000e-06	2.609639e-09	6.123302e-10	1.891731e+01	3.848565e+01
4.950000e-06	2.569886e-09	6.067555e-10	1.862914e+01	3.813362e+01
4.960000e-06	2.530023e-09	6.012737e-10	1.834017e+01	3.778017e+01
4.970000e-06	2.490078e-09	5.969015e-10	1.805061e+01	3.742546e+01
4.980000e-06	2.450048e-09	5.944500e-10	1.776044e+01	3.706961e+01
4.990000e-06	2.409932e-09	5.933047e-10	1.746963e+01	3.671272e+01
5.000000e-06	2.369716e-09	5.891763e-10	1.717811e+01	3.635489e+01
5.010000e-06	2.329362e-09	5.807671e-10	1.688558e+01	3.599617e+01
5.020000e-06	2.288852e-09	5.717452e-10	1.659193e+01	3.563661e+01
5.030000e-06	2.248177e-09	5.647500e-10	1.629707e+01	3.527622e+01
5.040000e-06	2.207328e-09	5.594220e-10	1.600096e+01	3.491499e+01
5.050000e-06	2.166296e-09	5.552694e-10	1.570352e+01	3.455289e+01
5.060000e-06	2.125102e-09	5.531878e-10	1.540491e+01	3.418987e+01
5.070000e-06	2.083753e-09	5.531403e-10	1.510517e+01	3.382583e+01
5.080000e-06	2.042247e-09	5.512617e-10	1.480429e+01	3.346068e+01
5.090000e-06	2.000613e-09	5.431335e-10	1.450249e+01	3.309428e+01
5.100000e-06	1.958860e-09	5.306385e-10	1.419982e+01	3.272648e+01
5.110000e-06	1.916989e-09	5.198032e-10	1.389630e+01	3.235712e+01
5.120000e-06	1.874988e-09	5.130548e-10	1.359184e+01	3.198599e+01
5.130000e-06	1.832856e-09	5.079767e-10	1.328642e+01	3.161290e+01
5.140000e-06	1.790608e-09	5.034053e-10	1.298017e+01	3.123762e+01
5.150000e-06	1.748237e-09	5.005870e-10	1.267302e+01	3.085991e+01
5.160000e-06	1.705743e-09	4.997482e-10	1.236498e+01	3.047952e+01
5.170000e-06	1.663112e-09	4.950299e-10	1.205595e+01	3.009620e+01
5.180000e-06	1.620333e-09	4.848513e-10	1.174585e+01	2.970968e+01
5.190000e-06	1.577419e-09	4.741659e-10	1.143476e+01	2.931969e+01
5.200000e-06	1.534367e-09	4.667360e-10	1.112268e+01	2.892595e+01
5.210000e-06	1.491179e-09	4.617663e-10	1.080961e+01	2.852820e+01
5.220000e-06	1.447864e-09	4.564980e-10	1.049563e+01	2.812616e+01
5.230000e-06	1.404458e-09	4.507100e-10	1.018098e+01	2.771958e+01
5.240000e-06	1.360983e-09	4.454408e-10	9.865821e+00	2.730818e+01
5.250000e-06	1.317427e-09	4.397951e-10	9.550086e+00	2.689173e+01
5.260000e-06	1.273800e-09	4.319513e-10	9.233836e+00	2.646998e+01
5.270000e-06	1.230117e-09	4.217544e-10	8.917180e+00	2.604271e+01
5.280000e-06	1.186376e-09	4.127137e-10	8.600101e+00	2.560970e+01
5.290000e-06	1.142598e-09	4.065526e-10	8.282750e+00	2.517076e+01
5.300000e-06	1.098790e-09	4.006405e-10	7.965184e+00	2.472571e+01
5.310000e-06	1.054936e-09	3.932108e-10	7.647287e+00	2.427440e+01
5.320000e-06	1.011042e-09	3.860091e-10	7.329098e+00	2.381666e+01
5.330000e-06	9.671101e-10	3.797558e-10	7.010639e+00	2.335240e+01
5.340000e-06	9.231447e-10	3.719941e-10	6.691933e+00	2.288150e+01
5.350000e-06	8.791513e-10	3.627980e-10	6.373024e+00	2.240387e+01
5.360000e-06	8.351377e-10	3.544590e-10	6.053969e+00	2.191947e+01
5.370000e-06	7.911005e-10	3.465766e-10	5.734743e+00	2.142825e+01
5.380000e-06	7.470373e-10	3.388064e-10	5.415329e+00	2.093019e+01
5.390000e-06	7.029479e-10	3.309734e-10	5.095724e+00	2.042528e+01
5.400000e-06	6.588271e-10	3.232492e-10	4.775893e+00	1.991355e+01
5.410000e-06	6.146762e-10	3.153275e-10	4.455843e+00	1.939502e+01
5.420000e-06	5.705017e-10	3.063029e-10	4.135623e+00	1.886974e+01
5.430000e-06	5.263072e-10	2.972249e-10	3.815256e+00	1.833778e+01
5.440000e-06	4.820940e-10	2.891856e-10	3.494755e+00	1.779922e+01
5.450000e-06	4.378653e-10	2.817698e-10	3.174141e+00	1.725415e+01
5.460000e-06	3.936184e-10	2.732064e-10	2.853396e+00	1.670266e+01
5.470000e-06	3.493428e-10	2.625279e-10	2.532443e+00	1.614486e+01
5.480000e-06	3.050270e-10	2.521562e-10	2.211198e+00	1.558088e+01
5.490000e-06	2.606831e-10	2.433383e-10	1.889749e+00	1.501084e+01
5.500000e-06	2.163199e-10	2.345085e-10	1.568161e+00	1.443485e+01
5.510000e-06	1.719592e-10	2.243605e-10	1.246591e+00	1.385305e+01
5.520000e-06	1.276045e-10	2.138035e-10	9.250643e-01	1.326557e+01
5.530000e-06	8.325026e-11	2.051106e-10	6.035408e-01	1.267253e+01
5.540000e-06	3.891282e-11	1.981455e-10	2.821391e-01	1.207406e+01
5.550000e-06	-5.415211e-12	1.894873e-10	-3.919430e-02	1.147029e+01
5.560000e-06	-4.974214e-11	1.770913e-10	-3.605199e-01	1.086134e+01
5.570000e-06	-9.407832e-11	1.635432e-10	-6.819125e-01	1.024731e+01
5.580000e-06	-1.384227e-10	1.524367e-10	-1.003365e+00	9.628313e+00
5.590000e-06	-1.827642e-10	1.434521e-10	-1.324795e+00	9.004451e+00
5.600000e-06	-2.271049e-10	1.338029e-10	-1.646221e+00	8.375817e+00
5.610000e-06	-2.714398e-10	1.230079e-10	-1.967604e+00	7.742495e+00
5.620000e-06	-3.157529e-10	1.127203e-10	-2.288829e+00	7.104563e+00
5.630000e-06	-3.600335e-10	1.026078e-10	-2.609819e+00	6.462092e+00
5.640000e-06	-4.042798e-10	9.068534e-11	-2.930560e+00	5.815143e+00
5.650000e-06	-4.484955e-10	7.719581e-11	-3.251080e+00	5.163773e+00
5.660000e-06	-4.926805e-10	6.494830e-11	-3.571376e+00	4.508031e+00
5.670000e-06	-5.368388e-10	5.621241e-11	-3.891480e+00	3.847960e+00
5.680000e-06	-5.809761e-10	4.924906e-11	-4.211431e+00	3.183601e+00
5.690000e-06	-6.250886e-10	4.132548e-11	-4.531203e+00	2.514989e+00
5.700000e-06	-6.691734e-10	3.083355e-11	-4.850774e+00	1.842158e+00
5.710000e-06	-7.132258e-10	1.871389e-11	-5.170111e+00	1.165140e+00
5.720000e-06	-7.572552e-10	7.163671e-12	-5.489280e+00	4.839687e-01
5.730000e-06	-8.012728e-10	-4.157274e-12	-5.808364e+00	-2.013214e-01
5.740000e-06	-8.452651e-10	-1.572884e-11	-6.127265e+00	-8.906918e-01
5.750000e-06	-8.892243e-10	-2.599807e-11	-6.445926e+00	-1.584099e+00
5.760000e-06	-9.331563e-10	-3.491331e-11	-6.764389e+00	-2.281493e+00
5.770000e-06	-9.770559e-10	-4.454581e-11	-7.082617e+00	-2.982816e+00
5.780000e-06	-1.020922e-09	-5.700265e-11	-7.400600e+00	-3.688001e+00
5.790000e-06	-1.064754e-09	-7.105387e-11	-7.718339e+00	-4.396967e+00
5.800000e-06	-1.108544e-09	-8.386284e-11	-8.035774e+00	-5.109624e+00
5.810000e-06	-1.152290e-09	-9.483062e-11	-8.352895e+00	-5.825867e+00
5.820000e-06	-1.195990e-09	-1.055152e-10	-8.669675e+00	-6.545574e+00
5.830000e-06	-1.239624e-09	-1.164729e-10	-8.985975e+00	-7.268610e+00
5.840000e-06	-1.283189e-09	-1.270163e-10	-9.301780e+00	-7.994820e+00
5.850000e-06	-1.326687e-09	-1.380103e-10	-9.617094e+00	-8.724034e+00
5.860000e-06	-1.370105e-09	-1.506373e-10	-9.931833e+00	-9.456060e+00
5.870000e-06	-1.413431e-09	-1.646634e-10	-1.024590e+01	-1.019069e+01
5.880000e-06	-1.456647e-09	-1.775564e-10	-1.055918e+01	-1.092770e+01
5.890000e-06	-1.499757e-09	-1.872122e-10	-1.087167e+01	-1.166683e+01
5.900000e-06	-1.542744e-09	-1.949522e-10	-1.118329e+01	-1.240783e+01
5.910000e-06	-1.585593e-09	-2.048149e-10	-1.149390e+01	-1.315040e+01
5.920000e-06	-1.628306e-09	-2.181202e-10	-1.180352e+01	-1.389425e+01
5.930000e-06	-1.670884e-09	-2.333267e-10	-1.211217e+01	-1.463905e+01
5.940000e-06	-1.713340e-09	-2.489256e-10	-1.241993e+01	-1.538446e+01
5.950000e-06	-1.755666e-09	-2.631645e-10	-1.272676e+01	-1.613013e+01
5.960000e-06	-1.797868e-09	-2.744371e-10	-1.303268e+01	-1.687570e+01
5.970000e-06	-1.839961e-09	-2.827708e-10	-1.333781e+01	-1.762079e+01
5.980000e-06	-1.881947e-09	-2.900323e-10	-1.364217e+01	-1.836500e+01
5.990000e-06	-1.923834e-09	-2.988817e-10	-1.394580e+01	-1.910793e+01
6.000000e-06	-1.965622e-09	-3.104298e-10	-1.424873e+01	-1.984917e+01
6.010000e-06	-2.007283e-09	-3.244812e-10	-1.455073e+01	-2.058831e+01
6.020000e-06	-2.048776e-09	-3.400093e-10	-1.485151e+01	-2.132493e+01
6.030000e-06	-2.090120e-09	-3.550673e-10	-1.515121e+01	-2.205861e+01
6.040000e-06	-2.131323e-09	-3.677925e-10	-1.544989e+01	-2.278894e+01
6.050000e-06	-2.172330e-09	-3.772419e-10	-1.574715e+01	-2.351548e+01
6.060000e-06	-2.213133e-09	-3.846508e-10	-1.604293e+01	-2.423783e+01
6.070000e-06	-2.253742e-09	-3.926640e-10	-1.633731e+01	-2.495558e+01
6.080000e-06	-2.294165e-09	-4.024934e-10	-1.663033e+01	-2.566833e+01
6.090000e-06	-2.334447e-09	-4.141437e-10	-1.692234e+01	-2.637569e+01
6.100000e-06	-2.374611e-09	-4.272834e-10	-1.721348e+01	-2.707728e+01
6.110000e-06	-2.414684e-09	-4.402759e-10	-1.750397e+01	-2.777274e+01
6.120000e-06	-2.454683e-09	-4.525130e-10	-1.779392e+01	-2.846173e+01
6.130000e-06	-2.494609e-09	-4.635815e-10	-1.808335e+01	-2.914390e+01
6.140000e-06	-2.534455e-09	-4.730630e-10	-1.837220e+01	-2.981894e+01
6.150000e-06	-2.574207e-09	-4.824460e-10	-1.866035e+01	-3.048657e+01
6.160000e-06	-2.613843e-09	-4.925665e-10	-1.894768e+01	-3.114650e+01
6.170000e-06	-2.653324e-09	-5.025149e-10	-1.923388e+01	-3.179848e+01
6.180000e-06	-2.692607e-09	-5.138873e-10	-1.951864e+01	-3.244228e+01
6.190000e-06	-2.731632e-09	-5.276006e-10	-1.980153e+01	-3.307769e+01
6.200000e-06	-2.770384e-09	-5.408397e-10	-2.008244e+01	-3.370452e+01
6.210000e-06	-2.808863e-09	-5.506942e-10	-2.036137e+01	-3.432261e+01
6.220000e-06	-2.846991e-09	-5.580957e-10	-2.063776e+01	-3.493181e+01
6.230000e-06	-2.884701e-09	-5.659505e-10	-2.091112e+01	-3.553200e+01
6.240000e-06	-2.922022e-09	-5.745874e-10	-2.118166e+01	-3.612308e+01
6.250000e-06	-2.959007e-09	-5.827843e-10	-2.144976e+01	-3.670497e+01
6.260000e-06	-2.995681e-09	-5.906956e-10	-2.171561e+01	-3.727761e+01
6.270000e-06	-3.032095e-09	-6.002795e-10	-2.197958e+01	-3.784097e+01
6.280000e-06	-3.068324e-09	-6.122962e-10	-2.224220e+01	-3.839502e+01
6.290000e-06	-3.104418e-09	-6.237620e-10	-2.250384e+01	-3.893976e+01
6.300000e-06	-3.140394e-09	-6.320176e-10	-2.276463e+01	-3.947519e+01
6.310000e-06	-3.176258e-09	-6.380265e-10	-2.302462e+01	-4.000135e+01
6.320000e-06	-3.212011e-09	-6.444487e-10	-2.328378e+01	-4.051828e+01
6.330000e-06	-3.247610e-09	-6.512819e-10	-2.354184e+01	-4.102602e+01
6.340000e-06	-3.283009e-09	-6.560989e-10	-2.379845e+01	-4.152464e+01
6.350000e-06	-3.318169e-09	-6.595093e-10	-2.405332e+01	-4.201421e+01
6.360000e-06	-3.353053e-09	-6.662723e-10	-2.430620e+01	-4.249481e+01
6.370000e-06	-3.387662e-09	-6.783856e-10	-2.455708e+01	-4.296652e+01
6.380000e-06	-3.422019e-09	-6.924000e-10	-2.480613e+01	-4.342943e+01
6.390000e-06	-3.456151e-09	-7.028639e-10	-2.505356e+01	-4.388364e+01
6.400000e-06	-3.490074e-09	-7.084313e-10	-2.529946e+01	-4.432924e+01
6.410000e-06	-3.523770e-09	-7.116497e-10	-2.554372e+01	-4.476633e+01
6.420000e-06	-3.557233e-09	-7.139023e-10	-2.578630e+01	-4.519501e+01
6.430000e-06	-3.590436e-09	-7.161399e-10	-2.602698e+01	-4.561537e+01
6.440000e-06	-3.623348e-09	-7.202382e-10	-2.626557e+01	-4.602751e+01
6.450000e-06	-3.655977e-09	-7.290896e-10	-2.650209e+01	-4.643153e+01
6.460000e-06	-3.688349e-09	-7.419993e-10	-2.673676e+01	-4.682751e+01
6.470000e-06	-3.720525e-09	-7.537512e-10	-2.697000e+01	-4.721554e+01
6.480000e-06	-3.752530e-09	-7.599971e-10	-2.720200e+01	-4.759570e+01
6.490000e-06	-3.784376e-09	-7.614753e-10	-2.743286e+01	-4.796809e+01
6.500000e-06	-3.816051e-09	-7.616463e-10	-2.766247e+01	-4.833276e+01
6.510000e-06	-3.847494e-09	-7.620353e-10	-2.789040e+01	-4.868981e+01
6.520000e-06	-3.878604e-09	-7.622291e-10	-2.811592e+01	-4.903929e+01
6.530000e-06	-3.909328e-09	-7.646099e-10	-2.833864e+01	-4.938127e+01
6.540000e-06	-3.939657e-09	-7.723921e-10	-2.855849e+01	-4.971581e+01
6.550000e-06	-3.969546e-09	-7.841333e-10	-2.877516e+01	-5.004298e+01
6.560000e-06	-3.998953e-09	-7.939178e-10	-2.898833e+01	-5.036284e+01
6.570000e-06	-4.027906e-09	-7.995113e-10	-2.919820e+01	-5.067544e+01
6.580000e-06	-4.056483e-09	-8.024905e-10	-2.940536e+01	-5.098084e+01
6.590000e-06	-4.084768e-09	-8.033338e-10	-2.961040e+01	-5.127909e+01
6.600000e-06	-4.112852e-09	-8.013585e-10	-2.981398e+01	-5.157025e+01
6.610000e-06	-4.140778e-09	-7.986423e-10	-3.001642e+01	-5.185438e+01
6.620000e-06	-4.168539e-09	-8.001937e-10	-3.021766e+01	-5.213154e+01
6.630000e-06	-4.196086e-09	-8.077864e-10	-3.041734e+01	-5.240179e+01
6.640000e-06	-4.223358e-09	-8.177807e-10	-3.061504e+01	-5.266520e+01
6.650000e-06	-4.250318e-09	-8.254743e-10	-3.081047e+01	-5.292182e+01
6.660000e-06	-4.276947e-09	-8.298366e-10	-3.100350e+01	-5.317175e+01
6.670000e-06	-4.303264e-09	-8.311478e-10	-3.119428e+01	-5.341504e+01
6.680000e-06	-4.329287e-09	-8.287561e-10	-3.138292e+01	-5.365179e+01
6.690000e-06	-4.355024e-09	-8.250404e-10	-3.156949e+01	-5.388208e+01
6.700000e-06	-4.380456e-09	-8.251137e-10	-3.175384e+01	-5.410600e+01
6.710000e-06	-4.405548e-09	-8.308346e-10	-3.193574e+01	-5.432365e+01
6.720000e-06	-4.430322e-09	-8.380131e-10	-3.211532e+01	-5.453512e+01
6.730000e-06	-4.454797e-09	-8.424966e-10	-3.229274e+01	-5.474054e+01
6.740000e-06	-4.479023e-09	-8.449739e-10	-3.246835e+01	-5.494001e+01
6.750000e-06	-4.503068e-09	-8.468482e-10	-3.264266e+01	-5.513364e+01
6.760000e-06	-4.526931e-09	-8.472066e-10	-3.281564e+01	-5.532156e+01
6.770000e-06	-4.550558e-09	-8.456112e-10	-3.298691e+01	-5.550389e+01
6.780000e-06	-4.573874e-09	-8.462403e-10	-3.315593e+01	-5.568075e+01
6.790000e-06	-4.596795e-09	-8.504619e-10	-3.332209e+01	-5.585228e+01
6.800000e-06	-4.619256e-09	-8.545093e-10	-3.348491e+01	-5.601861e+01
6.810000e-06	-4.641201e-09	-8.554676e-10	-3.364399e+01	-5.617987e+01
6.820000e-06	-4.662609e-09	-8.551724e-10	-3.379917e+01	-5.633618e+01
6.830000e-06	-4.683519e-09	-8.569523e-10	-3.395075e+01	-5.648768e+01
6.840000e-06	-4.704027e-09	-8.606342e-10	-3.409941e+01	-5.663449e+01
6.850000e-06	-4.724246e-09	-8.639491e-10	-3.424597e+01	-5.677675e+01
6.860000e-06	-4.744252e-09	-8.666569e-10	-3.439100e+01	-5.691456e+01
6.870000e-06	-4.764066e-09	-8.701846e-10	-3.453463e+01	-5.704804e+01
6.880000e-06	-4.783655e-09	-8.734110e-10	-3.467663e+01	-5.717731e+01
6.890000e-06	-4.802926e-09	-8.748077e-10	-3.481633e+01	-5.730247e+01
6.900000e-06	-4.821823e-09	-8.750684e-10	-3.495331e+01	-5.742360e+01
6.910000e-06	-4.840375e-09	-8.763881e-10	-3.508779e+01	-5.754081e+01
6.920000e-06	-4.858620e-09	-8.796141e-10	-3.522005e+01	-5.765416e+01
6.930000e-06	-4.876573e-09	-8.833900e-10	-3.535020e+01	-5.776374e+01
6.940000e-06	-4.894231e-09	-8.869407e-10	-3.547820e+01	-5.786959e+01
6.950000e-06	-4.911540e-09	-8.902268e-10	-3.560367e+01	-5.797178e+01
6.960000e-06	-4.928458e-09	-8.924421e-10	-3.572631e+01	-5.807033e+01
6.970000e-06	-4.945041e-09	-8.931199e-10	-3.584652e+01	-5.816529e+01
6.980000e-06	-4.961354e-09	-8.933163e-10	-3.596477e+01	-5.825668e+01
6.990000e-06	-4.977441e-09	-8.941044e-10	-3.608139e+01	-5.834451e+01
7.000000e-06	-4.993285e-09	-8.951053e-10	-3.619624e+01	-5.842878e+01
7.010000e-06	-5.008821e-09	-8.956905e-10	-3.630887e+01	-5.850950e+01
7.020000e-06	-5.023953e-09	-8.964449e-10	-3.641855e+01	-5.858664e+01
7.030000e-06	-5.038522e-09	-8.989104e-10	-3.652417e+01	-5.866020e+01
7.040000e-06	-5.052448e-09	-9.011314e-10	-3.662512e+01	-5.873015e+01
7.050000e-06	-5.065755e-09	-9.003059e-10	-3.672158e+01	-5.879645e+01
7.060000e-06	-5.078549e-09	-8.984333e-10	-3.681432e+01	-5.885909e+01
7.070000e-06	-5.090959e-09	-8.983480e-10	-3.690429e+01	-5.891803e+01
7.080000e-06	-5.103047e-09	-8.992341e-10	-3.699191e+01	-5.897323e+01
7.090000e-06	-5.114815e-09	-9.003492e-10	-3.707722e+01	-5.902466e+01
7.100000e-06	-5.126230e-09	-9.028382e-10	-3.715996e+01	-5.907228e+01
7.110000e-06	-5.137252e-09	-9.058881e-10	-3.723986e+01	-5.911608e+01
7.120000e-06	-5.147874e-09	-9.072801e-10	-3.731686e+01	-5.915602e+01
7.130000e-06	-5.158140e-09	-9.051817e-10	-3.739128e+01	-5.919209e+01
7.140000e-06	-5.168097e-09	-9.005552e-10	-3.746345e+01	-5.922428e+01
7.150000e-06	-5.177722e-09	-8.959468e-10	-3.753323e+01	-5.925259e+01
7.160000e-06	-5.186991e-09	-8.926376e-10	-3.760042e+01	-5.927702e+01
7.170000e-06	-5.195886e-09	-8.917098e-10	-3.766490e+01	-5.929760e+01
7.180000e-06	-5.204414e-09	-8.936047e-10	-3.772672e+01	-5.931437e+01
7.190000e-06	-5.212652e-09	-8.979203e-10	-3.778644e+01	-5.932736e+01
7.200000e-06	-5.220664e-09	-9.028888e-10	-3.784452e+01	-5.933663e+01
7.210000e-06	-5.228462e-09	-9.048670e-10	-3.790105e+01	-5.934227e+01
7.220000e-06	-5.236001e-09	-9.025435e-10	-3.795570e+01	-5.934436e+01
7.230000e-06	-5.243159e-09	-8.972605e-10	-3.800758e+01	-5.934300e+01
7.240000e-06	-5.249801e-09	-8.917300e-10	-3.805573e+01	-5.933832e+01
7.250000e-06	-5.255844e-09	-8.885471e-10	-3.809954e+01	-5.933044e+01
7.260000e-06	-5.261280e-09	-8.889997e-10	-3.813894e+01	-5.931953e+01
7.270000e-06	-5.266179e-09	-8.926633e-10	-3.817446e+01	-5.930574e+01
7.280000e-06	-5.270656e-09	-8.970585e-10	-3.820691e+01	-5.928924e+01
7.290000e-06	-5.274826e-09	-9.001455e-10	-3.823714e+01	-5.927024e+01
7.300000e-06	-5.278762e-09	-9.008824e-10	-3.826567e+01	-5.924893e+01
7.310000e-06	-5.282465e-09	-8.973784e-10	-3.829252e+01	-5.922553e+01
7.320000e-06	-5.285867e-09	-8.905763e-10	-3.831718e+01	-5.920024e+01
7.330000e-06	-5.288890e-09	-8.846509e-10	-3.833909e+01	-5.917331e+01
7.340000e-06	-5.291514e-09	-8.822751e-10	-3.835811e+01	-5.914496e+01
7.350000e-06	-5.293789e-09	-8.833096e-10	-3.837460e+01	-5.911542e+01
7.360000e-06	-5.295782e-09	-8.857649e-10	-3.838905e+01	-5.908493e+01
7.370000e-06	-5.297465e-09	-8.869555e-10	-3.840125e+01	-5.905374e+01
7.380000e-06	-5.298720e-09	-8.860273e-10	-3.841035e+01	-5.902206e+01
7.390000e-06	-5.299548e-09	-8.828295e-10	-3.841635e+01	-5.899013e+01
7.400000e-06	-5.300054e-09	-8.772004e-10	-3.842002e+01	-5.895817e+01
