# Temperatura_=_-1.7266209476309233
# Concentracion g/m^3_=_1720.0
# C_Vs_to_Am_M_A/Vsm_=_65563218390.804596
# pendiente_HvsI_1/m_=_3716.3
# ordenada_HvsI_A/m_=_1297.0
# frecuencia_Hz_=_135012.31577437525
# Promedio de 802 ciclos

Tiempo_(s)	Campo_(V.s)	Magnetizacion_(V.s)	Campo_(kA/m)	Magnetizacion_(A/m)
0.000000e+00	-5.298878e-09	-6.666304e-10	-3.842547e+01	-4.418468e+01
1.000000e-08	-5.298923e-09	-6.644007e-10	-3.842580e+01	-4.408592e+01
2.000000e-08	-5.298752e-09	-6.624167e-10	-3.842456e+01	-4.398971e+01
3.000000e-08	-5.298350e-09	-6.619288e-10	-3.842163e+01	-4.389654e+01
4.000000e-08	-5.297624e-09	-6.622871e-10	-3.841637e+01	-4.380687e+01
5.000000e-08	-5.296464e-09	-6.549879e-10	-3.840796e+01	-4.372111e+01
6.000000e-08	-5.294783e-09	-6.400192e-10	-3.839577e+01	-4.363966e+01
7.000000e-08	-5.292507e-09	-6.517965e-10	-3.837925e+01	-4.356283e+01
8.000000e-08	-5.289589e-09	-6.922110e-10	-3.835808e+01	-4.349094e+01
9.000000e-08	-5.286066e-09	-7.057886e-10	-3.833253e+01	-4.342421e+01
1.000000e-07	-5.282088e-09	-6.780335e-10	-3.830369e+01	-4.336283e+01
1.100000e-07	-5.277847e-09	-6.456300e-10	-3.827293e+01	-4.330694e+01
1.200000e-07	-5.273447e-09	-6.594618e-10	-3.824102e+01	-4.325661e+01
1.300000e-07	-5.268807e-09	-6.876450e-10	-3.820737e+01	-4.321187e+01
1.400000e-07	-5.263778e-09	-6.518867e-10	-3.817090e+01	-4.317268e+01
1.500000e-07	-5.258346e-09	-6.160925e-10	-3.813151e+01	-4.313895e+01
1.600000e-07	-5.252593e-09	-6.148967e-10	-3.808978e+01	-4.311052e+01
1.700000e-07	-5.246495e-09	-6.729242e-10	-3.804555e+01	-4.308721e+01
1.800000e-07	-5.239980e-09	-6.707526e-10	-3.799830e+01	-4.306873e+01
1.900000e-07	-5.233085e-09	-6.455443e-10	-3.794830e+01	-4.305480e+01
2.000000e-07	-5.225897e-09	-6.251662e-10	-3.789618e+01	-4.304504e+01
2.100000e-07	-5.218428e-09	-6.404637e-10	-3.784201e+01	-4.303906e+01
2.200000e-07	-5.210651e-09	-6.385856e-10	-3.778561e+01	-4.303640e+01
2.300000e-07	-5.202590e-09	-6.331690e-10	-3.772716e+01	-4.303659e+01
2.400000e-07	-5.194230e-09	-6.466508e-10	-3.766653e+01	-4.303909e+01
2.500000e-07	-5.185432e-09	-6.626407e-10	-3.760273e+01	-4.304337e+01
2.600000e-07	-5.176077e-09	-6.685601e-10	-3.753489e+01	-4.304883e+01
2.700000e-07	-5.166177e-09	-6.656177e-10	-3.746309e+01	-4.305489e+01
2.800000e-07	-5.155760e-09	-6.706013e-10	-3.738754e+01	-4.306094e+01
2.900000e-07	-5.144829e-09	-6.616987e-10	-3.730827e+01	-4.306633e+01
3.000000e-07	-5.133416e-09	-6.621435e-10	-3.722550e+01	-4.307046e+01
3.100000e-07	-5.121577e-09	-6.719238e-10	-3.713965e+01	-4.307268e+01
3.200000e-07	-5.109373e-09	-7.043126e-10	-3.705115e+01	-4.307237e+01
3.300000e-07	-5.096827e-09	-6.991166e-10	-3.696017e+01	-4.306891e+01
3.400000e-07	-5.083915e-09	-6.789707e-10	-3.686654e+01	-4.306171e+01
3.500000e-07	-5.070603e-09	-6.629794e-10	-3.677000e+01	-4.305019e+01
3.600000e-07	-5.056908e-09	-6.829168e-10	-3.667069e+01	-4.303378e+01
3.700000e-07	-5.042861e-09	-6.804996e-10	-3.656882e+01	-4.301197e+01
3.800000e-07	-5.028405e-09	-6.716252e-10	-3.646399e+01	-4.298426e+01
3.900000e-07	-5.013434e-09	-6.672769e-10	-3.635542e+01	-4.295018e+01
4.000000e-07	-4.997909e-09	-6.862691e-10	-3.624284e+01	-4.290933e+01
4.100000e-07	-4.981871e-09	-6.861648e-10	-3.612654e+01	-4.286132e+01
4.200000e-07	-4.965385e-09	-6.761745e-10	-3.600699e+01	-4.280584e+01
4.300000e-07	-4.948530e-09	-6.539757e-10	-3.588475e+01	-4.274258e+01
4.400000e-07	-4.931377e-09	-6.458942e-10	-3.576036e+01	-4.267134e+01
4.500000e-07	-4.913952e-09	-6.534327e-10	-3.563400e+01	-4.259191e+01
4.600000e-07	-4.896246e-09	-6.696762e-10	-3.550560e+01	-4.250417e+01
4.700000e-07	-4.878234e-09	-6.616096e-10	-3.537498e+01	-4.240804e+01
4.800000e-07	-4.859865e-09	-6.546248e-10	-3.524178e+01	-4.230349e+01
4.900000e-07	-4.841092e-09	-6.648005e-10	-3.510565e+01	-4.219055e+01
5.000000e-07	-4.821916e-09	-6.639858e-10	-3.496658e+01	-4.206928e+01
5.100000e-07	-4.802391e-09	-6.351605e-10	-3.482499e+01	-4.193980e+01
5.200000e-07	-4.782586e-09	-6.160625e-10	-3.468138e+01	-4.180228e+01
5.300000e-07	-4.762560e-09	-6.226887e-10	-3.453616e+01	-4.165692e+01
5.400000e-07	-4.742330e-09	-6.322544e-10	-3.438945e+01	-4.150398e+01
5.500000e-07	-4.721851e-09	-6.361221e-10	-3.424095e+01	-4.134374e+01
5.600000e-07	-4.701064e-09	-6.309693e-10	-3.409020e+01	-4.117653e+01
5.700000e-07	-4.679938e-09	-6.261340e-10	-3.393700e+01	-4.100269e+01
5.800000e-07	-4.658484e-09	-6.265625e-10	-3.378142e+01	-4.082262e+01
5.900000e-07	-4.636724e-09	-6.254103e-10	-3.362363e+01	-4.063671e+01
6.000000e-07	-4.614667e-09	-6.049021e-10	-3.346367e+01	-4.044539e+01
6.100000e-07	-4.592301e-09	-5.961630e-10	-3.330148e+01	-4.024910e+01
6.200000e-07	-4.569604e-09	-6.079164e-10	-3.313689e+01	-4.004828e+01
6.300000e-07	-4.546561e-09	-6.205349e-10	-3.296980e+01	-3.984340e+01
6.400000e-07	-4.523179e-09	-6.105861e-10	-3.280023e+01	-3.963492e+01
6.500000e-07	-4.499500e-09	-6.013148e-10	-3.262852e+01	-3.942329e+01
6.600000e-07	-4.475586e-09	-5.974211e-10	-3.245510e+01	-3.920897e+01
6.700000e-07	-4.451467e-09	-6.004354e-10	-3.228020e+01	-3.899240e+01
6.800000e-07	-4.427124e-09	-5.942635e-10	-3.210367e+01	-3.877403e+01
6.900000e-07	-4.402500e-09	-5.862139e-10	-3.192510e+01	-3.855425e+01
7.000000e-07	-4.377522e-09	-5.823700e-10	-3.174398e+01	-3.833347e+01
7.100000e-07	-4.352124e-09	-5.920959e-10	-3.155980e+01	-3.811206e+01
7.200000e-07	-4.326259e-09	-5.922161e-10	-3.137223e+01	-3.789038e+01
7.300000e-07	-4.299904e-09	-5.816818e-10	-3.118111e+01	-3.766874e+01
7.400000e-07	-4.273074e-09	-5.716684e-10	-3.098655e+01	-3.744744e+01
7.500000e-07	-4.245827e-09	-5.739121e-10	-3.078895e+01	-3.722674e+01
7.600000e-07	-4.218238e-09	-5.753776e-10	-3.058889e+01	-3.700687e+01
7.700000e-07	-4.190389e-09	-5.713683e-10	-3.038694e+01	-3.678802e+01
7.800000e-07	-4.162345e-09	-5.654037e-10	-3.018357e+01	-3.657036e+01
7.900000e-07	-4.134125e-09	-5.671771e-10	-2.997893e+01	-3.635402e+01
8.000000e-07	-4.105696e-09	-5.694944e-10	-2.977277e+01	-3.613909e+01
8.100000e-07	-4.077002e-09	-5.617252e-10	-2.956469e+01	-3.592563e+01
8.200000e-07	-4.048003e-09	-5.486020e-10	-2.935440e+01	-3.571368e+01
8.300000e-07	-4.018692e-09	-5.446496e-10	-2.914185e+01	-3.550322e+01
8.400000e-07	-3.989089e-09	-5.500793e-10	-2.892717e+01	-3.529422e+01
8.500000e-07	-3.959224e-09	-5.491452e-10	-2.871060e+01	-3.508662e+01
8.600000e-07	-3.929125e-09	-5.408346e-10	-2.849233e+01	-3.488033e+01
8.700000e-07	-3.898804e-09	-5.349197e-10	-2.827245e+01	-3.467522e+01
8.800000e-07	-3.868235e-09	-5.358651e-10	-2.805077e+01	-3.447117e+01
8.900000e-07	-3.837385e-09	-5.323970e-10	-2.782706e+01	-3.426801e+01
9.000000e-07	-3.806249e-09	-5.233681e-10	-2.760126e+01	-3.406556e+01
9.100000e-07	-3.774847e-09	-5.148042e-10	-2.737355e+01	-3.386363e+01
9.200000e-07	-3.743214e-09	-5.166782e-10	-2.714416e+01	-3.366201e+01
9.300000e-07	-3.711383e-09	-5.199998e-10	-2.691333e+01	-3.346048e+01
9.400000e-07	-3.679380e-09	-5.181062e-10	-2.668126e+01	-3.325881e+01
9.500000e-07	-3.647216e-09	-5.102217e-10	-2.644801e+01	-3.305677e+01
9.600000e-07	-3.614869e-09	-5.065235e-10	-2.621344e+01	-3.285414e+01
9.700000e-07	-3.582288e-09	-5.035408e-10	-2.597718e+01	-3.265066e+01
9.800000e-07	-3.549417e-09	-4.975197e-10	-2.573881e+01	-3.244612e+01
9.900000e-07	-3.516221e-09	-4.864622e-10	-2.549808e+01	-3.224027e+01
1.000000e-06	-3.482677e-09	-4.820244e-10	-2.525483e+01	-3.203291e+01
1.010000e-06	-3.448749e-09	-4.839318e-10	-2.500880e+01	-3.182381e+01
1.020000e-06	-3.414415e-09	-4.865915e-10	-2.475982e+01	-3.161278e+01
1.030000e-06	-3.379684e-09	-4.822321e-10	-2.450796e+01	-3.139962e+01
1.040000e-06	-3.344591e-09	-4.768900e-10	-2.425348e+01	-3.118414e+01
1.050000e-06	-3.309186e-09	-4.738277e-10	-2.399674e+01	-3.096620e+01
1.060000e-06	-3.273523e-09	-4.707030e-10	-2.373812e+01	-3.074564e+01
1.070000e-06	-3.237659e-09	-4.637289e-10	-2.347804e+01	-3.052232e+01
1.080000e-06	-3.201644e-09	-4.580548e-10	-2.321688e+01	-3.029614e+01
1.090000e-06	-3.165504e-09	-4.563937e-10	-2.295480e+01	-3.006698e+01
1.100000e-06	-3.129229e-09	-4.567492e-10	-2.269174e+01	-2.983477e+01
1.110000e-06	-3.092800e-09	-4.551412e-10	-2.242757e+01	-2.959945e+01
1.120000e-06	-3.056195e-09	-4.503166e-10	-2.216213e+01	-2.936095e+01
1.130000e-06	-3.019391e-09	-4.457079e-10	-2.189523e+01	-2.911926e+01
1.140000e-06	-2.982363e-09	-4.424823e-10	-2.162671e+01	-2.887435e+01
1.150000e-06	-2.945103e-09	-4.393491e-10	-2.135652e+01	-2.862621e+01
1.160000e-06	-2.907623e-09	-4.340284e-10	-2.108473e+01	-2.837486e+01
1.170000e-06	-2.869941e-09	-4.298139e-10	-2.081147e+01	-2.812032e+01
1.180000e-06	-2.832065e-09	-4.277474e-10	-2.053681e+01	-2.786262e+01
1.190000e-06	-2.793993e-09	-4.264836e-10	-2.026072e+01	-2.760181e+01
1.200000e-06	-2.755729e-09	-4.228259e-10	-1.998324e+01	-2.733794e+01
1.210000e-06	-2.717269e-09	-4.184283e-10	-1.970435e+01	-2.707106e+01
1.220000e-06	-2.678603e-09	-4.144453e-10	-1.942395e+01	-2.680126e+01
1.230000e-06	-2.639730e-09	-4.125909e-10	-1.914206e+01	-2.652859e+01
1.240000e-06	-2.600658e-09	-4.083406e-10	-1.885872e+01	-2.625313e+01
1.250000e-06	-2.561406e-09	-4.026060e-10	-1.857408e+01	-2.597496e+01
1.260000e-06	-2.521983e-09	-3.980532e-10	-1.828819e+01	-2.569415e+01
1.270000e-06	-2.482395e-09	-3.948551e-10	-1.800112e+01	-2.541079e+01
1.280000e-06	-2.442667e-09	-3.887530e-10	-1.771303e+01	-2.512495e+01
1.290000e-06	-2.402822e-09	-3.801981e-10	-1.742408e+01	-2.483670e+01
1.300000e-06	-2.362871e-09	-3.726483e-10	-1.713437e+01	-2.454611e+01
1.310000e-06	-2.322825e-09	-3.697926e-10	-1.684397e+01	-2.425324e+01
1.320000e-06	-2.282688e-09	-3.677466e-10	-1.655292e+01	-2.395816e+01
1.330000e-06	-2.242452e-09	-3.630135e-10	-1.626114e+01	-2.366093e+01
1.340000e-06	-2.202105e-09	-3.569593e-10	-1.596855e+01	-2.336158e+01
1.350000e-06	-2.161627e-09	-3.530659e-10	-1.567502e+01	-2.306016e+01
1.360000e-06	-2.120999e-09	-3.484566e-10	-1.538040e+01	-2.275670e+01
1.370000e-06	-2.080207e-09	-3.413969e-10	-1.508459e+01	-2.245124e+01
1.380000e-06	-2.039240e-09	-3.333483e-10	-1.478751e+01	-2.214379e+01
1.390000e-06	-1.998084e-09	-3.274338e-10	-1.448906e+01	-2.183437e+01
1.400000e-06	-1.956724e-09	-3.240976e-10	-1.418913e+01	-2.152298e+01
1.410000e-06	-1.915150e-09	-3.206066e-10	-1.388765e+01	-2.120962e+01
1.420000e-06	-1.873366e-09	-3.152007e-10	-1.358465e+01	-2.089430e+01
1.430000e-06	-1.831367e-09	-3.099276e-10	-1.328008e+01	-2.057699e+01
1.440000e-06	-1.789140e-09	-3.057526e-10	-1.297387e+01	-2.025768e+01
1.450000e-06	-1.746681e-09	-3.001419e-10	-1.266597e+01	-1.993634e+01
1.460000e-06	-1.703997e-09	-2.929210e-10	-1.235644e+01	-1.961296e+01
1.470000e-06	-1.661106e-09	-2.862143e-10	-1.204540e+01	-1.928751e+01
1.480000e-06	-1.618025e-09	-2.821925e-10	-1.173300e+01	-1.895994e+01
1.490000e-06	-1.574763e-09	-2.773786e-10	-1.141927e+01	-1.863023e+01
1.500000e-06	-1.531334e-09	-2.701236e-10	-1.110435e+01	-1.829833e+01
1.510000e-06	-1.487773e-09	-2.641158e-10	-1.078846e+01	-1.796422e+01
1.520000e-06	-1.444107e-09	-2.608391e-10	-1.047180e+01	-1.762785e+01
1.530000e-06	-1.400351e-09	-2.564534e-10	-1.015450e+01	-1.728918e+01
1.540000e-06	-1.356518e-09	-2.491750e-10	-9.836638e+00	-1.694818e+01
1.550000e-06	-1.312622e-09	-2.411995e-10	-9.518322e+00	-1.660480e+01
1.560000e-06	-1.268671e-09	-2.361045e-10	-9.199603e+00	-1.625901e+01
1.570000e-06	-1.224668e-09	-2.335769e-10	-8.880509e+00	-1.591077e+01
1.580000e-06	-1.180617e-09	-2.307930e-10	-8.561064e+00	-1.556005e+01
1.590000e-06	-1.136519e-09	-2.254833e-10	-8.241285e+00	-1.520681e+01
1.600000e-06	-1.092376e-09	-2.206066e-10	-7.921176e+00	-1.485103e+01
1.610000e-06	-1.048187e-09	-2.159657e-10	-7.600735e+00	-1.449267e+01
1.620000e-06	-1.003950e-09	-2.088632e-10	-7.279943e+00	-1.413171e+01
1.630000e-06	-9.596656e-10	-1.990546e-10	-6.958808e+00	-1.376812e+01
1.640000e-06	-9.153381e-10	-1.912410e-10	-6.637361e+00	-1.340187e+01
1.650000e-06	-8.709711e-10	-1.866646e-10	-6.315626e+00	-1.303294e+01
1.660000e-06	-8.265667e-10	-1.834465e-10	-5.993619e+00	-1.266131e+01
1.670000e-06	-7.821253e-10	-1.791882e-10	-5.671345e+00	-1.228695e+01
1.680000e-06	-7.376491e-10	-1.741231e-10	-5.348818e+00	-1.190984e+01
1.690000e-06	-6.931384e-10	-1.684453e-10	-5.026042e+00	-1.152996e+01
1.700000e-06	-6.485898e-10	-1.616822e-10	-4.702992e+00	-1.114728e+01
1.710000e-06	-6.040026e-10	-1.541415e-10	-4.379662e+00	-1.076178e+01
1.720000e-06	-5.593794e-10	-1.465036e-10	-4.056071e+00	-1.037344e+01
1.730000e-06	-5.147232e-10	-1.395498e-10	-3.732240e+00	-9.982226e+00
1.740000e-06	-4.700309e-10	-1.330888e-10	-3.408147e+00	-9.588111e+00
1.750000e-06	-4.252975e-10	-1.270344e-10	-3.083757e+00	-9.191065e+00
1.760000e-06	-3.805263e-10	-1.217848e-10	-2.759091e+00	-8.791054e+00
1.770000e-06	-3.357231e-10	-1.176541e-10	-2.434193e+00	-8.388045e+00
1.780000e-06	-2.908890e-10	-1.136405e-10	-2.109073e+00	-7.981999e+00
1.790000e-06	-2.460304e-10	-1.083009e-10	-1.783774e+00	-7.572879e+00
1.800000e-06	-2.011617e-10	-1.002202e-10	-1.458403e+00	-7.160641e+00
1.810000e-06	-1.562944e-10	-9.075685e-11	-1.133042e+00	-6.745242e+00
1.820000e-06	-1.114318e-10	-8.126028e-11	-8.077135e-01	-6.326638e+00
1.830000e-06	-6.656967e-11	-7.343558e-11	-4.823890e-01	-5.904782e+00
1.840000e-06	-2.171018e-11	-6.782906e-11	-1.570856e-01	-5.479626e+00
1.850000e-06	2.314418e-11	-6.464955e-11	1.681803e-01	-5.051122e+00
1.860000e-06	6.799909e-11	-6.256059e-11	4.934513e-01	-4.619222e+00
1.870000e-06	1.128536e-10	-5.924562e-11	8.187186e-01	-4.183881e+00
1.880000e-06	1.577065e-10	-5.277990e-11	1.143975e+00	-3.745052e+00
1.890000e-06	2.025549e-10	-4.403470e-11	1.469198e+00	-3.302693e+00
1.900000e-06	2.473897e-10	-3.484097e-11	1.794324e+00	-2.856765e+00
1.910000e-06	2.922053e-10	-2.614035e-11	2.119309e+00	-2.407231e+00
1.920000e-06	3.370003e-10	-1.800740e-11	2.444145e+00	-1.954062e+00
1.930000e-06	3.817712e-10	-1.222688e-11	2.768807e+00	-1.497233e+00
1.940000e-06	4.265092e-10	-8.894333e-12	3.093230e+00	-1.036726e+00
1.950000e-06	4.712064e-10	-5.577840e-12	3.417357e+00	-5.725312e-01
1.960000e-06	5.158620e-10	3.019538e-13	3.741182e+00	-1.046481e-01
1.970000e-06	5.604734e-10	8.682895e-12	4.064687e+00	3.669152e-01
1.980000e-06	6.050402e-10	1.792378e-11	4.387867e+00	8.421399e-01
1.990000e-06	6.495686e-10	2.717443e-11	4.710771e+00	1.320996e+00
2.000000e-06	6.940598e-10	3.558444e-11	5.033407e+00	1.803442e+00
2.010000e-06	7.385143e-10	4.215811e-11	5.355775e+00	2.289423e+00
2.020000e-06	7.829333e-10	4.657349e-11	5.677886e+00	2.778873e+00
2.030000e-06	8.273162e-10	5.022627e-11	5.999734e+00	3.271711e+00
2.040000e-06	8.716598e-10	5.588349e-11	6.321297e+00	3.767842e+00
2.050000e-06	9.159657e-10	6.363495e-11	6.642588e+00	4.267160e+00
2.060000e-06	9.602358e-10	7.037442e-11	6.963618e+00	4.769543e+00
2.070000e-06	1.004467e-09	7.640517e-11	7.284368e+00	5.274855e+00
2.080000e-06	1.048659e-09	8.423577e-11	7.604828e+00	5.782948e+00
2.090000e-06	1.092809e-09	9.262240e-11	7.924988e+00	6.293660e+00
2.100000e-06	1.136917e-09	9.977668e-11	8.244842e+00	6.806816e+00
2.110000e-06	1.180981e-09	1.076243e-10	8.564378e+00	7.322231e+00
2.120000e-06	1.225000e-09	1.171341e-10	8.883585e+00	7.839706e+00
2.130000e-06	1.268971e-09	1.274735e-10	9.202445e+00	8.359036e+00
2.140000e-06	1.312890e-09	1.350877e-10	9.520929e+00	8.880001e+00
2.150000e-06	1.356749e-09	1.395410e-10	9.838978e+00	9.402378e+00
2.160000e-06	1.400539e-09	1.443881e-10	1.015653e+01	9.925935e+00
2.170000e-06	1.444248e-09	1.520619e-10	1.047349e+01	1.045043e+01
2.180000e-06	1.487858e-09	1.604545e-10	1.078973e+01	1.097563e+01
2.190000e-06	1.531350e-09	1.686536e-10	1.110511e+01	1.150129e+01
2.200000e-06	1.574697e-09	1.784265e-10	1.141945e+01	1.202716e+01
2.210000e-06	1.617876e-09	1.902303e-10	1.173257e+01	1.255299e+01
2.220000e-06	1.660868e-09	2.008777e-10	1.204433e+01	1.307854e+01
2.230000e-06	1.703657e-09	2.065790e-10	1.235461e+01	1.360357e+01
2.240000e-06	1.746224e-09	2.091619e-10	1.266329e+01	1.412785e+01
2.250000e-06	1.788554e-09	2.139540e-10	1.297024e+01	1.465113e+01
2.260000e-06	1.830643e-09	2.210784e-10	1.327546e+01	1.517321e+01
2.270000e-06	1.872496e-09	2.287305e-10	1.357896e+01	1.569386e+01
2.280000e-06	1.914120e-09	2.374860e-10	1.388079e+01	1.621288e+01
2.290000e-06	1.955527e-09	2.479060e-10	1.418106e+01	1.673008e+01
2.300000e-06	1.996727e-09	2.593087e-10	1.447982e+01	1.724526e+01
2.310000e-06	2.037734e-09	2.676409e-10	1.477719e+01	1.775827e+01
2.320000e-06	2.078558e-09	2.711017e-10	1.507323e+01	1.826894e+01
2.330000e-06	2.119214e-09	2.740689e-10	1.536805e+01	1.877712e+01
2.340000e-06	2.159723e-09	2.802866e-10	1.566180e+01	1.928270e+01
2.350000e-06	2.200101e-09	2.884397e-10	1.595461e+01	1.978554e+01
2.360000e-06	2.240371e-09	2.966943e-10	1.624663e+01	2.028554e+01
2.370000e-06	2.280543e-09	3.050591e-10	1.653794e+01	2.078262e+01
2.380000e-06	2.320623e-09	3.151027e-10	1.682859e+01	2.127669e+01
2.390000e-06	2.360614e-09	3.249834e-10	1.711859e+01	2.176769e+01
2.400000e-06	2.400504e-09	3.318367e-10	1.740785e+01	2.225556e+01
2.410000e-06	2.440274e-09	3.364959e-10	1.769625e+01	2.274027e+01
2.420000e-06	2.479903e-09	3.426944e-10	1.798363e+01	2.322176e+01
2.430000e-06	2.519369e-09	3.496965e-10	1.826982e+01	2.370003e+01
2.440000e-06	2.558654e-09	3.563195e-10	1.855470e+01	2.417504e+01
2.450000e-06	2.597743e-09	3.642948e-10	1.883816e+01	2.464678e+01
2.460000e-06	2.636631e-09	3.743623e-10	1.912015e+01	2.511524e+01
2.470000e-06	2.675314e-09	3.838861e-10	1.940066e+01	2.558042e+01
2.480000e-06	2.713803e-09	3.913176e-10	1.967977e+01	2.604229e+01
2.490000e-06	2.752113e-09	3.974740e-10	1.995758e+01	2.650086e+01
2.500000e-06	2.790249e-09	4.029773e-10	2.023413e+01	2.695611e+01
2.510000e-06	2.828212e-09	4.085117e-10	2.050943e+01	2.740802e+01
2.520000e-06	2.865991e-09	4.132191e-10	2.078339e+01	2.785657e+01
2.530000e-06	2.903570e-09	4.178998e-10	2.105589e+01	2.830173e+01
2.540000e-06	2.940933e-09	4.244169e-10	2.132683e+01	2.874346e+01
2.550000e-06	2.978067e-09	4.312883e-10	2.159611e+01	2.918171e+01
2.560000e-06	3.014971e-09	4.381462e-10	2.186373e+01	2.961641e+01
2.570000e-06	3.051664e-09	4.455863e-10	2.212981e+01	3.004750e+01
2.580000e-06	3.088171e-09	4.531777e-10	2.239455e+01	3.047487e+01
2.590000e-06	3.124522e-09	4.611778e-10	2.265815e+01	3.089844e+01
2.600000e-06	3.160747e-09	4.678688e-10	2.292084e+01	3.131809e+01
2.610000e-06	3.196859e-09	4.711491e-10	2.318271e+01	3.173367e+01
2.620000e-06	3.232851e-09	4.737027e-10	2.344371e+01	3.214505e+01
2.630000e-06	3.268697e-09	4.798889e-10	2.370365e+01	3.255206e+01
2.640000e-06	3.304351e-09	4.882879e-10	2.396220e+01	3.295452e+01
2.650000e-06	3.339750e-09	4.955282e-10	2.421890e+01	3.335225e+01
2.660000e-06	3.374826e-09	5.011923e-10	2.447325e+01	3.374505e+01
2.670000e-06	3.409519e-09	5.075487e-10	2.472483e+01	3.413269e+01
2.680000e-06	3.443793e-09	5.140686e-10	2.497336e+01	3.451495e+01
2.690000e-06	3.477639e-09	5.176030e-10	2.521880e+01	3.489159e+01
2.700000e-06	3.511077e-09	5.179697e-10	2.546128e+01	3.526238e+01
2.710000e-06	3.544150e-09	5.194488e-10	2.570111e+01	3.562707e+01
2.720000e-06	3.576915e-09	5.252133e-10	2.593870e+01	3.598540e+01
2.730000e-06	3.609430e-09	5.334764e-10	2.617449e+01	3.633712e+01
2.740000e-06	3.641752e-09	5.407288e-10	2.640888e+01	3.668199e+01
2.750000e-06	3.673920e-09	5.476971e-10	2.664215e+01	3.701975e+01
2.760000e-06	3.705943e-09	5.558823e-10	2.687437e+01	3.735017e+01
2.770000e-06	3.737798e-09	5.630897e-10	2.710537e+01	3.767301e+01
2.780000e-06	3.769439e-09	5.647118e-10	2.733481e+01	3.798805e+01
2.790000e-06	3.800812e-09	5.627611e-10	2.756232e+01	3.829508e+01
2.800000e-06	3.831883e-09	5.648527e-10	2.778763e+01	3.859391e+01
2.810000e-06	3.862649e-09	5.710091e-10	2.801073e+01	3.888438e+01
2.820000e-06	3.893130e-09	5.777058e-10	2.823177e+01	3.916631e+01
2.830000e-06	3.923359e-09	5.849034e-10	2.845098e+01	3.943960e+01
2.840000e-06	3.953361e-09	5.918146e-10	2.866853e+01	3.970413e+01
2.850000e-06	3.983134e-09	5.963092e-10	2.888444e+01	3.995982e+01
2.860000e-06	4.012658e-09	5.969998e-10	2.909853e+01	4.020663e+01
2.870000e-06	4.041901e-09	5.953845e-10	2.931059e+01	4.044453e+01
2.880000e-06	4.070846e-09	5.949737e-10	2.952049e+01	4.067353e+01
2.890000e-06	4.099514e-09	5.975709e-10	2.972838e+01	4.089368e+01
2.900000e-06	4.127946e-09	6.028285e-10	2.993456e+01	4.110505e+01
2.910000e-06	4.156192e-09	6.092574e-10	3.013939e+01	4.130775e+01
2.920000e-06	4.184280e-09	6.154470e-10	3.034306e+01	4.150190e+01
2.930000e-06	4.212195e-09	6.202210e-10	3.054549e+01	4.168769e+01
2.940000e-06	4.239880e-09	6.232574e-10	3.074625e+01	4.186530e+01
2.950000e-06	4.267240e-09	6.231313e-10	3.094465e+01	4.203497e+01
2.960000e-06	4.294170e-09	6.207068e-10	3.113993e+01	4.219695e+01
2.970000e-06	4.320585e-09	6.181819e-10	3.133148e+01	4.235152e+01
2.980000e-06	4.346454e-09	6.182885e-10	3.151906e+01	4.249899e+01
2.990000e-06	4.371808e-09	6.219533e-10	3.170292e+01	4.263969e+01
3.000000e-06	4.396723e-09	6.272561e-10	3.188359e+01	4.277396e+01
3.010000e-06	4.421297e-09	6.324140e-10	3.206179e+01	4.290217e+01
3.020000e-06	4.445613e-09	6.368735e-10	3.223812e+01	4.302469e+01
3.030000e-06	4.469707e-09	6.395414e-10	3.241284e+01	4.314191e+01
3.040000e-06	4.493572e-09	6.400916e-10	3.258589e+01	4.325423e+01
3.050000e-06	4.517161e-09	6.402563e-10	3.275695e+01	4.336203e+01
3.060000e-06	4.540421e-09	6.419628e-10	3.292562e+01	4.346572e+01
3.070000e-06	4.563337e-09	6.437969e-10	3.309179e+01	4.356569e+01
3.080000e-06	4.585929e-09	6.444898e-10	3.325562e+01	4.366232e+01
3.090000e-06	4.608225e-09	6.467748e-10	3.341730e+01	4.375599e+01
3.100000e-06	4.630244e-09	6.509890e-10	3.357697e+01	4.384706e+01
3.110000e-06	4.651973e-09	6.548857e-10	3.373454e+01	4.393586e+01
3.120000e-06	4.673373e-09	6.565670e-10	3.388972e+01	4.402272e+01
3.130000e-06	4.694425e-09	6.558967e-10	3.404238e+01	4.410793e+01
3.140000e-06	4.715149e-09	6.558891e-10	3.419267e+01	4.419176e+01
3.150000e-06	4.735603e-09	6.573531e-10	3.434099e+01	4.427445e+01
3.160000e-06	4.755845e-09	6.579225e-10	3.448778e+01	4.435620e+01
3.170000e-06	4.775900e-09	6.583446e-10	3.463321e+01	4.443720e+01
3.180000e-06	4.795740e-09	6.604433e-10	3.477708e+01	4.451757e+01
3.190000e-06	4.815293e-09	6.637260e-10	3.491887e+01	4.459741e+01
3.200000e-06	4.834475e-09	6.660150e-10	3.505797e+01	4.467679e+01
3.210000e-06	4.853232e-09	6.674966e-10	3.519398e+01	4.475573e+01
3.220000e-06	4.871549e-09	6.696268e-10	3.532681e+01	4.483421e+01
3.230000e-06	4.889470e-09	6.706324e-10	3.545676e+01	4.491218e+01
3.240000e-06	4.907059e-09	6.698417e-10	3.558431e+01	4.498955e+01
3.250000e-06	4.924367e-09	6.689953e-10	3.570982e+01	4.506618e+01
3.260000e-06	4.941406e-09	6.701733e-10	3.583338e+01	4.514192e+01
3.270000e-06	4.958139e-09	6.742670e-10	3.595472e+01	4.521656e+01
3.280000e-06	4.974502e-09	6.778335e-10	3.607337e+01	4.528989e+01
3.290000e-06	4.990423e-09	6.798447e-10	3.618882e+01	4.536164e+01
3.300000e-06	5.005858e-09	6.812870e-10	3.630074e+01	4.543152e+01
3.310000e-06	5.020826e-09	6.827385e-10	3.640928e+01	4.549925e+01
3.320000e-06	5.035387e-09	6.825493e-10	3.651487e+01	4.556448e+01
3.330000e-06	5.049594e-09	6.792742e-10	3.661789e+01	4.562690e+01
3.340000e-06	5.063460e-09	6.750531e-10	3.671843e+01	4.568614e+01
3.350000e-06	5.076965e-09	6.741073e-10	3.681636e+01	4.574185e+01
3.360000e-06	5.090087e-09	6.771821e-10	3.691152e+01	4.579367e+01
3.370000e-06	5.102835e-09	6.816157e-10	3.700396e+01	4.584125e+01
3.380000e-06	5.115242e-09	6.851357e-10	3.709393e+01	4.588424e+01
3.390000e-06	5.127329e-09	6.870395e-10	3.718157e+01	4.592230e+01
3.400000e-06	5.139069e-09	6.855348e-10	3.726671e+01	4.595510e+01
3.410000e-06	5.150384e-09	6.803289e-10	3.734875e+01	4.598234e+01
3.420000e-06	5.161164e-09	6.741992e-10	3.742692e+01	4.600374e+01
3.430000e-06	5.171332e-09	6.717664e-10	3.750065e+01	4.601903e+01
3.440000e-06	5.180887e-09	6.748261e-10	3.756993e+01	4.602801e+01
3.450000e-06	5.189905e-09	6.812873e-10	3.763533e+01	4.603047e+01
3.460000e-06	5.198510e-09	6.884247e-10	3.769772e+01	4.602626e+01
3.470000e-06	5.206820e-09	6.930506e-10	3.775798e+01	4.601527e+01
3.480000e-06	5.214892e-09	6.935196e-10	3.781651e+01	4.599743e+01
3.490000e-06	5.222709e-09	6.897546e-10	3.787319e+01	4.597271e+01
3.500000e-06	5.230216e-09	6.841048e-10	3.792763e+01	4.594113e+01
3.510000e-06	5.237360e-09	6.798576e-10	3.797942e+01	4.590275e+01
3.520000e-06	5.244124e-09	6.794209e-10	3.802847e+01	4.585768e+01
3.530000e-06	5.250528e-09	6.824086e-10	3.807491e+01	4.580608e+01
3.540000e-06	5.256589e-09	6.870792e-10	3.811886e+01	4.574817e+01
3.550000e-06	5.262292e-09	6.905117e-10	3.816021e+01	4.568418e+01
3.560000e-06	5.267610e-09	6.924106e-10	3.819877e+01	4.561441e+01
3.570000e-06	5.272543e-09	6.927914e-10	3.823454e+01	4.553921e+01
3.580000e-06	5.277138e-09	6.910511e-10	3.826786e+01	4.545894e+01
3.590000e-06	5.281469e-09	6.882522e-10	3.829926e+01	4.537404e+01
3.600000e-06	5.285579e-09	6.872320e-10	3.832907e+01	4.528495e+01
3.610000e-06	5.289447e-09	6.892300e-10	3.835712e+01	4.519215e+01
3.620000e-06	5.292986e-09	6.927494e-10	3.838278e+01	4.509615e+01
3.630000e-06	5.296080e-09	6.963546e-10	3.840521e+01	4.499749e+01
3.640000e-06	5.298626e-09	6.995902e-10	3.842367e+01	4.489671e+01
3.650000e-06	5.300574e-09	7.003614e-10	3.843779e+01	4.479439e+01
3.660000e-06	5.301946e-09	6.982464e-10	3.844773e+01	4.469110e+01
3.670000e-06	5.302832e-09	6.956959e-10	3.845416e+01	4.458742e+01
3.680000e-06	5.303350e-09	6.960727e-10	3.845791e+01	4.448392e+01
3.690000e-06	5.303598e-09	6.984602e-10	3.845970e+01	4.438119e+01
3.700000e-06	5.303611e-09	6.997853e-10	3.845979e+01	4.427977e+01
3.710000e-06	5.303347e-09	6.985350e-10	3.845788e+01	4.418022e+01
3.720000e-06	5.302742e-09	6.955256e-10	3.845349e+01	4.408307e+01
3.730000e-06	5.301757e-09	6.935115e-10	3.844635e+01	4.398880e+01
3.740000e-06	5.300408e-09	6.944955e-10	3.843656e+01	4.389789e+01
3.750000e-06	5.298732e-09	7.069599e-10	3.842440e+01	4.381077e+01
3.760000e-06	5.296755e-09	7.188561e-10	3.841007e+01	4.372783e+01
3.770000e-06	5.294464e-09	6.862017e-10	3.839345e+01	4.364943e+01
3.780000e-06	5.291808e-09	6.298174e-10	3.837419e+01	4.357587e+01
3.790000e-06	5.288715e-09	6.140452e-10	3.835176e+01	4.350740e+01
3.800000e-06	5.285177e-09	6.336167e-10	3.832609e+01	4.344424e+01
3.810000e-06	5.281314e-09	6.678250e-10	3.829808e+01	4.338652e+01
3.820000e-06	5.277280e-09	6.456091e-10	3.826883e+01	4.333435e+01
3.830000e-06	5.273053e-09	6.457542e-10	3.823817e+01	4.328777e+01
3.840000e-06	5.268394e-09	6.841094e-10	3.820439e+01	4.324675e+01
3.850000e-06	5.263126e-09	6.884771e-10	3.816619e+01	4.321122e+01
3.860000e-06	5.257350e-09	6.438014e-10	3.812430e+01	4.318106e+01
3.870000e-06	5.251209e-09	5.913920e-10	3.807976e+01	4.315606e+01
3.880000e-06	5.244628e-09	6.213083e-10	3.803204e+01	4.313600e+01
3.890000e-06	5.237526e-09	6.382705e-10	3.798053e+01	4.312058e+01
3.900000e-06	5.229996e-09	6.417793e-10	3.792592e+01	4.310946e+01
3.910000e-06	5.222159e-09	6.398224e-10	3.786909e+01	4.310224e+01
3.920000e-06	5.214014e-09	6.733402e-10	3.781002e+01	4.309849e+01
3.930000e-06	5.205538e-09	6.608824e-10	3.774855e+01	4.309773e+01
3.940000e-06	5.196757e-09	6.176344e-10	3.768487e+01	4.309947e+01
3.950000e-06	5.187656e-09	6.039016e-10	3.761887e+01	4.310314e+01
3.960000e-06	5.178168e-09	6.360754e-10	3.755007e+01	4.310819e+01
3.970000e-06	5.168296e-09	6.540270e-10	3.747847e+01	4.311403e+01
3.980000e-06	5.158083e-09	6.525936e-10	3.740441e+01	4.312003e+01
3.990000e-06	5.147506e-09	6.689419e-10	3.732770e+01	4.312559e+01
4.000000e-06	5.136524e-09	6.870270e-10	3.724807e+01	4.313007e+01
4.010000e-06	5.125162e-09	6.773532e-10	3.716567e+01	4.313284e+01
4.020000e-06	5.113432e-09	6.499473e-10	3.708061e+01	4.313328e+01
4.030000e-06	5.101312e-09	6.632290e-10	3.699272e+01	4.313077e+01
4.040000e-06	5.088799e-09	6.877266e-10	3.690197e+01	4.312469e+01
4.050000e-06	5.075850e-09	6.942701e-10	3.680806e+01	4.311447e+01
4.060000e-06	5.062330e-09	6.760306e-10	3.671002e+01	4.309954e+01
4.070000e-06	5.048149e-09	6.895209e-10	3.660717e+01	4.307936e+01
4.080000e-06	5.033393e-09	6.994802e-10	3.650016e+01	4.305344e+01
4.090000e-06	5.018209e-09	6.773577e-10	3.639006e+01	4.302129e+01
4.100000e-06	5.002687e-09	6.382031e-10	3.627749e+01	4.298248e+01
4.110000e-06	4.986889e-09	6.468918e-10	3.616293e+01	4.293664e+01
4.120000e-06	4.970846e-09	6.672984e-10	3.604659e+01	4.288342e+01
4.130000e-06	4.954514e-09	6.765708e-10	3.592816e+01	4.282251e+01
4.140000e-06	4.937824e-09	6.681669e-10	3.580713e+01	4.275368e+01
4.150000e-06	4.920767e-09	6.630053e-10	3.568344e+01	4.267672e+01
4.160000e-06	4.903372e-09	6.469833e-10	3.555729e+01	4.259148e+01
4.170000e-06	4.885666e-09	6.466641e-10	3.542889e+01	4.249787e+01
4.180000e-06	4.867657e-09	6.435341e-10	3.529829e+01	4.239585e+01
4.190000e-06	4.849316e-09	6.269621e-10	3.516528e+01	4.228542e+01
4.200000e-06	4.830609e-09	6.270373e-10	3.502963e+01	4.216663e+01
4.210000e-06	4.811550e-09	6.543628e-10	3.489142e+01	4.203960e+01
4.220000e-06	4.792190e-09	6.567081e-10	3.475102e+01	4.190446e+01
4.230000e-06	4.772590e-09	6.333144e-10	3.460889e+01	4.176143e+01
4.240000e-06	4.752791e-09	6.249197e-10	3.446531e+01	4.161072e+01
4.250000e-06	4.732791e-09	6.233660e-10	3.432028e+01	4.145263e+01
4.260000e-06	4.712531e-09	6.180443e-10	3.417336e+01	4.128746e+01
4.270000e-06	4.691910e-09	6.187981e-10	3.402382e+01	4.111555e+01
4.280000e-06	4.670819e-09	6.240167e-10	3.387088e+01	4.093729e+01
4.290000e-06	4.649183e-09	6.243937e-10	3.371397e+01	4.075305e+01
4.300000e-06	4.626984e-09	6.333059e-10	3.355300e+01	4.056328e+01
4.310000e-06	4.604267e-09	6.273398e-10	3.338825e+01	4.036839e+01
4.320000e-06	4.581114e-09	6.058553e-10	3.322036e+01	4.016884e+01
4.330000e-06	4.557634e-09	5.948596e-10	3.305009e+01	3.996508e+01
4.340000e-06	4.533913e-09	6.050538e-10	3.287807e+01	3.975757e+01
4.350000e-06	4.509990e-09	6.062381e-10	3.270458e+01	3.954678e+01
4.360000e-06	4.485844e-09	6.029147e-10	3.252948e+01	3.933315e+01
4.370000e-06	4.461426e-09	6.013215e-10	3.235241e+01	3.911715e+01
4.380000e-06	4.436693e-09	6.062565e-10	3.217305e+01	3.889919e+01
4.390000e-06	4.411626e-09	6.045695e-10	3.199127e+01	3.867971e+01
4.400000e-06	4.386238e-09	5.954545e-10	3.180717e+01	3.845910e+01
4.410000e-06	4.360553e-09	5.814793e-10	3.162090e+01	3.823776e+01
4.420000e-06	4.334588e-09	5.825384e-10	3.143261e+01	3.801602e+01
4.430000e-06	4.308343e-09	5.881746e-10	3.124228e+01	3.779424e+01
4.440000e-06	4.281789e-09	5.867744e-10	3.104973e+01	3.757271e+01
4.450000e-06	4.254909e-09	5.787894e-10	3.085479e+01	3.735169e+01
4.460000e-06	4.227717e-09	5.785858e-10	3.065761e+01	3.713144e+01
4.470000e-06	4.200266e-09	5.802734e-10	3.045854e+01	3.691215e+01
4.480000e-06	4.172612e-09	5.763300e-10	3.025800e+01	3.669401e+01
4.490000e-06	4.144787e-09	5.657253e-10	3.005623e+01	3.647715e+01
4.500000e-06	4.116782e-09	5.594096e-10	2.985314e+01	3.626167e+01
4.510000e-06	4.088548e-09	5.615101e-10	2.964840e+01	3.604765e+01
4.520000e-06	4.060005e-09	5.630774e-10	2.944142e+01	3.583512e+01
4.530000e-06	4.031071e-09	5.578184e-10	2.923159e+01	3.562409e+01
4.540000e-06	4.001685e-09	5.535602e-10	2.901850e+01	3.541454e+01
4.550000e-06	3.971821e-09	5.552072e-10	2.880192e+01	3.520641e+01
4.560000e-06	3.941491e-09	5.546123e-10	2.858198e+01	3.499962e+01
4.570000e-06	3.910743e-09	5.470862e-10	2.835900e+01	3.479406e+01
4.580000e-06	3.879644e-09	5.367262e-10	2.813348e+01	3.458960e+01
4.590000e-06	3.848263e-09	5.350020e-10	2.790592e+01	3.438607e+01
4.600000e-06	3.816664e-09	5.384972e-10	2.767677e+01	3.418332e+01
4.610000e-06	3.784885e-09	5.386541e-10	2.744632e+01	3.398115e+01
4.620000e-06	3.752931e-09	5.303899e-10	2.721460e+01	3.377935e+01
4.630000e-06	3.720785e-09	5.246751e-10	2.698149e+01	3.357771e+01
4.640000e-06	3.688418e-09	5.234386e-10	2.674677e+01	3.337601e+01
4.650000e-06	3.655798e-09	5.215005e-10	2.651022e+01	3.317401e+01
4.660000e-06	3.622913e-09	5.127450e-10	2.627175e+01	3.297148e+01
4.670000e-06	3.589773e-09	5.066402e-10	2.603143e+01	3.276819e+01
4.680000e-06	3.556395e-09	5.059818e-10	2.578938e+01	3.256390e+01
4.690000e-06	3.522796e-09	5.076929e-10	2.554573e+01	3.235838e+01
4.700000e-06	3.488983e-09	5.048988e-10	2.530053e+01	3.215141e+01
4.710000e-06	3.454949e-09	5.008060e-10	2.505373e+01	3.194277e+01
4.720000e-06	3.420681e-09	4.968625e-10	2.480523e+01	3.173226e+01
4.730000e-06	3.386167e-09	4.933988e-10	2.455495e+01	3.151968e+01
4.740000e-06	3.351394e-09	4.862955e-10	2.430278e+01	3.130484e+01
4.750000e-06	3.316357e-09	4.790496e-10	2.404870e+01	3.108758e+01
4.760000e-06	3.281080e-09	4.752491e-10	2.379288e+01	3.086775e+01
4.770000e-06	3.245609e-09	4.754952e-10	2.353566e+01	3.064520e+01
4.780000e-06	3.209987e-09	4.751092e-10	2.327734e+01	3.041982e+01
4.790000e-06	3.174240e-09	4.714886e-10	2.301812e+01	3.019150e+01
4.800000e-06	3.138377e-09	4.672234e-10	2.275806e+01	2.996015e+01
4.810000e-06	3.102388e-09	4.648370e-10	2.249708e+01	2.972570e+01
4.820000e-06	3.066244e-09	4.611925e-10	2.223498e+01	2.948809e+01
4.830000e-06	3.029898e-09	4.540421e-10	2.197141e+01	2.924730e+01
4.840000e-06	2.993300e-09	4.464570e-10	2.170601e+01	2.900328e+01
4.850000e-06	2.956407e-09	4.430391e-10	2.143847e+01	2.875605e+01
4.860000e-06	2.919192e-09	4.429524e-10	2.116860e+01	2.850560e+01
4.870000e-06	2.881626e-09	4.407924e-10	2.089618e+01	2.825195e+01
4.880000e-06	2.843684e-09	4.368634e-10	2.062104e+01	2.799513e+01
4.890000e-06	2.805363e-09	4.332583e-10	2.034315e+01	2.773518e+01
4.900000e-06	2.766695e-09	4.317349e-10	2.006274e+01	2.747215e+01
4.910000e-06	2.727731e-09	4.285013e-10	1.978019e+01	2.720611e+01
4.920000e-06	2.688519e-09	4.216853e-10	1.949583e+01	2.693710e+01
4.930000e-06	2.649107e-09	4.142450e-10	1.921003e+01	2.666522e+01
4.940000e-06	2.609545e-09	4.117728e-10	1.892314e+01	2.639052e+01
4.950000e-06	2.569865e-09	4.125081e-10	1.863539e+01	2.611308e+01
4.960000e-06	2.530084e-09	4.136293e-10	1.834692e+01	2.583299e+01
4.970000e-06	2.490211e-09	4.141311e-10	1.805777e+01	2.555032e+01
4.980000e-06	2.450239e-09	4.137470e-10	1.776791e+01	2.526514e+01
4.990000e-06	2.410162e-09	4.092437e-10	1.747728e+01	2.497753e+01
5.000000e-06	2.369964e-09	4.002006e-10	1.718578e+01	2.468756e+01
5.010000e-06	2.329624e-09	3.891734e-10	1.689325e+01	2.439530e+01
5.020000e-06	2.289126e-09	3.810748e-10	1.659957e+01	2.410080e+01
5.030000e-06	2.248464e-09	3.762097e-10	1.630470e+01	2.380413e+01
5.040000e-06	2.207627e-09	3.750076e-10	1.600857e+01	2.350533e+01
5.050000e-06	2.166611e-09	3.760088e-10	1.571114e+01	2.320445e+01
5.060000e-06	2.125427e-09	3.767600e-10	1.541249e+01	2.290153e+01
5.070000e-06	2.084091e-09	3.738336e-10	1.511273e+01	2.259659e+01
5.080000e-06	2.042613e-09	3.662012e-10	1.481195e+01	2.228965e+01
5.090000e-06	2.001004e-09	3.566554e-10	1.451021e+01	2.198074e+01
5.100000e-06	1.959269e-09	3.490742e-10	1.420756e+01	2.166987e+01
5.110000e-06	1.917410e-09	3.438273e-10	1.390401e+01	2.135702e+01
5.120000e-06	1.875429e-09	3.407541e-10	1.359958e+01	2.104221e+01
5.130000e-06	1.833330e-09	3.411990e-10	1.329430e+01	2.072542e+01
5.140000e-06	1.791108e-09	3.433281e-10	1.298812e+01	2.040663e+01
5.150000e-06	1.748755e-09	3.422963e-10	1.268099e+01	2.008583e+01
5.160000e-06	1.706267e-09	3.360174e-10	1.237288e+01	1.976299e+01
5.170000e-06	1.663639e-09	3.284932e-10	1.206376e+01	1.943808e+01
5.180000e-06	1.620867e-09	3.217929e-10	1.175359e+01	1.911108e+01
5.190000e-06	1.577949e-09	3.158548e-10	1.144236e+01	1.878194e+01
5.200000e-06	1.534896e-09	3.087601e-10	1.113015e+01	1.845063e+01
5.210000e-06	1.491726e-09	3.027159e-10	1.081710e+01	1.811711e+01
5.220000e-06	1.448454e-09	3.007986e-10	1.050331e+01	1.778134e+01
5.230000e-06	1.405094e-09	2.992378e-10	1.018888e+01	1.744329e+01
5.240000e-06	1.361659e-09	2.938293e-10	9.873905e+00	1.710292e+01
5.250000e-06	1.318156e-09	2.859558e-10	9.558439e+00	1.676018e+01
5.260000e-06	1.274591e-09	2.796425e-10	9.242525e+00	1.641505e+01
5.270000e-06	1.230974e-09	2.756376e-10	8.926228e+00	1.606747e+01
5.280000e-06	1.187312e-09	2.700936e-10	8.609607e+00	1.571743e+01
5.290000e-06	1.143609e-09	2.625084e-10	8.292689e+00	1.536488e+01
5.300000e-06	1.099865e-09	2.563316e-10	7.975476e+00	1.500979e+01
5.310000e-06	1.056080e-09	2.529648e-10	7.657967e+00	1.465214e+01
5.320000e-06	1.012254e-09	2.482452e-10	7.340154e+00	1.429189e+01
5.330000e-06	9.683893e-10	2.401590e-10	7.022067e+00	1.392902e+01
5.340000e-06	9.244923e-10	2.309702e-10	6.703743e+00	1.356350e+01
5.350000e-06	8.805645e-10	2.241835e-10	6.385196e+00	1.319530e+01
5.360000e-06	8.366110e-10	2.196209e-10	6.066460e+00	1.282441e+01
5.370000e-06	7.926338e-10	2.145647e-10	5.747552e+00	1.245081e+01
5.380000e-06	7.486310e-10	2.103607e-10	5.428460e+00	1.207445e+01
5.390000e-06	7.045969e-10	2.083708e-10	5.109142e+00	1.169534e+01
5.400000e-06	6.605233e-10	2.047296e-10	4.789536e+00	1.131343e+01
5.410000e-06	6.164109e-10	1.956428e-10	4.469649e+00	1.092871e+01
5.420000e-06	5.722661e-10	1.849693e-10	4.149529e+00	1.054116e+01
5.430000e-06	5.280955e-10	1.775223e-10	3.829221e+00	1.015074e+01
5.440000e-06	4.839035e-10	1.732364e-10	3.508756e+00	9.757428e+00
5.450000e-06	4.396929e-10	1.694222e-10	3.188157e+00	9.361195e+00
5.460000e-06	3.954618e-10	1.643644e-10	2.867410e+00	8.962009e+00
5.470000e-06	3.511993e-10	1.592747e-10	2.546436e+00	8.559836e+00
5.480000e-06	3.068983e-10	1.540106e-10	2.225183e+00	8.154638e+00
5.490000e-06	2.625663e-10	1.451173e-10	1.903705e+00	7.746377e+00
5.500000e-06	2.182189e-10	1.325109e-10	1.582115e+00	7.335012e+00
5.510000e-06	1.738687e-10	1.229561e-10	1.260503e+00	6.920500e+00
5.520000e-06	1.295237e-10	1.190885e-10	9.389301e-01	6.502797e+00
5.530000e-06	8.518802e-11	1.157034e-10	6.174239e-01	6.081856e+00
5.540000e-06	4.086052e-11	1.090459e-10	2.959759e-01	5.657630e+00
5.550000e-06	-3.466187e-12	1.013629e-10	-2.546605e-02	5.230072e+00
5.560000e-06	-4.779618e-11	9.527057e-11	-3.469318e-01	4.799133e+00
5.570000e-06	-9.213163e-11	8.863001e-11	-6.684371e-01	4.364766e+00
5.580000e-06	-1.364702e-10	7.958731e-11	-9.899635e-01	3.926926e+00
5.590000e-06	-1.807989e-10	7.110040e-11	-1.311418e+00	3.485568e+00
5.600000e-06	-2.251163e-10	6.645842e-11	-1.632791e+00	3.040653e+00
5.610000e-06	-2.694201e-10	6.284263e-11	-1.954065e+00	2.592144e+00
5.620000e-06	-3.137029e-10	5.686131e-11	-2.275185e+00	2.140008e+00
5.630000e-06	-3.579615e-10	4.867458e-11	-2.596129e+00	1.684219e+00
5.640000e-06	-4.021889e-10	4.087833e-11	-2.916849e+00	1.224757e+00
5.650000e-06	-4.463863e-10	3.410765e-11	-3.237352e+00	7.616094e-01
5.660000e-06	-4.905524e-10	2.642932e-11	-3.557628e+00	2.947730e-01
5.670000e-06	-5.346842e-10	1.844251e-11	-3.877656e+00	-1.757473e-01
5.680000e-06	-5.787863e-10	1.181854e-11	-4.197467e+00	-6.499360e-01
5.690000e-06	-6.228582e-10	8.029153e-12	-4.517059e+00	-1.127767e+00
5.700000e-06	-6.669006e-10	3.662605e-12	-4.836438e+00	-1.609201e+00
5.710000e-06	-7.109159e-10	-3.924397e-12	-5.155620e+00	-2.094189e+00
5.720000e-06	-7.549013e-10	-1.475849e-11	-5.474585e+00	-2.582668e+00
5.730000e-06	-7.988579e-10	-2.658537e-11	-5.793342e+00	-3.074561e+00
5.740000e-06	-8.427858e-10	-3.764084e-11	-6.111890e+00	-3.569779e+00
5.750000e-06	-8.866833e-10	-4.712510e-11	-6.430217e+00	-4.068219e+00
5.760000e-06	-9.305524e-10	-5.385265e-11	-6.748338e+00	-4.569762e+00
5.770000e-06	-9.743908e-10	-5.780403e-11	-7.066237e+00	-5.074278e+00
5.780000e-06	-1.018196e-09	-6.186050e-11	-7.383898e+00	-5.581622e+00
5.790000e-06	-1.061966e-09	-6.882338e-11	-7.701302e+00	-6.091638e+00
5.800000e-06	-1.105695e-09	-7.818810e-11	-8.018402e+00	-6.604153e+00
5.810000e-06	-1.149377e-09	-8.920034e-11	-8.335172e+00	-7.118987e+00
5.820000e-06	-1.193013e-09	-1.002790e-10	-8.651596e+00	-7.635943e+00
5.830000e-06	-1.236597e-09	-1.084992e-10	-8.967650e+00	-8.154820e+00
5.840000e-06	-1.280125e-09	-1.139030e-10	-9.283302e+00	-8.675401e+00
5.850000e-06	-1.323591e-09	-1.207166e-10	-9.598502e+00	-9.197464e+00
5.860000e-06	-1.366985e-09	-1.302967e-10	-9.913182e+00	-9.720781e+00
5.870000e-06	-1.410299e-09	-1.410836e-10	-1.022728e+01	-1.024511e+01
5.880000e-06	-1.453521e-09	-1.495956e-10	-1.054071e+01	-1.077022e+01
5.890000e-06	-1.496634e-09	-1.565381e-10	-1.085335e+01	-1.129587e+01
5.900000e-06	-1.539624e-09	-1.635166e-10	-1.116510e+01	-1.182179e+01
5.910000e-06	-1.582485e-09	-1.728567e-10	-1.147590e+01	-1.234777e+01
5.920000e-06	-1.625210e-09	-1.825559e-10	-1.178573e+01	-1.287353e+01
5.930000e-06	-1.667798e-09	-1.913980e-10	-1.209456e+01	-1.339885e+01
5.940000e-06	-1.710253e-09	-2.015552e-10	-1.240243e+01	-1.392349e+01
5.950000e-06	-1.752580e-09	-2.132805e-10	-1.270937e+01	-1.444721e+01
5.960000e-06	-1.794781e-09	-2.219497e-10	-1.301540e+01	-1.496979e+01
5.970000e-06	-1.836861e-09	-2.251507e-10	-1.332054e+01	-1.549102e+01
5.980000e-06	-1.878831e-09	-2.273756e-10	-1.362489e+01	-1.601067e+01
5.990000e-06	-1.920689e-09	-2.332091e-10	-1.392843e+01	-1.652855e+01
6.000000e-06	-1.962434e-09	-2.439644e-10	-1.423115e+01	-1.704449e+01
6.010000e-06	-2.004065e-09	-2.573266e-10	-1.453304e+01	-1.755830e+01
6.020000e-06	-2.045568e-09	-2.712516e-10	-1.483400e+01	-1.806981e+01
6.030000e-06	-2.086925e-09	-2.845292e-10	-1.513390e+01	-1.857889e+01
6.040000e-06	-2.128118e-09	-2.955987e-10	-1.543262e+01	-1.908539e+01
6.050000e-06	-2.169136e-09	-3.009634e-10	-1.573007e+01	-1.958920e+01
6.060000e-06	-2.209968e-09	-3.026118e-10	-1.602617e+01	-2.009020e+01
6.070000e-06	-2.250613e-09	-3.048980e-10	-1.632091e+01	-2.058831e+01
6.080000e-06	-2.291079e-09	-3.107309e-10	-1.661435e+01	-2.108343e+01
6.090000e-06	-2.331380e-09	-3.186357e-10	-1.690660e+01	-2.157549e+01
6.100000e-06	-2.371537e-09	-3.285554e-10	-1.719780e+01	-2.206445e+01
6.110000e-06	-2.411572e-09	-3.414290e-10	-1.748812e+01	-2.255025e+01
6.120000e-06	-2.451512e-09	-3.565039e-10	-1.777775e+01	-2.303285e+01
6.130000e-06	-2.491366e-09	-3.689133e-10	-1.806676e+01	-2.351223e+01
6.140000e-06	-2.531142e-09	-3.757589e-10	-1.835520e+01	-2.398836e+01
6.150000e-06	-2.570835e-09	-3.800239e-10	-1.864303e+01	-2.446122e+01
6.160000e-06	-2.610424e-09	-3.849047e-10	-1.893012e+01	-2.493081e+01
6.170000e-06	-2.649879e-09	-3.896964e-10	-1.921623e+01	-2.539711e+01
6.180000e-06	-2.689164e-09	-3.937672e-10	-1.950111e+01	-2.586012e+01
6.190000e-06	-2.728233e-09	-4.010777e-10	-1.978442e+01	-2.631982e+01
6.200000e-06	-2.767044e-09	-4.132569e-10	-2.006587e+01	-2.677621e+01
6.210000e-06	-2.805558e-09	-4.258355e-10	-2.034515e+01	-2.722927e+01
6.220000e-06	-2.843734e-09	-4.352272e-10	-2.062199e+01	-2.767897e+01
6.230000e-06	-2.881551e-09	-4.438220e-10	-2.089623e+01	-2.812529e+01
6.240000e-06	-2.919001e-09	-4.525858e-10	-2.116780e+01	-2.856820e+01
6.250000e-06	-2.956095e-09	-4.579163e-10	-2.143679e+01	-2.900764e+01
6.260000e-06	-2.992860e-09	-4.583807e-10	-2.170339e+01	-2.944355e+01
6.270000e-06	-3.029341e-09	-4.593852e-10	-2.196794e+01	-2.987588e+01
6.280000e-06	-3.065591e-09	-4.663651e-10	-2.223081e+01	-3.030452e+01
6.290000e-06	-3.101658e-09	-4.774329e-10	-2.249235e+01	-3.072939e+01
6.300000e-06	-3.137586e-09	-4.876375e-10	-2.275288e+01	-3.115037e+01
6.310000e-06	-3.173400e-09	-4.974772e-10	-2.301259e+01	-3.156733e+01
6.320000e-06	-3.209100e-09	-5.084856e-10	-2.327147e+01	-3.198014e+01
6.330000e-06	-3.244660e-09	-5.185687e-10	-2.352934e+01	-3.238863e+01
6.340000e-06	-3.280040e-09	-5.236072e-10	-2.378590e+01	-3.279263e+01
6.350000e-06	-3.315200e-09	-5.242430e-10	-2.404087e+01	-3.319196e+01
6.360000e-06	-3.350110e-09	-5.257879e-10	-2.429402e+01	-3.358641e+01
6.370000e-06	-3.384753e-09	-5.322939e-10	-2.454523e+01	-3.397578e+01
6.380000e-06	-3.419135e-09	-5.411022e-10	-2.479456e+01	-3.435984e+01
6.390000e-06	-3.453280e-09	-5.481356e-10	-2.504216e+01	-3.473836e+01
6.400000e-06	-3.487202e-09	-5.535574e-10	-2.528815e+01	-3.511110e+01
6.410000e-06	-3.520905e-09	-5.598296e-10	-2.553255e+01	-3.547781e+01
6.420000e-06	-3.554380e-09	-5.653245e-10	-2.577529e+01	-3.583825e+01
6.430000e-06	-3.587600e-09	-5.670940e-10	-2.601619e+01	-3.619216e+01
6.440000e-06	-3.620538e-09	-5.666927e-10	-2.625504e+01	-3.653929e+01
6.450000e-06	-3.653185e-09	-5.687951e-10	-2.649178e+01	-3.687940e+01
6.460000e-06	-3.685564e-09	-5.752380e-10	-2.672658e+01	-3.721223e+01
6.470000e-06	-3.717715e-09	-5.821900e-10	-2.695973e+01	-3.753755e+01
6.480000e-06	-3.749681e-09	-5.865587e-10	-2.719153e+01	-3.785515e+01
6.490000e-06	-3.781482e-09	-5.909025e-10	-2.742214e+01	-3.816480e+01
6.500000e-06	-3.813111e-09	-5.967371e-10	-2.765150e+01	-3.846631e+01
6.510000e-06	-3.844532e-09	-6.017792e-10	-2.787935e+01	-3.875950e+01
6.520000e-06	-3.875684e-09	-6.049604e-10	-2.810525e+01	-3.904421e+01
6.530000e-06	-3.906493e-09	-6.079456e-10	-2.832866e+01	-3.932031e+01
6.540000e-06	-3.936898e-09	-6.118869e-10	-2.854915e+01	-3.958768e+01
6.550000e-06	-3.966855e-09	-6.155228e-10	-2.876638e+01	-3.984623e+01
6.560000e-06	-3.996341e-09	-6.187600e-10	-2.898020e+01	-4.009591e+01
6.570000e-06	-4.025369e-09	-6.227632e-10	-2.919070e+01	-4.033669e+01
6.580000e-06	-4.053993e-09	-6.285022e-10	-2.939827e+01	-4.056857e+01
6.590000e-06	-4.082291e-09	-6.350080e-10	-2.960348e+01	-4.079158e+01
6.600000e-06	-4.110350e-09	-6.399044e-10	-2.980694e+01	-4.100578e+01
6.610000e-06	-4.138228e-09	-6.431345e-10	-3.000910e+01	-4.121127e+01
6.620000e-06	-4.165945e-09	-6.461386e-10	-3.021009e+01	-4.140817e+01
6.630000e-06	-4.193475e-09	-6.479523e-10	-3.040973e+01	-4.159665e+01
6.640000e-06	-4.220758e-09	-6.485910e-10	-3.060757e+01	-4.177689e+01
6.650000e-06	-4.247738e-09	-6.496687e-10	-3.080322e+01	-4.194911e+01
6.660000e-06	-4.274392e-09	-6.525281e-10	-3.099650e+01	-4.211357e+01
6.670000e-06	-4.300723e-09	-6.566268e-10	-3.118745e+01	-4.227052e+01
6.680000e-06	-4.326756e-09	-6.608850e-10	-3.137622e+01	-4.242028e+01
6.690000e-06	-4.352499e-09	-6.651012e-10	-3.156290e+01	-4.256315e+01
6.700000e-06	-4.377937e-09	-6.693694e-10	-3.174736e+01	-4.269950e+01
6.710000e-06	-4.403045e-09	-6.715172e-10	-3.192943e+01	-4.282966e+01
6.720000e-06	-4.427810e-09	-6.705827e-10	-3.210902e+01	-4.295402e+01
6.730000e-06	-4.452255e-09	-6.695739e-10	-3.228628e+01	-4.307295e+01
6.740000e-06	-4.476434e-09	-6.716527e-10	-3.246161e+01	-4.318686e+01
6.750000e-06	-4.500404e-09	-6.760923e-10	-3.263543e+01	-4.329613e+01
6.760000e-06	-4.524197e-09	-6.794032e-10	-3.280797e+01	-4.340117e+01
6.770000e-06	-4.547793e-09	-6.809402e-10	-3.297908e+01	-4.350236e+01
6.780000e-06	-4.571125e-09	-6.822037e-10	-3.314827e+01	-4.360009e+01
6.790000e-06	-4.594102e-09	-6.835334e-10	-3.331489e+01	-4.369475e+01
6.800000e-06	-4.616640e-09	-6.841934e-10	-3.347832e+01	-4.378669e+01
6.810000e-06	-4.638673e-09	-6.844350e-10	-3.363810e+01	-4.387626e+01
6.820000e-06	-4.660165e-09	-6.857494e-10	-3.379395e+01	-4.396380e+01
6.830000e-06	-4.681140e-09	-6.888330e-10	-3.394605e+01	-4.404959e+01
6.840000e-06	-4.701675e-09	-6.918551e-10	-3.409496e+01	-4.413393e+01
6.850000e-06	-4.721879e-09	-6.933159e-10	-3.424147e+01	-4.421705e+01
6.860000e-06	-4.741846e-09	-6.947578e-10	-3.438626e+01	-4.429918e+01
6.870000e-06	-4.761617e-09	-6.970348e-10	-3.452963e+01	-4.438050e+01
6.880000e-06	-4.781171e-09	-6.994396e-10	-3.467142e+01	-4.446115e+01
6.890000e-06	-4.800441e-09	-7.005057e-10	-3.481116e+01	-4.454125e+01
6.900000e-06	-4.819367e-09	-7.007239e-10	-3.494840e+01	-4.462087e+01
6.910000e-06	-4.837931e-09	-7.009567e-10	-3.508301e+01	-4.470004e+01
6.920000e-06	-4.856160e-09	-7.001401e-10	-3.521520e+01	-4.477877e+01
6.930000e-06	-4.874092e-09	-6.976803e-10	-3.534524e+01	-4.485701e+01
6.940000e-06	-4.891734e-09	-6.950916e-10	-3.547317e+01	-4.493467e+01
6.950000e-06	-4.909053e-09	-6.959546e-10	-3.559875e+01	-4.501165e+01
6.960000e-06	-4.926011e-09	-7.004331e-10	-3.572172e+01	-4.508779e+01
6.970000e-06	-4.942610e-09	-7.058310e-10	-3.584209e+01	-4.516289e+01
6.980000e-06	-4.958892e-09	-7.096420e-10	-3.596016e+01	-4.523676e+01
6.990000e-06	-4.974922e-09	-7.106590e-10	-3.607640e+01	-4.530912e+01
7.000000e-06	-4.990736e-09	-7.081677e-10	-3.619107e+01	-4.537972e+01
7.010000e-06	-5.006289e-09	-7.028248e-10	-3.630385e+01	-4.544825e+01
7.020000e-06	-5.021467e-09	-6.973494e-10	-3.641391e+01	-4.551440e+01
7.030000e-06	-5.036132e-09	-6.957475e-10	-3.652025e+01	-4.557783e+01
7.040000e-06	-5.050191e-09	-6.997650e-10	-3.662220e+01	-4.563819e+01
7.050000e-06	-5.063637e-09	-7.062822e-10	-3.671970e+01	-4.569514e+01
7.060000e-06	-5.076536e-09	-7.114140e-10	-3.681324e+01	-4.574832e+01
7.070000e-06	-5.088994e-09	-7.141910e-10	-3.690358e+01	-4.579736e+01
7.080000e-06	-5.101101e-09	-7.142915e-10	-3.699137e+01	-4.584192e+01
7.090000e-06	-5.112888e-09	-7.104677e-10	-3.707684e+01	-4.588165e+01
7.100000e-06	-5.124335e-09	-7.030239e-10	-3.715985e+01	-4.591622e+01
7.110000e-06	-5.135401e-09	-6.968482e-10	-3.724009e+01	-4.594533e+01
7.120000e-06	-5.146069e-09	-6.961988e-10	-3.731745e+01	-4.596868e+01
7.130000e-06	-5.156363e-09	-6.993110e-10	-3.739210e+01	-4.598600e+01
7.140000e-06	-5.166328e-09	-7.025914e-10	-3.746436e+01	-4.599707e+01
7.150000e-06	-5.175976e-09	-7.055673e-10	-3.753431e+01	-4.600169e+01
7.160000e-06	-5.185270e-09	-7.077529e-10	-3.760170e+01	-4.599968e+01
7.170000e-06	-5.194170e-09	-7.063296e-10	-3.766624e+01	-4.599092e+01
7.180000e-06	-5.202688e-09	-7.002250e-10	-3.772801e+01	-4.597532e+01
7.190000e-06	-5.210890e-09	-6.932676e-10	-3.778749e+01	-4.595285e+01
7.200000e-06	-5.218854e-09	-6.901603e-10	-3.784524e+01	-4.592351e+01
7.210000e-06	-5.226608e-09	-6.915790e-10	-3.790146e+01	-4.588734e+01
7.220000e-06	-5.234113e-09	-6.943300e-10	-3.795588e+01	-4.584445e+01
7.230000e-06	-5.241270e-09	-6.974245e-10	-3.800778e+01	-4.579498e+01
7.240000e-06	-5.247967e-09	-7.005928e-10	-3.805634e+01	-4.573911e+01
7.250000e-06	-5.254115e-09	-7.006116e-10	-3.810092e+01	-4.567709e+01
7.260000e-06	-5.259667e-09	-6.959712e-10	-3.814118e+01	-4.560920e+01
7.270000e-06	-5.264645e-09	-6.890277e-10	-3.817727e+01	-4.553576e+01
7.280000e-06	-5.269147e-09	-6.844260e-10	-3.820991e+01	-4.545714e+01
7.290000e-06	-5.273302e-09	-6.826060e-10	-3.824004e+01	-4.537375e+01
7.300000e-06	-5.277208e-09	-6.825935e-10	-3.826836e+01	-4.528602e+01
7.310000e-06	-5.280887e-09	-6.834514e-10	-3.829503e+01	-4.519443e+01
7.320000e-06	-5.284285e-09	-6.846462e-10	-3.831968e+01	-4.509948e+01
7.330000e-06	-5.287328e-09	-6.848695e-10	-3.834174e+01	-4.500170e+01
7.340000e-06	-5.289984e-09	-6.817970e-10	-3.836100e+01	-4.490163e+01
7.350000e-06	-5.292282e-09	-6.768199e-10	-3.837766e+01	-4.479984e+01
7.360000e-06	-5.294271e-09	-6.735199e-10	-3.839208e+01	-4.469689e+01
7.370000e-06	-5.295967e-09	-6.726530e-10	-3.840437e+01	-4.459338e+01
7.380000e-06	-5.297292e-09	-6.723426e-10	-3.841397e+01	-4.448987e+01
7.390000e-06	-5.298144e-09	-6.707525e-10	-3.842016e+01	-4.438694e+01
7.400000e-06	-5.298622e-09	-6.686017e-10	-3.842362e+01	-4.428516e+01
