1.309420e+02
8.940363e+01
9.282764e+01
5.467244e+01
6.610849e+01
1.065442e+02
8.840297e+01
6.816999e+01
9.564023e+01
8.476380e+01
7.127457e+01
7.366475e+01
5.649545e+01
6.606784e+01
9.133651e+01
7.061086e+01
7.656613e+01
9.258704e+01
7.512006e+01
7.684200e+01
7.113367e+01
7.686717e+01
7.013759e+01
5.099848e+01
9.248593e+01
7.799356e+01
7.965621e+01
7.890117e+01
8.641548e+01
7.667832e+01
7.843174e+01
8.299070e+01
8.187181e+01
6.123967e+01
9.578791e+01
7.510841e+01
8.906779e+01
8.443556e+01
8.474625e+01
7.584719e+01
7.361176e+01
6.149241e+01
9.791636e+01
7.620504e+01
8.699943e+01
8.532760e+01
7.291603e+01
8.007494e+01
6.482761e+01
8.614773e+01
6.261336e+01
7.313203e+01
6.743127e+01
5.800724e+01
5.922290e+01
6.462985e+01
7.516842e+01
6.971227e+01
5.608082e+01
6.818226e+01
7.878573e+01
7.724361e+01
7.222388e+01
1.007165e+02
7.672932e+01
5.602439e+01
7.555333e+01
5.762685e+01
6.237675e+01
7.453669e+01
9.124311e+01
7.010466e+01
6.681206e+01
8.013809e+01
7.806207e+01
7.820312e+01
4.654732e+01
7.184307e+01
8.056333e+01
5.641042e+01
5.219407e+01
8.302583e+01
7.723686e+01
6.619117e+01
5.716989e+01
6.310833e+01
4.375969e+01
3.788048e+01
8.366801e+01
5.399476e+01
6.345800e+01
6.180140e+01
6.201323e+01
6.638871e+01
6.259018e+01
4.416321e+01
6.280393e+01
6.242979e+01
4.852059e+01
6.460972e+01
6.235590e+01
5.469549e+01
6.234738e+01
6.122196e+01
7.850897e+01
7.076969e+01
3.802223e+01
6.331194e+01
5.418790e+01
5.245060e+01
4.051550e+01
4.532752e+01
4.425478e+01
5.097514e+01
3.989136e+01
2.899779e+01
4.317716e+01
3.734609e+01
5.233005e+01
5.370385e+01
5.697405e+01
6.413883e+01
5.175904e+01
4.692397e+01
4.743372e+01
4.468819e+01
3.562237e+01
4.225292e+01
5.143542e+01
3.208164e+01
5.141881e+01
3.541349e+01
3.868802e+01
3.154761e+01
5.222858e+01
3.080560e+01
3.102775e+01
5.481835e+01
4.814325e+01
1.984340e+01
4.998824e+01
4.449050e+01
2.899810e+01
2.283207e+01
2.571866e+01
2.562912e+01
2.796339e+01
4.386721e+01
4.045730e+01
2.743525e+01
2.212464e+01
3.844098e+01
2.316818e+01
4.665550e+01
4.270854e+01
2.307263e+01
4.631415e+01
3.462917e+01
4.493111e+01
3.820189e+01
2.564814e+01
3.114778e+01
4.191098e+01
3.582236e+01
2.454749e+01
2.999825e+01
1.993162e+01
3.389034e+01
1.965822e+01
5.093988e-01
2.035725e+01
2.903417e+01
2.302880e+01
2.793281e+01
1.567588e+01
1.486806e+01
2.083641e+01
2.805557e+01
1.900413e+01
2.650937e+01
2.243928e+01
3.871336e+01
3.119545e+01
3.702194e+01
1.965872e+01
3.068429e+01
2.109575e+01
9.176962e+00
2.049084e+01
1.246632e+01
4.173201e+00
2.451361e+01
3.785405e+01
1.252495e+01
2.450267e+01
2.174350e+01
7.151097e+00
1.700780e+01
1.099364e+01
1.796919e+01
2.758253e+01
1.181577e+00
1.916496e+01
8.161694e+00
1.190827e+01
1.763903e+00
3.987924e+00
4.940197e+00
4.923806e+00
2.517329e+01
4.506290e+00
1.750874e+01
4.662300e+00
1.642977e+01
2.002182e+01
3.736854e+01
2.901797e+01
2.890895e+01
3.412283e+00
1.262307e+01
8.040988e+00
1.249094e+01
4.592679e-01
1.468866e+01
2.201791e+01
1.545525e+00
7.688556e+00
3.447141e+01
1.497719e+01
4.279061e+00
2.973994e+00
1.863464e+01
1.542671e+01
7.605738e+00
6.166125e+00
8.063624e+00
4.377161e+00
4.505753e+00
4.187198e-01
7.809362e+00
3.243963e+00
5.644488e+00
1.922071e+00
1.954569e+01
1.510756e+01
1.090225e+01
1.281253e+01
2.296990e+01
1.393051e+01
5.989717e+00
7.373857e-01
3.275601e+00
8.863459e-01
1.849141e+00
1.214410e+01
1.336204e+01
4.540709e+00
2.998837e+00
4.784519e+00
1.411600e-01
7.804610e+00
9.083345e+00
1.231153e+00
7.851806e+00
2.182677e+01
2.086518e+01
8.919453e+00
1.739814e+01
6.120868e+00
1.544506e+00
5.467565e-01
1.841534e+01
6.792348e+00
1.093870e+01
8.066941e+00
1.142844e+01
4.775759e+00
2.648726e+00
7.783351e+00
1.163859e+00
2.459594e+00
6.114675e-01
1.881927e+00
3.865431e+00
1.303490e+01
5.062095e-01
2.947370e+00
6.929004e+00
1.885939e+01
4.135729e+00
1.964924e+00
2.050801e+01
2.843973e+01
1.514363e+01
1.658550e+00
7.037855e+00
1.445602e+01
1.508084e+01
2.409724e+01
2.715614e+01
2.319799e+01
1.658653e+01
3.521585e+01
1.697120e+01
2.709954e+01
3.116331e+01
6.573650e+00
2.816185e+01
2.465810e+01
3.343903e+01
2.533463e+01
3.875847e+01
2.922920e+01
2.412922e+01
2.552642e+01
3.506361e+01
3.054363e+01
3.401131e+01
2.508791e+01
4.778926e+01
4.314410e+01
2.295881e+01
3.461752e+01
4.612234e+01
4.442221e+01
4.141783e+01
3.230853e+01
2.380587e+01
4.086031e+01
4.060752e+01
2.351298e+01
2.490572e+01
3.046801e+01
5.886794e+01
4.902021e+01
3.017031e+01
3.818093e+01
1.371538e+01
3.830758e+01
4.125186e+01
5.625414e+01
5.110094e+01
4.184439e+01
3.905709e+01
3.915696e+01
4.881698e+01
1.746454e+01
2.153756e+01
2.246960e+01
3.918275e+01
4.071628e+01
3.129992e+01
5.408684e+01
1.833742e+01
4.217808e+01
3.037490e+01
4.433108e+01
3.899977e+01
3.568266e+01
2.619041e+01
3.548772e+01
2.479747e+01
2.858227e+01
2.909490e+01
4.018943e+01
4.377012e+01
3.162026e+01
4.470849e+01
5.370744e+01
3.488286e+01
3.559202e+01
5.238580e+01
6.463882e+01
5.239699e+01
4.368643e+01
4.302098e+01
4.162574e+01
3.257094e+01
4.832914e+01
4.843814e+01
4.478726e+01
5.071064e+01
4.220316e+01
4.035613e+01
5.585399e+01
3.397569e+01
2.660634e+01
4.487758e+01
5.991784e+01
5.802744e+01
5.001924e+01
2.497374e+01
6.009876e+01
5.296379e+01
3.481861e+01
5.277223e+01
4.053553e+01
6.360085e+01
4.386782e+01
7.025812e+01
3.249275e+01
4.367454e+01
4.214253e+01
4.190659e+01
3.528955e+01
3.814376e+01
3.712869e+01
4.287778e+01
4.888262e+01
4.823262e+01
5.374257e+01
6.153948e+01
4.820789e+01
4.990604e+01
4.303578e+01
5.571746e+01
5.453839e+01
5.372440e+01
5.297105e+01
4.289541e+01
5.371104e+01
4.258201e+01
5.264518e+01
5.852581e+01
6.552223e+01
5.135951e+01
4.443525e+01
5.463803e+01
4.127076e+01
5.904571e+01
5.336496e+01
4.603517e+01
5.322080e+01
5.665727e+01
4.354079e+01
4.033819e+01
4.449894e+01
4.748102e+01
3.892157e+01
3.146007e+01
3.827037e+01
4.799337e+01
4.756483e+01
3.840336e+01
3.267577e+01
3.737503e+01
5.337615e+01
3.581917e+01
4.106146e+01
3.904178e+01
4.198353e+01
3.782373e+01
4.404781e+01
4.613963e+01
3.945642e+01
4.129339e+01
4.111333e+01
4.246993e+01
4.744785e+01
3.349658e+01
3.781965e+01
3.068082e+01
4.520350e+01
5.123869e+01
2.761566e+01
5.368485e+01
3.758556e+01
4.192461e+01
3.968358e+01
5.252093e+01
4.329770e+01
3.023909e+01
4.991834e+01
4.916539e+01
3.365459e+01
2.886898e+01
3.414454e+01
3.737386e+01
4.072585e+01
3.302667e+01
4.601051e+01
3.618167e+01
3.563671e+01
2.853024e+01
3.401417e+01
4.582476e+01
4.124252e+01
4.147325e+01
4.315207e+01
4.225973e+01
4.122187e+01
2.947414e+01
2.773094e+01
2.342370e+01
2.596270e+01
2.551206e+01
3.315441e+01
3.926045e+01
2.305150e+01
8.856371e+00
4.540712e+01
4.970956e+01
2.215764e+01
1.964930e+01
3.238780e+01
4.154024e+01
3.393790e+01
4.245174e+01
4.038354e+01
2.030980e+01
4.390258e+01
4.407487e+01
2.614150e+01
2.339854e+01
4.716893e+01
2.438699e+01
2.766216e+01
3.861555e+01
4.379343e+00
1.344891e+01
2.189747e+01
2.166521e+01
3.246852e+01
5.335885e+00
2.363618e+01
1.652038e+01
2.821226e+01
1.959759e+01
1.740214e+01
1.298857e+01
1.930595e+01
2.330768e+01
2.039647e+01
1.114146e+01
1.338165e+01
1.885189e+01
1.398336e+01
8.819036e+00
1.420169e+01
2.283040e+01
7.972100e+00
2.955825e+00
9.719498e+00
1.499181e+01
8.273879e+00
3.098800e+01
5.463477e-01
9.221092e+00
2.886317e+01
1.022492e+01
7.795013e+00
3.155899e+01
1.965149e+01
2.267104e+01
4.890710e-01
1.337659e+00
1.758728e+01
8.693348e+00
1.407388e+01
2.529642e+01
2.266021e+01
3.260394e+01
1.681918e+01
2.355876e+01
3.158598e+01
2.406351e+00
8.102033e+00
1.843899e+01
1.729007e+01
1.043082e+01
1.047644e+01
1.721937e+01
1.011034e+01
8.597427e+00
1.696861e+01
3.361615e+00
2.375449e+01
4.172110e+00
1.344911e+01
8.394779e+00
1.358410e+01
2.690130e+00
3.511533e+00
3.170312e+01
1.900999e+00
1.467877e+01
7.193352e+00
1.886796e+01
3.360705e+01
3.299707e+01
1.009283e+01
1.094636e+01
1.640624e+01
9.300689e+00
9.068758e-01
8.272383e+00
1.878771e+01
6.423117e+00
2.049390e+00
1.481526e+01
1.473881e+01
1.022299e+01
1.620384e+01
4.746722e+00
3.412998e+00
1.345381e+01
9.864886e+00
7.054301e+00
3.085161e+01
5.043937e+00
7.121213e+00
1.557576e+01
1.375134e+01
2.923731e+01
2.894336e+01
3.301379e+00
6.365126e+00
1.899258e+01
1.601921e+01
1.518750e+00
5.016610e-01
1.161466e+00
1.105126e+01
1.576310e+01
1.278242e+01
1.533280e+01
8.409982e+00
1.120654e+01
1.786462e+01
1.556756e+01
5.988992e+00
1.320370e+01
1.028981e+01
3.546055e+00
1.453948e+01
2.522051e+01
8.846687e+00
3.533817e+00
1.835429e+01
1.348341e+00
6.764978e+00
6.617854e+00
2.494329e+01
6.762260e+00
1.653831e+01
5.825576e+00
2.321568e+00
4.557261e+00
2.348695e+01
7.852716e+00
3.785078e-01
1.614135e+01
1.231758e+01
6.552587e+00
7.435794e+00
3.628462e+00
1.965821e+01
9.963875e+00
1.855700e+00
2.267111e+01
6.078927e+00
4.388939e-01
2.324294e+00
2.357663e+01
1.815072e+01
2.134147e+01
7.407860e+00
1.931374e+01
6.161980e+00
5.557962e+00
2.182161e+01
4.307678e+00
8.853775e+00
3.084229e+00
1.414636e+01
5.329892e+00
1.385112e+01
9.575548e-01
7.364115e+00
2.271133e+01
4.006908e-01
7.804580e+00
1.319937e+00
7.392683e+00
4.994577e+00
1.881487e+00
1.890341e+01
1.420581e+01
9.643823e+00
3.157923e+01
1.411675e+01
2.238306e+01
2.196421e+00
2.317499e+01
7.029618e+00
1.476723e+00
6.060635e+00
2.195252e+01
1.636939e+01
3.431134e+00
7.696943e+00
1.865998e+01
1.683432e+01
2.641490e+00
3.350749e+00
9.524685e+00
3.190996e+01
5.333797e+00
4.417711e+00
2.576649e+01
9.352184e+00
3.586884e+01
3.894334e+01
1.789366e+01
1.109946e+01
3.617547e+01
1.482204e+01
3.629905e+01
3.515022e+01
4.365441e+01
3.313211e+01
2.003219e+00
2.505678e+01
5.848267e+01
8.500839e+00
9.521199e+00
1.429998e+01
3.526225e+01
5.203925e+00
2.546880e+01
1.991063e+01
1.021814e+01
2.996403e+01
3.731591e+01
1.177637e+01
4.224738e+01
2.374673e+01
2.003212e+01
2.250873e+01
2.316054e+01
3.427120e+01
4.196680e+01
4.042263e+01
5.397792e+01
5.642076e+01
4.639936e+01
3.218424e+01
2.370677e+01
1.079048e+01
2.793537e+01
2.743702e+01
2.256842e+01
3.933801e+01
9.381538e+00
1.385505e+00
1.206145e+01
3.045491e+01
1.688771e+01
2.445419e+01
2.569072e+01
1.951563e+01
1.710263e+01
1.178736e+01
2.111207e+01
5.271969e+00
4.739700e+01
1.152482e+01
3.965860e+01
3.055085e+01
2.621353e+01
3.806114e+01
3.665370e+01
4.252616e+01
2.903928e+01
8.939626e+00
2.898324e+01
1.741031e+01
4.690171e+01
1.878519e+01
1.572530e+01
2.974273e+01
2.606619e+01
3.395763e+01
2.779778e+01
2.692298e+01
4.432458e+01
5.518639e+01
2.000615e+01
3.242773e+01
3.380520e+01
5.009195e+01
3.347442e+01
3.581892e+01
6.254151e+01
3.747355e+01
4.232796e+01
5.602887e+01
3.351524e+01
3.141962e+01
1.927307e-01
2.667396e+01
8.283313e+01
