# Temperatura_=_20.0
# Concentracion g/m^3_=_1720.0
# C_Vs_to_Am_M_A/Vsm_=_65563218390.804596
# pendiente_HvsI_1/m_=_3716.3
# ordenada_HvsI_A/m_=_1297.0
# frecuencia_Hz_=_135018.79893546633
# Promedio de 22 ciclos

Tiempo_(s)	Campo_(V.s)	Magnetizacion_(V.s)	Campo_(kA/m)	Magnetizacion_(A/m)
0.000000e+00	-5.291329e-09	-6.604686e-10	-3.842432e+01	-4.335700e+01
1.000000e-08	-5.291440e-09	-6.598392e-10	-3.842512e+01	-4.337080e+01
2.000000e-08	-5.291331e-09	-6.584949e-10	-3.842437e+01	-4.338524e+01
3.000000e-08	-5.290927e-09	-6.577621e-10	-3.842152e+01	-4.340025e+01
4.000000e-08	-5.290109e-09	-6.574092e-10	-3.841574e+01	-4.341571e+01
5.000000e-08	-5.288805e-09	-6.554741e-10	-3.840648e+01	-4.343152e+01
6.000000e-08	-5.286962e-09	-6.458922e-10	-3.839325e+01	-4.344753e+01
7.000000e-08	-5.284540e-09	-6.242364e-10	-3.837576e+01	-4.346360e+01
8.000000e-08	-5.281506e-09	-6.341920e-10	-3.835385e+01	-4.347957e+01
9.000000e-08	-5.277921e-09	-7.068652e-10	-3.832794e+01	-4.349527e+01
1.000000e-07	-5.273938e-09	-7.539020e-10	-3.829908e+01	-4.351051e+01
1.100000e-07	-5.269715e-09	-6.953730e-10	-3.826837e+01	-4.352510e+01
1.200000e-07	-5.265337e-09	-6.395153e-10	-3.823657e+01	-4.353884e+01
1.300000e-07	-5.260715e-09	-6.579560e-10	-3.820311e+01	-4.355152e+01
1.400000e-07	-5.255696e-09	-6.995811e-10	-3.816678e+01	-4.356292e+01
1.500000e-07	-5.250257e-09	-6.402319e-10	-3.812734e+01	-4.357282e+01
1.600000e-07	-5.244469e-09	-5.970368e-10	-3.808534e+01	-4.358099e+01
1.700000e-07	-5.238329e-09	-6.429734e-10	-3.804082e+01	-4.358722e+01
1.800000e-07	-5.231776e-09	-7.248698e-10	-3.799332e+01	-4.359126e+01
1.900000e-07	-5.224827e-09	-7.208943e-10	-3.794292e+01	-4.359290e+01
2.000000e-07	-5.217598e-09	-7.042046e-10	-3.789045e+01	-4.359191e+01
2.100000e-07	-5.210141e-09	-7.020045e-10	-3.783633e+01	-4.358808e+01
2.200000e-07	-5.202425e-09	-6.833500e-10	-3.778032e+01	-4.358118e+01
2.300000e-07	-5.194431e-09	-6.464738e-10	-3.772235e+01	-4.357102e+01
2.400000e-07	-5.186100e-09	-6.639438e-10	-3.766202e+01	-4.355740e+01
2.500000e-07	-5.177257e-09	-7.036942e-10	-3.759802e+01	-4.354012e+01
2.600000e-07	-5.167777e-09	-6.884164e-10	-3.752931e+01	-4.351901e+01
2.700000e-07	-5.157691e-09	-6.816679e-10	-3.745618e+01	-4.349391e+01
2.800000e-07	-5.147096e-09	-7.058315e-10	-3.737939e+01	-4.346467e+01
2.900000e-07	-5.136084e-09	-6.991501e-10	-3.729950e+01	-4.343114e+01
3.000000e-07	-5.124655e-09	-6.371865e-10	-3.721653e+01	-4.339322e+01
3.100000e-07	-5.112805e-09	-6.423784e-10	-3.713052e+01	-4.335079e+01
3.200000e-07	-5.100580e-09	-6.785758e-10	-3.704181e+01	-4.330377e+01
3.300000e-07	-5.088002e-09	-6.877757e-10	-3.695051e+01	-4.325209e+01
3.400000e-07	-5.075057e-09	-6.707031e-10	-3.685658e+01	-4.319569e+01
3.500000e-07	-5.061725e-09	-6.835975e-10	-3.675985e+01	-4.313455e+01
3.600000e-07	-5.048002e-09	-6.572011e-10	-3.666027e+01	-4.306865e+01
3.700000e-07	-5.033882e-09	-6.382944e-10	-3.655786e+01	-4.299799e+01
3.800000e-07	-5.019300e-09	-6.448377e-10	-3.645212e+01	-4.292260e+01
3.900000e-07	-5.004159e-09	-6.568737e-10	-3.634234e+01	-4.284251e+01
4.000000e-07	-4.988449e-09	-6.366933e-10	-3.622842e+01	-4.275779e+01
4.100000e-07	-4.972273e-09	-6.615751e-10	-3.611104e+01	-4.266852e+01
4.200000e-07	-4.955714e-09	-6.902422e-10	-3.599083e+01	-4.257477e+01
4.300000e-07	-4.938832e-09	-6.727748e-10	-3.586830e+01	-4.247666e+01
4.400000e-07	-4.921676e-09	-6.389584e-10	-3.574379e+01	-4.237432e+01
4.500000e-07	-4.904261e-09	-6.412884e-10	-3.561734e+01	-4.226788e+01
4.600000e-07	-4.886573e-09	-6.391850e-10	-3.548892e+01	-4.215748e+01
4.700000e-07	-4.868549e-09	-6.319887e-10	-3.535806e+01	-4.204330e+01
4.800000e-07	-4.850123e-09	-6.393584e-10	-3.522434e+01	-4.192549e+01
4.900000e-07	-4.831279e-09	-6.495558e-10	-3.508759e+01	-4.180424e+01
5.000000e-07	-4.812064e-09	-6.586157e-10	-3.494808e+01	-4.167974e+01
5.100000e-07	-4.792561e-09	-6.665783e-10	-3.480643e+01	-4.155217e+01
5.200000e-07	-4.772830e-09	-6.513171e-10	-3.466309e+01	-4.142173e+01
5.300000e-07	-4.752889e-09	-6.203459e-10	-3.451826e+01	-4.128862e+01
5.400000e-07	-4.732729e-09	-6.203312e-10	-3.437194e+01	-4.115303e+01
5.500000e-07	-4.712282e-09	-6.290259e-10	-3.422354e+01	-4.101517e+01
5.600000e-07	-4.691482e-09	-6.253454e-10	-3.407256e+01	-4.087522e+01
5.700000e-07	-4.670343e-09	-6.194011e-10	-3.391908e+01	-4.073338e+01
5.800000e-07	-4.648895e-09	-6.284744e-10	-3.376340e+01	-4.058984e+01
5.900000e-07	-4.627151e-09	-6.329444e-10	-3.360558e+01	-4.044477e+01
6.000000e-07	-4.605109e-09	-6.365567e-10	-3.344561e+01	-4.029835e+01
6.100000e-07	-4.582752e-09	-6.249332e-10	-3.328338e+01	-4.015073e+01
6.200000e-07	-4.560050e-09	-6.124522e-10	-3.311863e+01	-4.000206e+01
6.300000e-07	-4.537004e-09	-6.104358e-10	-3.295144e+01	-3.985249e+01
6.400000e-07	-4.513662e-09	-6.175393e-10	-3.278209e+01	-3.970213e+01
6.500000e-07	-4.490072e-09	-6.061580e-10	-3.261083e+01	-3.955110e+01
6.600000e-07	-4.466250e-09	-6.004908e-10	-3.243785e+01	-3.939950e+01
6.700000e-07	-4.442207e-09	-6.064794e-10	-3.226327e+01	-3.924740e+01
6.800000e-07	-4.417912e-09	-6.148169e-10	-3.208691e+01	-3.909487e+01
6.900000e-07	-4.393270e-09	-6.082651e-10	-3.190805e+01	-3.894197e+01
7.000000e-07	-4.368229e-09	-5.993899e-10	-3.172638e+01	-3.878873e+01
7.100000e-07	-4.342738e-09	-5.914226e-10	-3.154149e+01	-3.863517e+01
7.200000e-07	-4.316743e-09	-5.929370e-10	-3.135289e+01	-3.848128e+01
7.300000e-07	-4.290255e-09	-5.906884e-10	-3.116070e+01	-3.832707e+01
7.400000e-07	-4.263327e-09	-5.832721e-10	-3.096530e+01	-3.817250e+01
7.500000e-07	-4.236040e-09	-5.792687e-10	-3.076727e+01	-3.801754e+01
7.600000e-07	-4.208489e-09	-5.855645e-10	-3.056722e+01	-3.786212e+01
7.700000e-07	-4.180733e-09	-5.883613e-10	-3.036560e+01	-3.770618e+01
7.800000e-07	-4.152785e-09	-5.842041e-10	-3.016259e+01	-3.754964e+01
7.900000e-07	-4.124636e-09	-5.794813e-10	-2.995821e+01	-3.739242e+01
8.000000e-07	-4.096266e-09	-5.787996e-10	-2.975223e+01	-3.723441e+01
8.100000e-07	-4.067615e-09	-5.784441e-10	-2.954419e+01	-3.707550e+01
8.200000e-07	-4.038631e-09	-5.695173e-10	-2.933371e+01	-3.691560e+01
8.300000e-07	-4.009335e-09	-5.568848e-10	-2.912097e+01	-3.675456e+01
8.400000e-07	-3.979775e-09	-5.519108e-10	-2.890631e+01	-3.659228e+01
8.500000e-07	-3.949962e-09	-5.553226e-10	-2.868981e+01	-3.642862e+01
8.600000e-07	-3.919907e-09	-5.539371e-10	-2.847162e+01	-3.626346e+01
8.700000e-07	-3.889617e-09	-5.499162e-10	-2.825177e+01	-3.609668e+01
8.800000e-07	-3.859065e-09	-5.483711e-10	-2.803002e+01	-3.592814e+01
8.900000e-07	-3.828244e-09	-5.537186e-10	-2.780631e+01	-3.575773e+01
9.000000e-07	-3.797162e-09	-5.520499e-10	-2.758062e+01	-3.558534e+01
9.100000e-07	-3.765835e-09	-5.435049e-10	-2.735308e+01	-3.541084e+01
9.200000e-07	-3.734295e-09	-5.332096e-10	-2.712405e+01	-3.523415e+01
9.300000e-07	-3.702567e-09	-5.308277e-10	-2.689366e+01	-3.505515e+01
9.400000e-07	-3.670660e-09	-5.279005e-10	-2.666196e+01	-3.487378e+01
9.500000e-07	-3.638587e-09	-5.235773e-10	-2.642907e+01	-3.468996e+01
9.600000e-07	-3.606324e-09	-5.203699e-10	-2.619482e+01	-3.450361e+01
9.700000e-07	-3.573792e-09	-5.258498e-10	-2.595862e+01	-3.431469e+01
9.800000e-07	-3.540911e-09	-5.295822e-10	-2.571995e+01	-3.412317e+01
9.900000e-07	-3.507654e-09	-5.266345e-10	-2.547862e+01	-3.392901e+01
1.000000e-06	-3.474018e-09	-5.181430e-10	-2.523453e+01	-3.373220e+01
1.010000e-06	-3.439979e-09	-5.131551e-10	-2.498754e+01	-3.353275e+01
1.020000e-06	-3.405550e-09	-5.089214e-10	-2.473771e+01	-3.333066e+01
1.030000e-06	-3.370749e-09	-5.043207e-10	-2.448511e+01	-3.312597e+01
1.040000e-06	-3.335621e-09	-4.996367e-10	-2.423007e+01	-3.291871e+01
1.050000e-06	-3.300241e-09	-4.983479e-10	-2.397317e+01	-3.270895e+01
1.060000e-06	-3.264656e-09	-4.973816e-10	-2.371474e+01	-3.249673e+01
1.070000e-06	-3.228900e-09	-4.932502e-10	-2.345508e+01	-3.228214e+01
1.080000e-06	-3.193008e-09	-4.862746e-10	-2.319446e+01	-3.206526e+01
1.090000e-06	-3.156997e-09	-4.808352e-10	-2.293296e+01	-3.184620e+01
1.100000e-06	-3.120832e-09	-4.793222e-10	-2.267035e+01	-3.162504e+01
1.110000e-06	-3.084481e-09	-4.784213e-10	-2.240644e+01	-3.140190e+01
1.120000e-06	-3.047935e-09	-4.762285e-10	-2.214115e+01	-3.117691e+01
1.130000e-06	-3.011162e-09	-4.726550e-10	-2.187419e+01	-3.095016e+01
1.140000e-06	-2.974158e-09	-4.697799e-10	-2.160548e+01	-3.072180e+01
1.150000e-06	-2.936952e-09	-4.661311e-10	-2.133526e+01	-3.049194e+01
1.160000e-06	-2.899520e-09	-4.625055e-10	-2.106345e+01	-3.026071e+01
1.170000e-06	-2.861873e-09	-4.602264e-10	-2.079016e+01	-3.002824e+01
1.180000e-06	-2.824037e-09	-4.628995e-10	-2.051547e+01	-2.979463e+01
1.190000e-06	-2.786009e-09	-4.648554e-10	-2.023934e+01	-2.956001e+01
1.200000e-06	-2.747799e-09	-4.620562e-10	-1.996191e+01	-2.932449e+01
1.210000e-06	-2.709399e-09	-4.543221e-10	-1.968308e+01	-2.908816e+01
1.220000e-06	-2.670779e-09	-4.478287e-10	-1.940269e+01	-2.885113e+01
1.230000e-06	-2.631927e-09	-4.421373e-10	-1.912065e+01	-2.861348e+01
1.240000e-06	-2.592887e-09	-4.378092e-10	-1.883717e+01	-2.837527e+01
1.250000e-06	-2.553689e-09	-4.333869e-10	-1.855250e+01	-2.813658e+01
1.260000e-06	-2.514332e-09	-4.309992e-10	-1.826671e+01	-2.789744e+01
1.270000e-06	-2.474804e-09	-4.303787e-10	-1.797969e+01	-2.765789e+01
1.280000e-06	-2.435152e-09	-4.300322e-10	-1.769173e+01	-2.741795e+01
1.290000e-06	-2.395429e-09	-4.253852e-10	-1.740321e+01	-2.717763e+01
1.300000e-06	-2.355609e-09	-4.181627e-10	-1.711397e+01	-2.693691e+01
1.310000e-06	-2.315698e-09	-4.105729e-10	-1.682409e+01	-2.669577e+01
1.320000e-06	-2.275697e-09	-4.047190e-10	-1.653357e+01	-2.645415e+01
1.330000e-06	-2.235571e-09	-4.005317e-10	-1.624217e+01	-2.621201e+01
1.340000e-06	-2.195314e-09	-3.974155e-10	-1.594988e+01	-2.596927e+01
1.350000e-06	-2.154896e-09	-3.943352e-10	-1.565655e+01	-2.572583e+01
1.360000e-06	-2.114277e-09	-3.915774e-10	-1.536184e+01	-2.548160e+01
1.370000e-06	-2.073451e-09	-3.890236e-10	-1.506563e+01	-2.523645e+01
1.380000e-06	-2.032452e-09	-3.856532e-10	-1.476808e+01	-2.499025e+01
1.390000e-06	-1.991270e-09	-3.811602e-10	-1.446915e+01	-2.474285e+01
1.400000e-06	-1.949873e-09	-3.770158e-10	-1.416862e+01	-2.449410e+01
1.410000e-06	-1.908269e-09	-3.743685e-10	-1.386658e+01	-2.424383e+01
1.420000e-06	-1.866463e-09	-3.712840e-10	-1.356305e+01	-2.399186e+01
1.430000e-06	-1.824446e-09	-3.669696e-10	-1.325797e+01	-2.373801e+01
1.440000e-06	-1.782196e-09	-3.629175e-10	-1.295133e+01	-2.348209e+01
1.450000e-06	-1.739715e-09	-3.612761e-10	-1.264300e+01	-2.322390e+01
1.460000e-06	-1.696993e-09	-3.606342e-10	-1.233284e+01	-2.296324e+01
1.470000e-06	-1.654057e-09	-3.585277e-10	-1.202112e+01	-2.269992e+01
1.480000e-06	-1.610966e-09	-3.533008e-10	-1.170825e+01	-2.243374e+01
1.490000e-06	-1.567721e-09	-3.466529e-10	-1.139428e+01	-2.216448e+01
1.500000e-06	-1.524344e-09	-3.408984e-10	-1.107938e+01	-2.189197e+01
1.510000e-06	-1.480862e-09	-3.368159e-10	-1.076364e+01	-2.161600e+01
1.520000e-06	-1.437276e-09	-3.329811e-10	-1.044713e+01	-2.133639e+01
1.530000e-06	-1.393605e-09	-3.313008e-10	-1.013003e+01	-2.105297e+01
1.540000e-06	-1.349873e-09	-3.295136e-10	-9.812438e+00	-2.076556e+01
1.550000e-06	-1.306097e-09	-3.247860e-10	-9.494503e+00	-2.047400e+01
1.560000e-06	-1.262283e-09	-3.159597e-10	-9.176273e+00	-2.017816e+01
1.570000e-06	-1.218425e-09	-3.060804e-10	-8.857734e+00	-1.987788e+01
1.580000e-06	-1.174516e-09	-2.992898e-10	-8.538835e+00	-1.957306e+01
1.590000e-06	-1.130550e-09	-2.968643e-10	-8.219557e+00	-1.926359e+01
1.600000e-06	-1.086534e-09	-2.959562e-10	-7.899900e+00	-1.894936e+01
1.610000e-06	-1.042472e-09	-2.941527e-10	-7.579859e+00	-1.863032e+01
1.620000e-06	-9.983606e-10	-2.907877e-10	-7.259510e+00	-1.830639e+01
1.630000e-06	-9.542002e-10	-2.863279e-10	-6.938835e+00	-1.797754e+01
1.640000e-06	-9.099992e-10	-2.799757e-10	-6.617835e+00	-1.764373e+01
1.650000e-06	-8.657483e-10	-2.734219e-10	-6.296467e+00	-1.730497e+01
1.660000e-06	-8.214426e-10	-2.664191e-10	-5.974761e+00	-1.696124e+01
1.670000e-06	-7.770942e-10	-2.588649e-10	-5.652749e+00	-1.661259e+01
1.680000e-06	-7.327190e-10	-2.515814e-10	-5.330504e+00	-1.625904e+01
1.690000e-06	-6.883272e-10	-2.462192e-10	-5.008139e+00	-1.590064e+01
1.700000e-06	-6.438864e-10	-2.443585e-10	-4.685428e+00	-1.553748e+01
1.710000e-06	-5.993836e-10	-2.440111e-10	-4.362286e+00	-1.516962e+01
1.720000e-06	-5.548480e-10	-2.424023e-10	-4.038907e+00	-1.479716e+01
1.730000e-06	-5.102848e-10	-2.391124e-10	-3.715306e+00	-1.442022e+01
1.740000e-06	-4.656761e-10	-2.329773e-10	-3.391381e+00	-1.403890e+01
1.750000e-06	-4.210219e-10	-2.225085e-10	-3.067124e+00	-1.365333e+01
1.760000e-06	-3.763283e-10	-2.092705e-10	-2.742565e+00	-1.326364e+01
1.770000e-06	-3.315986e-10	-1.962597e-10	-2.417700e+00	-1.286999e+01
1.780000e-06	-2.868241e-10	-1.895273e-10	-2.092536e+00	-1.247251e+01
1.790000e-06	-2.420185e-10	-1.893749e-10	-1.767208e+00	-1.207135e+01
1.800000e-06	-1.972013e-10	-1.938942e-10	-1.441766e+00	-1.166667e+01
1.810000e-06	-1.523897e-10	-1.964907e-10	-1.116313e+00	-1.125862e+01
1.820000e-06	-1.075893e-10	-1.930535e-10	-7.909402e-01	-1.084736e+01
1.830000e-06	-6.279832e-11	-1.831370e-10	-4.656551e-01	-1.043305e+01
1.840000e-06	-1.802793e-11	-1.682888e-10	-1.405113e-01	-1.001582e+01
1.850000e-06	2.673407e-11	-1.522549e-10	1.845947e-01	-9.595831e+00
1.860000e-06	7.150285e-11	-1.398761e-10	5.096916e-01	-9.173225e+00
1.870000e-06	1.162820e-10	-1.331942e-10	8.348237e-01	-8.748135e+00
1.880000e-06	1.610646e-10	-1.328280e-10	1.160019e+00	-8.320692e+00
1.890000e-06	2.058480e-10	-1.356941e-10	1.485240e+00	-7.891015e+00
1.900000e-06	2.506284e-10	-1.370942e-10	1.810420e+00	-7.459218e+00
1.910000e-06	2.953757e-10	-1.338612e-10	2.135327e+00	-7.025404e+00
1.920000e-06	3.400893e-10	-1.248973e-10	2.459988e+00	-6.589666e+00
1.930000e-06	3.847818e-10	-1.123758e-10	2.784529e+00	-6.152088e+00
1.940000e-06	4.294317e-10	-1.004545e-10	3.108780e+00	-5.712742e+00
1.950000e-06	4.740394e-10	-9.245232e-11	3.432735e+00	-5.271690e+00
1.960000e-06	5.186108e-10	-8.811186e-11	3.756447e+00	-4.828984e+00
1.970000e-06	5.631198e-10	-8.637486e-11	4.079726e+00	-4.384666e+00
1.980000e-06	6.075496e-10	-8.418386e-11	4.402447e+00	-3.938766e+00
1.990000e-06	6.519537e-10	-7.903476e-11	4.724939e+00	-3.491306e+00
2.000000e-06	6.963616e-10	-6.983623e-11	5.047447e+00	-3.042298e+00
2.010000e-06	7.407109e-10	-5.808944e-11	5.369530e+00	-2.591745e+00
2.020000e-06	7.850098e-10	-4.662573e-11	5.691232e+00	-2.139642e+00
2.030000e-06	8.292837e-10	-3.754074e-11	6.012751e+00	-1.685979e+00
2.040000e-06	8.735112e-10	-3.121058e-11	6.333954e+00	-1.230737e+00
2.050000e-06	9.176905e-10	-2.780062e-11	6.654840e+00	-7.738936e-01
2.060000e-06	9.618260e-10	-2.534566e-11	6.975399e+00	-3.154217e-01
2.070000e-06	1.005921e-09	-1.980219e-11	7.295658e+00	1.447084e-01
2.080000e-06	1.049965e-09	-1.035054e-11	7.615532e+00	6.065287e-01
2.090000e-06	1.093957e-09	-3.918532e-13	7.935032e+00	1.070071e+00
2.100000e-06	1.137912e-09	8.583645e-12	8.254286e+00	1.535368e+00
2.110000e-06	1.181823e-09	1.711593e-11	8.573226e+00	2.002449e+00
2.120000e-06	1.225687e-09	2.375565e-11	8.891833e+00	2.471341e+00
2.130000e-06	1.269514e-09	2.721367e-11	9.210162e+00	2.942066e+00
2.140000e-06	1.313290e-09	3.116972e-11	9.528110e+00	3.414642e+00
2.150000e-06	1.357020e-09	3.838333e-11	9.845725e+00	3.889080e+00
2.160000e-06	1.400716e-09	4.819191e-11	1.016311e+01	4.365382e+00
2.170000e-06	1.444340e-09	5.783223e-11	1.047995e+01	4.843543e+00
2.180000e-06	1.487867e-09	6.598157e-11	1.079607e+01	5.323549e+00
2.190000e-06	1.531311e-09	7.334975e-11	1.111157e+01	5.805373e+00
2.200000e-06	1.574642e-09	8.139478e-11	1.142623e+01	6.288981e+00
2.210000e-06	1.617822e-09	8.910468e-11	1.173976e+01	6.774323e+00
2.220000e-06	1.660821e-09	9.578146e-11	1.205200e+01	7.261340e+00
2.230000e-06	1.703630e-09	1.044086e-10	1.236290e+01	7.749958e+00
2.240000e-06	1.746226e-09	1.152467e-10	1.267228e+01	8.240092e+00
2.250000e-06	1.788595e-09	1.241240e-10	1.297998e+01	8.731644e+00
2.260000e-06	1.830731e-09	1.303909e-10	1.328596e+01	9.224500e+00
2.270000e-06	1.872609e-09	1.369943e-10	1.359010e+01	9.718535e+00
2.280000e-06	1.914224e-09	1.456292e-10	1.389235e+01	1.021361e+01
2.290000e-06	1.955602e-09	1.552273e-10	1.419288e+01	1.070958e+01
2.300000e-06	1.996763e-09	1.638522e-10	1.449181e+01	1.120627e+01
2.310000e-06	2.037728e-09	1.715494e-10	1.478928e+01	1.170352e+01
2.320000e-06	2.078504e-09	1.794621e-10	1.508539e+01	1.220114e+01
2.330000e-06	2.119100e-09	1.873733e-10	1.538023e+01	1.269892e+01
2.340000e-06	2.159542e-09	1.932407e-10	1.567395e+01	1.319668e+01
2.350000e-06	2.199817e-09	1.973326e-10	1.596650e+01	1.369418e+01
2.360000e-06	2.239952e-09	2.033877e-10	1.625802e+01	1.419121e+01
2.370000e-06	2.279969e-09	2.134670e-10	1.654865e+01	1.468754e+01
2.380000e-06	2.319873e-09	2.247657e-10	1.683848e+01	1.518295e+01
2.390000e-06	2.359701e-09	2.356163e-10	1.712778e+01	1.567718e+01
2.400000e-06	2.399448e-09	2.454769e-10	1.741646e+01	1.617000e+01
2.410000e-06	2.439094e-09	2.538143e-10	1.770440e+01	1.666117e+01
2.420000e-06	2.478628e-09	2.583521e-10	1.799155e+01	1.715044e+01
2.430000e-06	2.518012e-09	2.596554e-10	1.827764e+01	1.763757e+01
2.440000e-06	2.557204e-09	2.609737e-10	1.856232e+01	1.812232e+01
2.450000e-06	2.596209e-09	2.657180e-10	1.884557e+01	1.860445e+01
2.460000e-06	2.635021e-09	2.748224e-10	1.912748e+01	1.908373e+01
2.470000e-06	2.673612e-09	2.856149e-10	1.940786e+01	1.955993e+01
2.480000e-06	2.711999e-09	2.954779e-10	1.968675e+01	2.003283e+01
2.490000e-06	2.750208e-09	3.039593e-10	1.996430e+01	2.050222e+01
2.500000e-06	2.788242e-09	3.093864e-10	2.024061e+01	2.096789e+01
2.510000e-06	2.826119e-09	3.115472e-10	2.051578e+01	2.142964e+01
2.520000e-06	2.863828e-09	3.145512e-10	2.078965e+01	2.188729e+01
2.530000e-06	2.901343e-09	3.207785e-10	2.106211e+01	2.234066e+01
2.540000e-06	2.938654e-09	3.298476e-10	2.133308e+01	2.278960e+01
2.550000e-06	2.975737e-09	3.390709e-10	2.160241e+01	2.323394e+01
2.560000e-06	3.012586e-09	3.466693e-10	2.187004e+01	2.367356e+01
2.570000e-06	3.049202e-09	3.541590e-10	2.213597e+01	2.410832e+01
2.580000e-06	3.085600e-09	3.618485e-10	2.240031e+01	2.453812e+01
2.590000e-06	3.121825e-09	3.677168e-10	2.266337e+01	2.496285e+01
2.600000e-06	3.157908e-09	3.733166e-10	2.292541e+01	2.538243e+01
2.610000e-06	3.193867e-09	3.802230e-10	2.318657e+01	2.579679e+01
2.620000e-06	3.229717e-09	3.880054e-10	2.344691e+01	2.620586e+01
2.630000e-06	3.265449e-09	3.957985e-10	2.370641e+01	2.660961e+01
2.640000e-06	3.301017e-09	4.027339e-10	2.396474e+01	2.700799e+01
2.650000e-06	3.336362e-09	4.098983e-10	2.422144e+01	2.740099e+01
2.660000e-06	3.371445e-09	4.179177e-10	2.447621e+01	2.778859e+01
2.670000e-06	3.406174e-09	4.257017e-10	2.472844e+01	2.817079e+01
2.680000e-06	3.440474e-09	4.329156e-10	2.497748e+01	2.854761e+01
2.690000e-06	3.474348e-09	4.393172e-10	2.522336e+01	2.891906e+01
2.700000e-06	3.507797e-09	4.440721e-10	2.546618e+01	2.928518e+01
2.710000e-06	3.540846e-09	4.483514e-10	2.570619e+01	2.964599e+01
2.720000e-06	3.573553e-09	4.536247e-10	2.594374e+01	3.000155e+01
2.730000e-06	3.605960e-09	4.601387e-10	2.617910e+01	3.035189e+01
2.740000e-06	3.638142e-09	4.682406e-10	2.641284e+01	3.069709e+01
2.750000e-06	3.670159e-09	4.759324e-10	2.664540e+01	3.103718e+01
2.760000e-06	3.702025e-09	4.813591e-10	2.687688e+01	3.137225e+01
2.770000e-06	3.733736e-09	4.853838e-10	2.710723e+01	3.170234e+01
2.780000e-06	3.765270e-09	4.892104e-10	2.733627e+01	3.202753e+01
2.790000e-06	3.796573e-09	4.928357e-10	2.756359e+01	3.234787e+01
2.800000e-06	3.827584e-09	4.957784e-10	2.778882e+01	3.266345e+01
2.810000e-06	3.858291e-09	4.988015e-10	2.801188e+01	3.297431e+01
2.820000e-06	3.888708e-09	5.044099e-10	2.823286e+01	3.328053e+01
2.830000e-06	3.918840e-09	5.123798e-10	2.845181e+01	3.358216e+01
2.840000e-06	3.948721e-09	5.193698e-10	2.866896e+01	3.387926e+01
2.850000e-06	3.978372e-09	5.236245e-10	2.888441e+01	3.417188e+01
2.860000e-06	4.007784e-09	5.248329e-10	2.909808e+01	3.446006e+01
2.870000e-06	4.036940e-09	5.246138e-10	2.930988e+01	3.474385e+01
2.880000e-06	4.065816e-09	5.278932e-10	2.951966e+01	3.502329e+01
2.890000e-06	4.094403e-09	5.357330e-10	2.972733e+01	3.529839e+01
2.900000e-06	4.122724e-09	5.445334e-10	2.993302e+01	3.556920e+01
2.910000e-06	4.150832e-09	5.511356e-10	3.013714e+01	3.583571e+01
2.920000e-06	4.178776e-09	5.540511e-10	3.034009e+01	3.609795e+01
2.930000e-06	4.206560e-09	5.553366e-10	3.054190e+01	3.635592e+01
2.940000e-06	4.234148e-09	5.565551e-10	3.074233e+01	3.660960e+01
2.950000e-06	4.261467e-09	5.578614e-10	3.094086e+01	3.685900e+01
2.960000e-06	4.288401e-09	5.615740e-10	3.113664e+01	3.710409e+01
2.970000e-06	4.314853e-09	5.692964e-10	3.132891e+01	3.734484e+01
2.980000e-06	4.340799e-09	5.793368e-10	3.151744e+01	3.758124e+01
2.990000e-06	4.366232e-09	5.874846e-10	3.170221e+01	3.781324e+01
3.000000e-06	4.391169e-09	5.898773e-10	3.188340e+01	3.804081e+01
3.010000e-06	4.415702e-09	5.878760e-10	3.206163e+01	3.826389e+01
3.020000e-06	4.439921e-09	5.865755e-10	3.223756e+01	3.848244e+01
3.030000e-06	4.463892e-09	5.884830e-10	3.241171e+01	3.869640e+01
3.040000e-06	4.487651e-09	5.917525e-10	3.258427e+01	3.890571e+01
3.050000e-06	4.511166e-09	5.951161e-10	3.275507e+01	3.911032e+01
3.060000e-06	4.534398e-09	6.005820e-10	3.292384e+01	3.931017e+01
3.070000e-06	4.557304e-09	6.086613e-10	3.309021e+01	3.950518e+01
3.080000e-06	4.579866e-09	6.147894e-10	3.325404e+01	3.969530e+01
3.090000e-06	4.602115e-09	6.145014e-10	3.341563e+01	3.988047e+01
3.100000e-06	4.624078e-09	6.102239e-10	3.357518e+01	4.006062e+01
3.110000e-06	4.645739e-09	6.066741e-10	3.373256e+01	4.023570e+01
3.120000e-06	4.667078e-09	6.051659e-10	3.388758e+01	4.040564e+01
3.130000e-06	4.688095e-09	6.052027e-10	3.404024e+01	4.057039e+01
3.140000e-06	4.708775e-09	6.086645e-10	3.419047e+01	4.072991e+01
3.150000e-06	4.729131e-09	6.178902e-10	3.433834e+01	4.088415e+01
3.160000e-06	4.749244e-09	6.278581e-10	3.448441e+01	4.103307e+01
3.170000e-06	4.769174e-09	6.306218e-10	3.462919e+01	4.117664e+01
3.180000e-06	4.788909e-09	6.271274e-10	3.477260e+01	4.131483e+01
3.190000e-06	4.808402e-09	6.235041e-10	3.491426e+01	4.144763e+01
3.200000e-06	4.827578e-09	6.227142e-10	3.505360e+01	4.157503e+01
3.210000e-06	4.846361e-09	6.243930e-10	3.519003e+01	4.169702e+01
3.220000e-06	4.864711e-09	6.280659e-10	3.532328e+01	4.181361e+01
3.230000e-06	4.882641e-09	6.333523e-10	3.545354e+01	4.192483e+01
3.240000e-06	4.900213e-09	6.388612e-10	3.558117e+01	4.203070e+01
3.250000e-06	4.917477e-09	6.416801e-10	3.570652e+01	4.213126e+01
3.260000e-06	4.934476e-09	6.394895e-10	3.583002e+01	4.222656e+01
3.270000e-06	4.951208e-09	6.358819e-10	3.595157e+01	4.231666e+01
3.280000e-06	4.967607e-09	6.349413e-10	3.607067e+01	4.240163e+01
3.290000e-06	4.983600e-09	6.367288e-10	3.618687e+01	4.248155e+01
3.300000e-06	4.999096e-09	6.404602e-10	3.629947e+01	4.255652e+01
3.310000e-06	5.014072e-09	6.442425e-10	3.640828e+01	4.262663e+01
3.320000e-06	5.028619e-09	6.472757e-10	3.651398e+01	4.269201e+01
3.330000e-06	5.042814e-09	6.491079e-10	3.661713e+01	4.275278e+01
3.340000e-06	5.056662e-09	6.478273e-10	3.671775e+01	4.280908e+01
3.350000e-06	5.070147e-09	6.446398e-10	3.681577e+01	4.286104e+01
3.360000e-06	5.083250e-09	6.425868e-10	3.691104e+01	4.290883e+01
3.370000e-06	5.095963e-09	6.432355e-10	3.700345e+01	4.295262e+01
3.380000e-06	5.108317e-09	6.443663e-10	3.709321e+01	4.299256e+01
3.390000e-06	5.120345e-09	6.460003e-10	3.718062e+01	4.302885e+01
3.400000e-06	5.132054e-09	6.495712e-10	3.726576e+01	4.306166e+01
3.410000e-06	5.143375e-09	6.529737e-10	3.734809e+01	4.309120e+01
3.420000e-06	5.154211e-09	6.539683e-10	3.742690e+01	4.311767e+01
3.430000e-06	5.164468e-09	6.522122e-10	3.750154e+01	4.314126e+01
3.440000e-06	5.174098e-09	6.506928e-10	3.757163e+01	4.316218e+01
3.450000e-06	5.183139e-09	6.518908e-10	3.763743e+01	4.318065e+01
3.460000e-06	5.191711e-09	6.538954e-10	3.769974e+01	4.319688e+01
3.470000e-06	5.199942e-09	6.541232e-10	3.775952e+01	4.321108e+01
3.480000e-06	5.207924e-09	6.538688e-10	3.781751e+01	4.322347e+01
3.490000e-06	5.215667e-09	6.557955e-10	3.787381e+01	4.323425e+01
3.500000e-06	5.223116e-09	6.586856e-10	3.792804e+01	4.324364e+01
3.510000e-06	5.230223e-09	6.599228e-10	3.797977e+01	4.325184e+01
3.520000e-06	5.236958e-09	6.601247e-10	3.802878e+01	4.325906e+01
3.530000e-06	5.243334e-09	6.619131e-10	3.807518e+01	4.326549e+01
3.540000e-06	5.249361e-09	6.654436e-10	3.811898e+01	4.327132e+01
3.550000e-06	5.255031e-09	6.677172e-10	3.816020e+01	4.327674e+01
3.560000e-06	5.260318e-09	6.671296e-10	3.819871e+01	4.328191e+01
3.570000e-06	5.265219e-09	6.657194e-10	3.823442e+01	4.328700e+01
3.580000e-06	5.269765e-09	6.661422e-10	3.826749e+01	4.329216e+01
3.590000e-06	5.273996e-09	6.676932e-10	3.829824e+01	4.329753e+01
3.600000e-06	5.277989e-09	6.684039e-10	3.832727e+01	4.330324e+01
3.610000e-06	5.281763e-09	6.696980e-10	3.835477e+01	4.330940e+01
3.620000e-06	5.285257e-09	6.740234e-10	3.838030e+01	4.331612e+01
3.630000e-06	5.288374e-09	6.789940e-10	3.840311e+01	4.332349e+01
3.640000e-06	5.291011e-09	6.794893e-10	3.842242e+01	4.333156e+01
3.650000e-06	5.293077e-09	6.751746e-10	3.843757e+01	4.334039e+01
3.660000e-06	5.294552e-09	6.701704e-10	3.844836e+01	4.335003e+01
3.670000e-06	5.295484e-09	6.674456e-10	3.845517e+01	4.336048e+01
3.680000e-06	5.295965e-09	6.669166e-10	3.845870e+01	4.337177e+01
3.690000e-06	5.296132e-09	6.695573e-10	3.845994e+01	4.338386e+01
3.700000e-06	5.296060e-09	6.761531e-10	3.845945e+01	4.339674e+01
3.710000e-06	5.295730e-09	6.829067e-10	3.845710e+01	4.341035e+01
3.720000e-06	5.295085e-09	6.854396e-10	3.845252e+01	4.342463e+01
3.730000e-06	5.294074e-09	6.817510e-10	3.844531e+01	4.343950e+01
3.740000e-06	5.292691e-09	6.743361e-10	3.843539e+01	4.345486e+01
3.750000e-06	5.290969e-09	6.699127e-10	3.842295e+01	4.347060e+01
3.760000e-06	5.288952e-09	6.850750e-10	3.840833e+01	4.348658e+01
3.770000e-06	5.286635e-09	7.158155e-10	3.839154e+01	4.350268e+01
3.780000e-06	5.283952e-09	6.847512e-10	3.837213e+01	4.351872e+01
3.790000e-06	5.280814e-09	5.914166e-10	3.834948e+01	4.353454e+01
3.800000e-06	5.277213e-09	5.764730e-10	3.832341e+01	4.354997e+01
3.810000e-06	5.273280e-09	6.404033e-10	3.829485e+01	4.356480e+01
3.820000e-06	5.269166e-09	6.813550e-10	3.826499e+01	4.357885e+01
3.830000e-06	5.264862e-09	6.441773e-10	3.823378e+01	4.359189e+01
3.840000e-06	5.260189e-09	6.476940e-10	3.820002e+01	4.360373e+01
3.850000e-06	5.254998e-09	7.278866e-10	3.816240e+01	4.361413e+01
3.860000e-06	5.249362e-09	7.312046e-10	3.812149e+01	4.362287e+01
3.870000e-06	5.243362e-09	6.331673e-10	3.807808e+01	4.362973e+01
3.880000e-06	5.236854e-09	5.816910e-10	3.803100e+01	4.363448e+01
3.890000e-06	5.229742e-09	6.454094e-10	3.797944e+01	4.363690e+01
3.900000e-06	5.222139e-09	6.555788e-10	3.792427e+01	4.363675e+01
3.910000e-06	5.214197e-09	6.307178e-10	3.786669e+01	4.363382e+01
3.920000e-06	5.205989e-09	6.700336e-10	3.780714e+01	4.362789e+01
3.930000e-06	5.197523e-09	7.389863e-10	3.774568e+01	4.361876e+01
3.940000e-06	5.188761e-09	6.887845e-10	3.768214e+01	4.360622e+01
3.950000e-06	5.179675e-09	6.204886e-10	3.761622e+01	4.359009e+01
3.960000e-06	5.170207e-09	6.524064e-10	3.754747e+01	4.357017e+01
3.970000e-06	5.160337e-09	6.879687e-10	3.747582e+01	4.354631e+01
3.980000e-06	5.150108e-09	6.524744e-10	3.740164e+01	4.351835e+01
3.990000e-06	5.139527e-09	6.642569e-10	3.732494e+01	4.348615e+01
4.000000e-06	5.128563e-09	7.315496e-10	3.724535e+01	4.344958e+01
4.010000e-06	5.117217e-09	7.111759e-10	3.716292e+01	4.340854e+01
4.020000e-06	5.105503e-09	6.449587e-10	3.707787e+01	4.336292e+01
4.030000e-06	5.093402e-09	6.570989e-10	3.699004e+01	4.331266e+01
4.040000e-06	5.080934e-09	6.931428e-10	3.689948e+01	4.325771e+01
4.050000e-06	5.068066e-09	6.623635e-10	3.680604e+01	4.319801e+01
4.060000e-06	5.054673e-09	6.706175e-10	3.670894e+01	4.313356e+01
4.070000e-06	5.040670e-09	7.080337e-10	3.660740e+01	4.306434e+01
4.080000e-06	5.026065e-09	6.980607e-10	3.650140e+01	4.299038e+01
4.090000e-06	5.010949e-09	6.689870e-10	3.639173e+01	4.291172e+01
4.100000e-06	4.995428e-09	6.909931e-10	3.627910e+01	4.282840e+01
4.110000e-06	4.979584e-09	6.707140e-10	3.616406e+01	4.274049e+01
4.120000e-06	4.963476e-09	6.356222e-10	3.604714e+01	4.264809e+01
4.130000e-06	4.947104e-09	6.669492e-10	3.592831e+01	4.255129e+01
4.140000e-06	4.930419e-09	7.098420e-10	3.580716e+01	4.245022e+01
4.150000e-06	4.913379e-09	6.806958e-10	3.568347e+01	4.234501e+01
4.160000e-06	4.895993e-09	6.634062e-10	3.555728e+01	4.223579e+01
4.170000e-06	4.878289e-09	6.736373e-10	3.542871e+01	4.212274e+01
4.180000e-06	4.860282e-09	6.627202e-10	3.529792e+01	4.200601e+01
4.190000e-06	4.841961e-09	6.470629e-10	3.516493e+01	4.188579e+01
4.200000e-06	4.823273e-09	6.530300e-10	3.502933e+01	4.176225e+01
4.210000e-06	4.804216e-09	6.527604e-10	3.489102e+01	4.163559e+01
4.220000e-06	4.784838e-09	6.619575e-10	3.475035e+01	4.150601e+01
4.230000e-06	4.765184e-09	6.776394e-10	3.460765e+01	4.137369e+01
4.240000e-06	4.745309e-09	6.583713e-10	3.446331e+01	4.123883e+01
4.250000e-06	4.725234e-09	6.357326e-10	3.431757e+01	4.110164e+01
4.260000e-06	4.704946e-09	6.381700e-10	3.417034e+01	4.096232e+01
4.270000e-06	4.684374e-09	6.375253e-10	3.402110e+01	4.082104e+01
4.280000e-06	4.663426e-09	6.291046e-10	3.386910e+01	4.067801e+01
4.290000e-06	4.641986e-09	6.411852e-10	3.371350e+01	4.053339e+01
4.300000e-06	4.620006e-09	6.478165e-10	3.355396e+01	4.038737e+01
4.310000e-06	4.597483e-09	6.482972e-10	3.339049e+01	4.024011e+01
4.320000e-06	4.574424e-09	6.420132e-10	3.322315e+01	4.009176e+01
4.330000e-06	4.550942e-09	6.236060e-10	3.305266e+01	3.994246e+01
4.340000e-06	4.527154e-09	6.083220e-10	3.287994e+01	3.979235e+01
4.350000e-06	4.503152e-09	6.236242e-10	3.270569e+01	3.964152e+01
4.360000e-06	4.478961e-09	6.283597e-10	3.253009e+01	3.949010e+01
4.370000e-06	4.454530e-09	6.200610e-10	3.235272e+01	3.933816e+01
4.380000e-06	4.429815e-09	6.210976e-10	3.217325e+01	3.918578e+01
4.390000e-06	4.404784e-09	6.286398e-10	3.199149e+01	3.903301e+01
4.400000e-06	4.379425e-09	6.200645e-10	3.180739e+01	3.887989e+01
4.410000e-06	4.353755e-09	6.097640e-10	3.162102e+01	3.872645e+01
4.420000e-06	4.327787e-09	5.984330e-10	3.143249e+01	3.857268e+01
4.430000e-06	4.301553e-09	5.973399e-10	3.124204e+01	3.841860e+01
4.440000e-06	4.275054e-09	6.052130e-10	3.104968e+01	3.826416e+01
4.450000e-06	4.248235e-09	6.071180e-10	3.085501e+01	3.810934e+01
4.460000e-06	4.221077e-09	5.994725e-10	3.065783e+01	3.795409e+01
4.470000e-06	4.193616e-09	6.000147e-10	3.045843e+01	3.779834e+01
4.480000e-06	4.165902e-09	6.004410e-10	3.025721e+01	3.764202e+01
4.490000e-06	4.137991e-09	5.932552e-10	3.005456e+01	3.748503e+01
4.500000e-06	4.109921e-09	5.847490e-10	2.985078e+01	3.732730e+01
4.510000e-06	4.081682e-09	5.806211e-10	2.964581e+01	3.716870e+01
4.520000e-06	4.053198e-09	5.827689e-10	2.943911e+01	3.700913e+01
4.530000e-06	4.024367e-09	5.843643e-10	2.922993e+01	3.684847e+01
4.540000e-06	3.995129e-09	5.774662e-10	2.901778e+01	3.668660e+01
4.550000e-06	3.965473e-09	5.694387e-10	2.880256e+01	3.652339e+01
4.560000e-06	3.935380e-09	5.711926e-10	2.858408e+01	3.635872e+01
4.570000e-06	3.904828e-09	5.715847e-10	2.836222e+01	3.619246e+01
4.580000e-06	3.873852e-09	5.648599e-10	2.813728e+01	3.602449e+01
4.590000e-06	3.842516e-09	5.564115e-10	2.790974e+01	3.585468e+01
4.600000e-06	3.810895e-09	5.571305e-10	2.768013e+01	3.568292e+01
4.610000e-06	3.779062e-09	5.592672e-10	2.744894e+01	3.550909e+01
4.620000e-06	3.747055e-09	5.563246e-10	2.721653e+01	3.533309e+01
4.630000e-06	3.714873e-09	5.478102e-10	2.698294e+01	3.515482e+01
4.640000e-06	3.682508e-09	5.461424e-10	2.674800e+01	3.497419e+01
4.650000e-06	3.649945e-09	5.482582e-10	2.651159e+01	3.479113e+01
4.660000e-06	3.617124e-09	5.482685e-10	2.627334e+01	3.460557e+01
4.670000e-06	3.584044e-09	5.417528e-10	2.603316e+01	3.441745e+01
4.680000e-06	3.550729e-09	5.365032e-10	2.579121e+01	3.422673e+01
4.690000e-06	3.517177e-09	5.336070e-10	2.554756e+01	3.403338e+01
4.700000e-06	3.483388e-09	5.320567e-10	2.530218e+01	3.383739e+01
4.710000e-06	3.449377e-09	5.277804e-10	2.505518e+01	3.363875e+01
4.720000e-06	3.415164e-09	5.249178e-10	2.480673e+01	3.343747e+01
4.730000e-06	3.380725e-09	5.221390e-10	2.455670e+01	3.323358e+01
4.740000e-06	3.346031e-09	5.190623e-10	2.430481e+01	3.302711e+01
4.750000e-06	3.311077e-09	5.141271e-10	2.405099e+01	3.281810e+01
4.760000e-06	3.275857e-09	5.097173e-10	2.379522e+01	3.260663e+01
4.770000e-06	3.240374e-09	5.083846e-10	2.353755e+01	3.239277e+01
4.780000e-06	3.204695e-09	5.097415e-10	2.327848e+01	3.217659e+01
4.790000e-06	3.168869e-09	5.106421e-10	2.301836e+01	3.195818e+01
4.800000e-06	3.132914e-09	5.083706e-10	2.275733e+01	3.173766e+01
4.810000e-06	3.096855e-09	5.043528e-10	2.249552e+01	3.151512e+01
4.820000e-06	3.060684e-09	4.990573e-10	2.223290e+01	3.129069e+01
4.830000e-06	3.024368e-09	4.918070e-10	2.196924e+01	3.106447e+01
4.840000e-06	2.987865e-09	4.842932e-10	2.170425e+01	3.083660e+01
4.850000e-06	2.951147e-09	4.805528e-10	2.143769e+01	3.060719e+01
4.860000e-06	2.914148e-09	4.808669e-10	2.116910e+01	3.037638e+01
4.870000e-06	2.876825e-09	4.817018e-10	2.089825e+01	3.014428e+01
4.880000e-06	2.839178e-09	4.776543e-10	2.062502e+01	2.991101e+01
4.890000e-06	2.801158e-09	4.721620e-10	2.034901e+01	2.967670e+01
4.900000e-06	2.762752e-09	4.671974e-10	2.007017e+01	2.944145e+01
4.910000e-06	2.723988e-09	4.635230e-10	1.978876e+01	2.920537e+01
4.920000e-06	2.684899e-09	4.584309e-10	1.950503e+01	2.896856e+01
4.930000e-06	2.645532e-09	4.535489e-10	1.921919e+01	2.873110e+01
4.940000e-06	2.605951e-09	4.496633e-10	1.893180e+01	2.849306e+01
4.950000e-06	2.566223e-09	4.472346e-10	1.864335e+01	2.825452e+01
4.960000e-06	2.526384e-09	4.434252e-10	1.835407e+01	2.801552e+01
4.970000e-06	2.486450e-09	4.381471e-10	1.806410e+01	2.777611e+01
4.980000e-06	2.446418e-09	4.329500e-10	1.777346e+01	2.753630e+01
4.990000e-06	2.406281e-09	4.299269e-10	1.748207e+01	2.729610e+01
5.000000e-06	2.366065e-09	4.259217e-10	1.719009e+01	2.705551e+01
5.010000e-06	2.325747e-09	4.206095e-10	1.689737e+01	2.681451e+01
5.020000e-06	2.285290e-09	4.154281e-10	1.660363e+01	2.657305e+01
5.030000e-06	2.244683e-09	4.123937e-10	1.630881e+01	2.633109e+01
5.040000e-06	2.203915e-09	4.098462e-10	1.601279e+01	2.608854e+01
5.050000e-06	2.162983e-09	4.066816e-10	1.571555e+01	2.584533e+01
5.060000e-06	2.121869e-09	4.026505e-10	1.541700e+01	2.560136e+01
5.070000e-06	2.080592e-09	3.988786e-10	1.511729e+01	2.535650e+01
5.080000e-06	2.039168e-09	3.967755e-10	1.481650e+01	2.511064e+01
5.090000e-06	1.997601e-09	3.940758e-10	1.451465e+01	2.486362e+01
5.100000e-06	1.955891e-09	3.900793e-10	1.421178e+01	2.461530e+01
5.110000e-06	1.914054e-09	3.849267e-10	1.390799e+01	2.436551e+01
5.120000e-06	1.872099e-09	3.792913e-10	1.360336e+01	2.411407e+01
5.130000e-06	1.830022e-09	3.724885e-10	1.329787e+01	2.386081e+01
5.140000e-06	1.787837e-09	3.658757e-10	1.299159e+01	2.360554e+01
5.150000e-06	1.745534e-09	3.606507e-10	1.268442e+01	2.334806e+01
5.160000e-06	1.703090e-09	3.572580e-10	1.237624e+01	2.308817e+01
5.170000e-06	1.660516e-09	3.535596e-10	1.206715e+01	2.282567e+01
5.180000e-06	1.617818e-09	3.497312e-10	1.175716e+01	2.256037e+01
5.190000e-06	1.574981e-09	3.452351e-10	1.144614e+01	2.229207e+01
5.200000e-06	1.532019e-09	3.416753e-10	1.113424e+01	2.202056e+01
5.210000e-06	1.488937e-09	3.391716e-10	1.082145e+01	2.174565e+01
5.220000e-06	1.445728e-09	3.349420e-10	1.050767e+01	2.146717e+01
5.230000e-06	1.402408e-09	3.288943e-10	1.019307e+01	2.118491e+01
5.240000e-06	1.359011e-09	3.220485e-10	9.877921e+00	2.089873e+01
5.250000e-06	1.315531e-09	3.139712e-10	9.562191e+00	2.060844e+01
5.260000e-06	1.271956e-09	3.060303e-10	9.245800e+00	2.031391e+01
5.270000e-06	1.228302e-09	3.018306e-10	8.928835e+00	2.001499e+01
5.280000e-06	1.184591e-09	3.012260e-10	8.611446e+00	1.971155e+01
5.290000e-06	1.140813e-09	3.010221e-10	8.293549e+00	1.940350e+01
5.300000e-06	1.096977e-09	2.995238e-10	7.975213e+00	1.909072e+01
5.310000e-06	1.053111e-09	2.944747e-10	7.656660e+00	1.877315e+01
5.320000e-06	1.009201e-09	2.867135e-10	7.337816e+00	1.845071e+01
5.330000e-06	9.652393e-10	2.775733e-10	7.018612e+00	1.812336e+01
5.340000e-06	9.212421e-10	2.676681e-10	6.699140e+00	1.779106e+01
5.350000e-06	8.772310e-10	2.593142e-10	6.379538e+00	1.745380e+01
5.360000e-06	8.332063e-10	2.549188e-10	6.059843e+00	1.711159e+01
5.370000e-06	7.891569e-10	2.543305e-10	5.739986e+00	1.676443e+01
5.380000e-06	7.450880e-10	2.546790e-10	5.419978e+00	1.641236e+01
5.390000e-06	7.010010e-10	2.528926e-10	5.099828e+00	1.605544e+01
5.400000e-06	6.568767e-10	2.466827e-10	4.779386e+00	1.569373e+01
5.410000e-06	6.127273e-10	2.386701e-10	4.458764e+00	1.532729e+01
5.420000e-06	5.685695e-10	2.308648e-10	4.138090e+00	1.495623e+01
5.430000e-06	5.243893e-10	2.228150e-10	3.817251e+00	1.458065e+01
5.440000e-06	4.801889e-10	2.160256e-10	3.496245e+00	1.420065e+01
5.450000e-06	4.359806e-10	2.139784e-10	3.175189e+00	1.381637e+01
5.460000e-06	3.917535e-10	2.142788e-10	2.854037e+00	1.342794e+01
5.470000e-06	3.474981e-10	2.106384e-10	2.532701e+00	1.303549e+01
5.480000e-06	3.032221e-10	2.018529e-10	2.211193e+00	1.263917e+01
5.490000e-06	2.589346e-10	1.924345e-10	1.889578e+00	1.223912e+01
5.500000e-06	2.146262e-10	1.855887e-10	1.567852e+00	1.183551e+01
5.510000e-06	1.703060e-10	1.794660e-10	1.246044e+00	1.142848e+01
5.520000e-06	1.259981e-10	1.721314e-10	9.243055e-01	1.101820e+01
5.530000e-06	8.169925e-11	1.644265e-10	6.026119e-01	1.060481e+01
5.540000e-06	3.739447e-11	1.587769e-10	2.808546e-01	1.018846e+01
5.550000e-06	-6.918664e-12	1.539946e-10	-4.096318e-02	9.769311e+00
5.560000e-06	-5.122380e-11	1.467491e-10	-3.626940e-01	9.347498e+00
5.570000e-06	-9.552136e-11	1.381400e-10	-6.843192e-01	8.923160e+00
5.580000e-06	-1.398238e-10	1.312068e-10	-1.005987e+00	8.496428e+00
5.590000e-06	-1.841294e-10	1.263022e-10	-1.327756e+00	8.067427e+00
5.600000e-06	-2.284199e-10	1.211652e-10	-1.649449e+00	7.636271e+00
5.610000e-06	-2.726938e-10	1.137489e-10	-1.970972e+00	7.203066e+00
5.620000e-06	-3.169550e-10	1.045771e-10	-2.292382e+00	6.767908e+00
5.630000e-06	-3.612028e-10	9.673095e-11	-2.613704e+00	6.330885e+00
5.640000e-06	-4.054288e-10	9.083348e-11	-2.934865e+00	5.892070e+00
5.650000e-06	-4.496158e-10	8.447482e-11	-3.255759e+00	5.451531e+00
5.660000e-06	-4.937880e-10	7.712845e-11	-3.576534e+00	5.009322e+00
5.670000e-06	-5.379505e-10	7.020570e-11	-3.897208e+00	4.565486e+00
5.680000e-06	-5.820850e-10	6.418565e-11	-4.217694e+00	4.120059e+00
5.690000e-06	-6.261968e-10	5.774143e-11	-4.538037e+00	3.673065e+00
5.700000e-06	-6.702919e-10	4.931923e-11	-4.858267e+00	3.224518e+00
5.710000e-06	-7.143744e-10	3.988574e-11	-5.178389e+00	2.774424e+00
5.720000e-06	-7.584397e-10	3.200658e-11	-5.498390e+00	2.322782e+00
5.730000e-06	-8.024857e-10	2.544521e-11	-5.818252e+00	1.869581e+00
5.740000e-06	-8.465100e-10	1.937519e-11	-6.137944e+00	1.414806e+00
5.750000e-06	-8.905022e-10	1.380007e-11	-6.457420e+00	9.584357e-01
5.760000e-06	-9.344633e-10	8.741039e-12	-6.776666e+00	5.004444e-01
5.770000e-06	-9.783951e-10	2.916716e-12	-7.095674e+00	4.080316e-02
5.780000e-06	-1.022287e-09	-4.381942e-12	-7.414399e+00	-4.205193e-01
5.790000e-06	-1.066127e-09	-1.327997e-11	-7.732759e+00	-8.835551e-01
5.800000e-06	-1.109914e-09	-2.248838e-11	-8.050729e+00	-1.348336e+00
5.810000e-06	-1.153647e-09	-2.974967e-11	-8.368317e+00	-1.814893e+00
5.820000e-06	-1.197315e-09	-3.561057e-11	-8.685479e+00	-2.283252e+00
5.830000e-06	-1.240902e-09	-4.266479e-11	-9.002043e+00	-2.753439e+00
5.840000e-06	-1.284403e-09	-5.016534e-11	-9.317959e+00	-3.225472e+00
5.850000e-06	-1.327832e-09	-5.630450e-11	-9.633322e+00	-3.699363e+00
5.860000e-06	-1.371177e-09	-6.255103e-11	-9.948062e+00	-4.175118e+00
5.870000e-06	-1.414426e-09	-7.076102e-11	-1.026211e+01	-4.652734e+00
5.880000e-06	-1.457549e-09	-8.052736e-11	-1.057528e+01	-5.132198e+00
5.890000e-06	-1.500531e-09	-8.917665e-11	-1.088746e+01	-5.613489e+00
5.900000e-06	-1.543389e-09	-9.663646e-11	-1.119874e+01	-6.096574e+00
5.910000e-06	-1.586119e-09	-1.039916e-10	-1.150908e+01	-6.581407e+00
5.920000e-06	-1.628728e-09	-1.109656e-10	-1.181854e+01	-7.067933e+00
5.930000e-06	-1.671220e-09	-1.175431e-10	-1.212719e+01	-7.556082e+00
5.940000e-06	-1.713603e-09	-1.239013e-10	-1.243507e+01	-8.045772e+00
5.950000e-06	-1.755875e-09	-1.302903e-10	-1.274207e+01	-8.536908e+00
5.960000e-06	-1.798024e-09	-1.374885e-10	-1.304819e+01	-9.029382e+00
5.970000e-06	-1.840066e-09	-1.444379e-10	-1.335352e+01	-9.523072e+00
5.980000e-06	-1.882002e-09	-1.504624e-10	-1.365807e+01	-1.001784e+01
5.990000e-06	-1.923832e-09	-1.567240e-10	-1.396184e+01	-1.051355e+01
6.000000e-06	-1.965545e-09	-1.648473e-10	-1.426476e+01	-1.101003e+01
6.010000e-06	-2.007121e-09	-1.750433e-10	-1.456669e+01	-1.150712e+01
6.020000e-06	-2.048527e-09	-1.842424e-10	-1.486741e+01	-1.200463e+01
6.030000e-06	-2.089775e-09	-1.905863e-10	-1.516699e+01	-1.250237e+01
6.040000e-06	-2.130855e-09	-1.965013e-10	-1.546536e+01	-1.300013e+01
6.050000e-06	-2.171741e-09	-2.031073e-10	-1.576234e+01	-1.349771e+01
6.060000e-06	-2.212449e-09	-2.085182e-10	-1.605806e+01	-1.399489e+01
6.070000e-06	-2.252975e-09	-2.133275e-10	-1.635243e+01	-1.449143e+01
6.080000e-06	-2.293350e-09	-2.200267e-10	-1.664569e+01	-1.498711e+01
6.090000e-06	-2.333615e-09	-2.285790e-10	-1.693813e+01	-1.548169e+01
6.100000e-06	-2.373783e-09	-2.369097e-10	-1.722985e+01	-1.597493e+01
6.110000e-06	-2.413878e-09	-2.443464e-10	-1.752101e+01	-1.646659e+01
6.120000e-06	-2.453907e-09	-2.520460e-10	-1.781170e+01	-1.695642e+01
6.130000e-06	-2.493856e-09	-2.598051e-10	-1.810181e+01	-1.744419e+01
6.140000e-06	-2.533714e-09	-2.655215e-10	-1.839129e+01	-1.792965e+01
6.150000e-06	-2.573451e-09	-2.692044e-10	-1.867991e+01	-1.841256e+01
6.160000e-06	-2.613032e-09	-2.737515e-10	-1.896740e+01	-1.889269e+01
6.170000e-06	-2.652420e-09	-2.810285e-10	-1.925349e+01	-1.936981e+01
6.180000e-06	-2.691574e-09	-2.899008e-10	-1.953792e+01	-1.984369e+01
6.190000e-06	-2.730477e-09	-2.986429e-10	-1.982055e+01	-2.031412e+01
6.200000e-06	-2.769050e-09	-3.076498e-10	-2.010078e+01	-2.078090e+01
6.210000e-06	-2.807247e-09	-3.171705e-10	-2.037823e+01	-2.124381e+01
6.220000e-06	-2.845107e-09	-3.247561e-10	-2.065314e+01	-2.170268e+01
6.230000e-06	-2.882617e-09	-3.291725e-10	-2.092557e+01	-2.215733e+01
6.240000e-06	-2.919777e-09	-3.321549e-10	-2.119551e+01	-2.260758e+01
6.250000e-06	-2.956620e-09	-3.374658e-10	-2.146310e+01	-2.305330e+01
6.260000e-06	-2.993195e-09	-3.457546e-10	-2.172870e+01	-2.349432e+01
6.270000e-06	-3.029565e-09	-3.549655e-10	-2.199287e+01	-2.393053e+01
6.280000e-06	-3.065786e-09	-3.633105e-10	-2.225600e+01	-2.436180e+01
6.290000e-06	-3.101885e-09	-3.718058e-10	-2.251819e+01	-2.478804e+01
6.300000e-06	-3.137869e-09	-3.798536e-10	-2.277953e+01	-2.520916e+01
6.310000e-06	-3.173744e-09	-3.846713e-10	-2.304009e+01	-2.562507e+01
6.320000e-06	-3.209479e-09	-3.869732e-10	-2.329966e+01	-2.603572e+01
6.330000e-06	-3.245018e-09	-3.901454e-10	-2.355782e+01	-2.644105e+01
6.340000e-06	-3.280312e-09	-3.965308e-10	-2.381418e+01	-2.684103e+01
6.350000e-06	-3.315355e-09	-4.053530e-10	-2.406872e+01	-2.723564e+01
6.360000e-06	-3.350162e-09	-4.140049e-10	-2.432153e+01	-2.762485e+01
6.370000e-06	-3.384715e-09	-4.216361e-10	-2.457247e+01	-2.800866e+01
6.380000e-06	-3.419022e-09	-4.297185e-10	-2.482161e+01	-2.838708e+01
6.390000e-06	-3.453105e-09	-4.367994e-10	-2.506912e+01	-2.876014e+01
6.400000e-06	-3.486973e-09	-4.407376e-10	-2.531510e+01	-2.912784e+01
6.410000e-06	-3.520612e-09	-4.441388e-10	-2.555945e+01	-2.949024e+01
6.420000e-06	-3.553988e-09	-4.490540e-10	-2.580191e+01	-2.984736e+01
6.430000e-06	-3.587082e-09	-4.551462e-10	-2.604231e+01	-3.019926e+01
6.440000e-06	-3.619905e-09	-4.605457e-10	-2.628069e+01	-3.054599e+01
6.450000e-06	-3.652468e-09	-4.652962e-10	-2.651718e+01	-3.088760e+01
6.460000e-06	-3.684810e-09	-4.715612e-10	-2.675206e+01	-3.122416e+01
6.470000e-06	-3.716981e-09	-4.777737e-10	-2.698569e+01	-3.155573e+01
6.480000e-06	-3.748988e-09	-4.827252e-10	-2.721816e+01	-3.188238e+01
6.490000e-06	-3.780818e-09	-4.871283e-10	-2.744935e+01	-3.220417e+01
6.500000e-06	-3.812433e-09	-4.916877e-10	-2.767903e+01	-3.252116e+01
6.510000e-06	-3.843761e-09	-4.968761e-10	-2.790663e+01	-3.283343e+01
6.520000e-06	-3.874742e-09	-5.015791e-10	-2.813167e+01	-3.314103e+01
6.530000e-06	-3.905305e-09	-5.045360e-10	-2.835367e+01	-3.344402e+01
6.540000e-06	-3.935413e-09	-5.068317e-10	-2.857235e+01	-3.374247e+01
6.550000e-06	-3.965062e-09	-5.099707e-10	-2.878771e+01	-3.403642e+01
6.560000e-06	-3.994256e-09	-5.143068e-10	-2.899980e+01	-3.432591e+01
6.570000e-06	-4.023067e-09	-5.184761e-10	-2.920908e+01	-3.461101e+01
6.580000e-06	-4.051582e-09	-5.231684e-10	-2.941615e+01	-3.489173e+01
6.590000e-06	-4.079864e-09	-5.297060e-10	-2.962152e+01	-3.516812e+01
6.600000e-06	-4.107965e-09	-5.366645e-10	-2.982559e+01	-3.544020e+01
6.610000e-06	-4.135900e-09	-5.400119e-10	-3.002848e+01	-3.570799e+01
6.620000e-06	-4.163653e-09	-5.397504e-10	-3.023010e+01	-3.597149e+01
6.630000e-06	-4.191165e-09	-5.403587e-10	-3.042996e+01	-3.623072e+01
6.640000e-06	-4.218364e-09	-5.444511e-10	-3.062753e+01	-3.648567e+01
6.650000e-06	-4.245242e-09	-5.488611e-10	-3.082276e+01	-3.673634e+01
6.660000e-06	-4.271807e-09	-5.526765e-10	-3.101571e+01	-3.698270e+01
6.670000e-06	-4.298065e-09	-5.592054e-10	-3.120644e+01	-3.722474e+01
6.680000e-06	-4.324035e-09	-5.681158e-10	-3.139506e+01	-3.746243e+01
6.690000e-06	-4.349691e-09	-5.757166e-10	-3.158140e+01	-3.769573e+01
6.700000e-06	-4.375011e-09	-5.784864e-10	-3.176534e+01	-3.792461e+01
6.710000e-06	-4.400000e-09	-5.777737e-10	-3.194689e+01	-3.814902e+01
6.720000e-06	-4.424674e-09	-5.776616e-10	-3.212614e+01	-3.836891e+01
6.730000e-06	-4.449093e-09	-5.801315e-10	-3.230353e+01	-3.858423e+01
6.740000e-06	-4.473317e-09	-5.847830e-10	-3.247948e+01	-3.879492e+01
6.750000e-06	-4.497360e-09	-5.907698e-10	-3.265410e+01	-3.900092e+01
6.760000e-06	-4.521210e-09	-5.970083e-10	-3.282738e+01	-3.920218e+01
6.770000e-06	-4.544793e-09	-6.020954e-10	-3.299873e+01	-3.939863e+01
6.780000e-06	-4.568015e-09	-6.047872e-10	-3.316749e+01	-3.959020e+01
6.790000e-06	-4.590812e-09	-6.062193e-10	-3.333322e+01	-3.977684e+01
6.800000e-06	-4.613100e-09	-6.085683e-10	-3.349530e+01	-3.995848e+01
6.810000e-06	-4.634852e-09	-6.122631e-10	-3.365343e+01	-4.013507e+01
6.820000e-06	-4.656108e-09	-6.166373e-10	-3.380792e+01	-4.030654e+01
6.830000e-06	-4.676905e-09	-6.209124e-10	-3.395903e+01	-4.047284e+01
6.840000e-06	-4.697345e-09	-6.243791e-10	-3.410751e+01	-4.063391e+01
6.850000e-06	-4.717556e-09	-6.270906e-10	-3.425431e+01	-4.078973e+01
6.860000e-06	-4.737576e-09	-6.294366e-10	-3.439972e+01	-4.094023e+01
6.870000e-06	-4.757386e-09	-6.311650e-10	-3.454361e+01	-4.108539e+01
6.880000e-06	-4.776934e-09	-6.323240e-10	-3.468561e+01	-4.122519e+01
6.890000e-06	-4.796131e-09	-6.328946e-10	-3.482506e+01	-4.135960e+01
6.900000e-06	-4.814949e-09	-6.339031e-10	-3.496180e+01	-4.148860e+01
6.910000e-06	-4.833451e-09	-6.348714e-10	-3.509624e+01	-4.161221e+01
6.920000e-06	-4.851666e-09	-6.355813e-10	-3.522857e+01	-4.173041e+01
6.930000e-06	-4.869576e-09	-6.366797e-10	-3.535868e+01	-4.184324e+01
6.940000e-06	-4.887155e-09	-6.395230e-10	-3.548636e+01	-4.195070e+01
6.950000e-06	-4.904394e-09	-6.441739e-10	-3.561159e+01	-4.205284e+01
6.960000e-06	-4.921279e-09	-6.488574e-10	-3.573431e+01	-4.214971e+01
6.970000e-06	-4.937830e-09	-6.525641e-10	-3.585460e+01	-4.224136e+01
6.980000e-06	-4.954118e-09	-6.535565e-10	-3.597292e+01	-4.232786e+01
6.990000e-06	-4.970182e-09	-6.525843e-10	-3.608962e+01	-4.240928e+01
7.000000e-06	-4.986002e-09	-6.514805e-10	-3.620461e+01	-4.248572e+01
7.010000e-06	-5.001478e-09	-6.521931e-10	-3.631716e+01	-4.255728e+01
7.020000e-06	-5.016458e-09	-6.549957e-10	-3.642612e+01	-4.262407e+01
7.030000e-06	-5.030841e-09	-6.576979e-10	-3.653071e+01	-4.268621e+01
7.040000e-06	-5.044633e-09	-6.598174e-10	-3.663106e+01	-4.274383e+01
7.050000e-06	-5.057884e-09	-6.625809e-10	-3.672746e+01	-4.279708e+01
7.060000e-06	-5.070663e-09	-6.653018e-10	-3.682034e+01	-4.284611e+01
7.070000e-06	-5.083059e-09	-6.656098e-10	-3.691039e+01	-4.289108e+01
7.080000e-06	-5.095131e-09	-6.630047e-10	-3.699808e+01	-4.293215e+01
7.090000e-06	-5.106870e-09	-6.615195e-10	-3.708340e+01	-4.296952e+01
7.100000e-06	-5.118241e-09	-6.633766e-10	-3.716607e+01	-4.300335e+01
7.110000e-06	-5.129237e-09	-6.657658e-10	-3.724596e+01	-4.303386e+01
7.120000e-06	-5.139856e-09	-6.671861e-10	-3.732309e+01	-4.306122e+01
7.130000e-06	-5.150130e-09	-6.691243e-10	-3.739769e+01	-4.308565e+01
7.140000e-06	-5.160091e-09	-6.720973e-10	-3.747001e+01	-4.310735e+01
7.150000e-06	-5.169696e-09	-6.744313e-10	-3.753979e+01	-4.312653e+01
7.160000e-06	-5.178905e-09	-6.726907e-10	-3.760668e+01	-4.314340e+01
7.170000e-06	-5.187730e-09	-6.686852e-10	-3.767077e+01	-4.315819e+01
7.180000e-06	-5.196226e-09	-6.669579e-10	-3.773248e+01	-4.317109e+01
7.190000e-06	-5.204460e-09	-6.678288e-10	-3.779227e+01	-4.318232e+01
7.200000e-06	-5.212473e-09	-6.677260e-10	-3.785046e+01	-4.319210e+01
7.210000e-06	-5.220265e-09	-6.659391e-10	-3.790708e+01	-4.320063e+01
7.220000e-06	-5.227740e-09	-6.651890e-10	-3.796147e+01	-4.320812e+01
7.230000e-06	-5.234782e-09	-6.675539e-10	-3.801272e+01	-4.321476e+01
7.240000e-06	-5.241288e-09	-6.716617e-10	-3.806009e+01	-4.322074e+01
7.250000e-06	-5.247196e-09	-6.742242e-10	-3.810312e+01	-4.322625e+01
7.260000e-06	-5.252541e-09	-6.743085e-10	-3.814205e+01	-4.323147e+01
7.270000e-06	-5.257398e-09	-6.725842e-10	-3.817736e+01	-4.323655e+01
7.280000e-06	-5.261867e-09	-6.700836e-10	-3.820981e+01	-4.324167e+01
7.290000e-06	-5.266048e-09	-6.662723e-10	-3.824018e+01	-4.324695e+01
7.300000e-06	-5.269995e-09	-6.621398e-10	-3.826885e+01	-4.325254e+01
7.310000e-06	-5.273691e-09	-6.608511e-10	-3.829572e+01	-4.325854e+01
7.320000e-06	-5.277051e-09	-6.646227e-10	-3.832020e+01	-4.326508e+01
7.330000e-06	-5.280023e-09	-6.705057e-10	-3.834183e+01	-4.327223e+01
7.340000e-06	-5.282629e-09	-6.725318e-10	-3.836077e+01	-4.328007e+01
7.350000e-06	-5.284908e-09	-6.698935e-10	-3.837735e+01	-4.328866e+01
7.360000e-06	-5.286895e-09	-6.668531e-10	-3.839184e+01	-4.329804e+01
7.370000e-06	-5.288539e-09	-6.641530e-10	-3.840394e+01	-4.330824e+01
7.380000e-06	-5.289718e-09	-6.617529e-10	-3.841270e+01	-4.331927e+01
7.390000e-06	-5.290514e-09	-6.602247e-10	-3.841853e+01	-4.333111e+01
7.400000e-06	-5.291037e-09	-6.600626e-10	-3.842227e+01	-4.334375e+01
